frame - 0
1
533 438 16 22
frame - 1
1
533 439 15 20
frame - 2
1
533 439 15 20
frame - 3
0
frame - 4
1
1247 485 19 24
frame - 5
1
1249 485 17 23
frame - 6
2
1257 485 19 23
1250 486 17 21
frame - 7
1
1257 482 20 23
frame - 8
2
1256 484 20 24
1170 464 20 22
frame - 9
1
1256 485 21 26
frame - 10
1
678 445 11 13
frame - 11
1
1260 485 19 26
frame - 12
1
1264 488 15 24
frame - 13
0
frame - 14
0
frame - 15
1
1068 454 16 24
frame - 16
1
1069 454 17 25
frame - 17
1
1070 457 17 27
frame - 18
2
1070 452 19 32
543 447 12 20
frame - 19
2
1069 452 20 32
544 448 12 18
frame - 20
2
1069 452 20 32
544 448 12 18
frame - 21
1
544 448 13 19
frame - 22
1
543 447 14 19
frame - 23
1
544 447 14 19
frame - 24
1
546 448 12 18
frame - 25
1
546 448 12 19
frame - 26
1
546 448 12 19
frame - 27
1
548 449 12 18
frame - 28
1
548 448 12 19
frame - 29
1
548 448 13 18
frame - 30
1
549 448 13 19
frame - 31
1
550 447 12 19
frame - 32
1
550 447 13 19
frame - 33
2
549 447 14 19
1079 458 19 25
frame - 34
1
550 447 13 19
frame - 35
0
frame - 36
1
551 448 12 19
frame - 37
1
552 449 12 18
frame - 38
1
552 449 12 18
frame - 39
0
frame - 40
0
frame - 41
0
frame - 42
0
frame - 43
0
frame - 44
0
frame - 45
0
frame - 46
0
frame - 47
0
frame - 48
0
frame - 49
0
frame - 50
0
frame - 51
0
frame - 52
0
frame - 53
0
frame - 54
0
frame - 55
0
frame - 56
0
frame - 57
0
frame - 58
0
frame - 59
0
frame - 60
1
1091 452 23 34
frame - 61
1
422 432 13 19
frame - 62
0
frame - 63
0
frame - 64
0
frame - 65
1
420 426 17 25
frame - 66
2
1103 456 15 21
419 425 18 26
frame - 67
2
1105 457 14 18
419 424 18 27
frame - 68
1
1100 453 19 24
frame - 69
2
1101 453 19 24
1192 441 24 24
frame - 70
2
1194 441 25 24
1107 457 14 17
frame - 71
1
1196 440 26 26
frame - 72
1
425 425 17 25
frame - 73
2
1196 440 25 26
426 426 16 24
frame - 74
2
1199 441 23 25
426 425 16 25
frame - 75
2
1197 442 23 24
426 425 16 25
frame - 76
1
426 427 16 23
frame - 77
2
1198 441 25 24
1202 438 22 21
frame - 78
1
1201 441 26 26
frame - 79
0
frame - 80
0
frame - 81
1
355 393 20 39
frame - 82
2
1174 460 20 24
353 393 21 38
frame - 83
1
424 418 20 31
frame - 84
1
423 418 21 31
frame - 85
1
423 416 21 32
frame - 86
0
frame - 87
0
frame - 88
1
425 420 19 29
frame - 89
0
frame - 90
1
428 431 19 27
frame - 91
1
429 431 19 28
frame - 92
1
430 432 18 26
frame - 93
1
431 433 18 26
frame - 94
2
431 433 19 25
574 446 13 18
frame - 95
3
325 387 21 36
431 433 18 25
574 446 13 18
frame - 96
2
574 445 13 19
430 428 19 28
frame - 97
2
432 432 18 25
575 446 13 18
frame - 98
2
433 434 17 24
576 446 13 18
frame - 99
2
432 432 18 26
577 446 14 18
frame - 100
2
433 432 17 25
577 446 14 18
frame - 101
2
433 434 17 24
578 447 14 18
frame - 102
2
578 446 14 19
433 434 17 23
frame - 103
1
579 446 14 18
frame - 104
1
579 446 14 18
frame - 105
1
580 446 14 19
frame - 106
3
1195 461 26 33
580 447 14 18
372 412 13 18
frame - 107
3
1195 460 26 33
581 447 13 19
372 412 13 19
frame - 108
3
1197 460 25 33
581 447 13 18
372 412 14 18
frame - 109
2
581 447 14 18
372 412 14 18
frame - 110
3
1199 460 25 34
582 448 14 18
1130 455 27 31
frame - 111
4
1202 460 25 33
582 447 15 19
443 431 20 28
1138 451 24 35
frame - 112
4
1202 461 25 33
1222 449 23 28
583 447 14 20
442 433 20 26
frame - 113
3
1203 461 25 32
583 448 14 19
443 433 21 26
frame - 114
3
1205 460 25 34
443 427 22 30
582 448 14 18
frame - 115
3
1205 462 27 32
444 426 22 32
583 448 14 18
frame - 116
4
1206 461 26 33
444 427 22 31
583 448 14 19
1143 450 26 37
frame - 117
3
1208 461 25 33
445 425 22 33
1143 451 26 37
frame - 118
4
1208 461 26 32
1145 450 25 36
446 424 22 34
583 448 14 18
frame - 119
3
1211 465 24 28
447 427 21 31
584 448 13 18
frame - 120
1
447 425 21 33
frame - 121
3
1217 465 19 25
447 427 20 30
584 449 14 18
frame - 122
2
1218 465 20 26
450 432 18 26
frame - 123
3
1220 465 20 25
451 432 17 26
766 439 11 12
frame - 124
3
1218 462 22 30
451 429 19 27
766 439 11 13
frame - 125
3
1220 466 21 26
452 428 20 28
766 439 11 13
frame - 126
3
1220 466 24 28
453 430 19 26
588 448 14 18
frame - 127
2
1222 465 24 29
455 431 17 25
frame - 128
2
454 428 19 27
1224 466 22 26
frame - 129
5
1163 449 21 35
455 426 20 30
1224 465 24 28
589 447 15 19
767 437 13 14
frame - 130
5
1224 461 26 32
1166 449 20 34
455 425 20 30
590 447 14 19
769 438 12 13
frame - 131
4
1224 461 27 32
591 447 14 19
456 427 19 28
1167 449 19 34
frame - 132
4
1167 449 20 34
1227 460 26 33
591 447 13 20
457 431 17 25
frame - 133
3
1228 461 27 32
1168 450 20 33
458 434 17 23
frame - 134
4
1231 460 25 33
592 446 14 20
721 486 14 18
771 438 12 13
frame - 135
4
1232 460 25 32
593 446 14 20
1169 451 23 32
459 436 16 21
frame - 136
2
1170 451 23 32
1229 461 25 27
frame - 137
3
1230 458 29 34
1170 450 24 33
594 445 14 19
frame - 138
2
1171 450 24 33
594 445 14 19
frame - 139
4
1173 450 24 33
772 437 13 13
461 435 17 22
594 444 15 20
frame - 140
4
900 436 10 14
595 445 15 19
1173 450 24 33
772 437 13 13
frame - 141
2
901 436 11 14
462 435 17 21
frame - 142
1
462 434 17 21
frame - 143
2
595 442 16 19
726 486 15 18
frame - 144
2
1237 458 33 37
1178 450 23 33
frame - 145
2
1239 459 32 35
466 436 16 20
frame - 146
3
1241 459 30 34
466 436 16 20
596 442 15 19
frame - 147
4
1242 459 31 35
1181 450 25 33
466 436 16 20
597 442 15 19
frame - 148
1
1182 450 25 33
frame - 149
2
1183 450 26 33
467 435 16 20
frame - 150
2
1185 451 24 32
468 436 16 20
frame - 151
2
1185 450 25 33
468 437 16 19
frame - 152
1
1186 449 25 34
frame - 153
1
1190 450 22 32
frame - 154
2
469 437 16 18
1191 451 26 31
frame - 155
2
1192 450 25 33
470 436 15 19
frame - 156
1
1192 450 25 33
frame - 157
0
frame - 158
1
275 421 19 34
frame - 159
0
frame - 160
0
frame - 161
1
474 436 16 20
frame - 162
1
473 439 17 18
frame - 163
1
473 439 17 18
frame - 164
2
1205 459 19 26
474 439 16 18
frame - 165
2
1204 459 20 27
474 439 15 18
frame - 166
3
1208 461 19 26
475 439 16 18
733 488 15 18
frame - 167
3
1210 460 20 27
476 438 16 19
605 444 16 20
frame - 168
2
1211 459 19 27
475 439 15 18
frame - 169
1
475 439 16 18
frame - 170
1
475 438 16 19
frame - 171
3
607 445 14 18
1214 458 19 29
476 435 15 21
frame - 172
2
608 445 14 19
476 432 16 23
frame - 173
1
608 445 15 18
frame - 174
2
607 444 15 19
476 433 16 23
frame - 175
4
1215 458 20 28
606 444 16 19
476 433 16 23
282 419 10 20
frame - 176
3
1215 457 22 29
607 444 16 20
281 419 11 20
frame - 177
4
1215 457 22 30
475 432 18 24
608 445 15 19
281 417 12 21
frame - 178
3
1217 458 20 29
476 435 17 23
607 444 17 20
frame - 179
2
476 431 18 26
608 445 16 20
frame - 180
4
1222 456 22 32
282 418 12 20
610 447 15 20
480 435 14 22
frame - 181
5
1223 456 21 32
610 448 15 19
283 419 10 19
479 435 15 23
918 441 12 16
frame - 182
4
1226 458 20 30
611 448 15 19
282 419 11 19
919 442 11 15
frame - 183
3
611 447 16 19
478 435 16 24
1226 458 21 30
frame - 184
3
1227 458 19 30
611 447 16 20
478 438 15 22
frame - 185
3
1227 458 21 29
612 448 16 19
478 438 16 22
frame - 186
3
1228 455 21 37
612 447 16 19
477 438 16 22
frame - 187
3
1229 457 20 31
611 447 17 20
476 436 18 24
frame - 188
3
1228 456 22 36
611 448 17 19
476 438 17 22
frame - 189
3
1229 458 22 29
611 449 18 20
475 437 17 23
frame - 190
2
1231 457 22 35
612 449 17 19
frame - 191
1
1230 458 24 35
frame - 192
2
1231 459 24 34
475 436 17 24
frame - 193
3
1233 459 24 34
474 436 19 25
928 444 11 15
frame - 194
3
928 442 12 17
474 436 19 25
1233 460 24 33
frame - 195
3
1235 466 23 28
474 436 18 25
928 442 12 16
frame - 196
3
1236 466 22 28
928 443 12 15
474 436 18 24
frame - 197
3
1236 466 24 29
474 434 20 27
929 443 11 15
frame - 198
3
1238 468 23 28
930 442 11 16
473 434 20 27
frame - 199
3
930 442 12 16
473 433 21 28
1240 467 22 29
frame - 200
2
931 442 12 16
474 436 19 25
frame - 201
2
1235 464 27 32
931 441 12 16
frame - 202
2
474 436 19 24
931 442 12 16
frame - 203
3
1239 460 28 40
474 436 19 24
931 441 12 17
frame - 204
2
474 436 18 24
1241 459 25 37
frame - 205
1
474 435 19 25
frame - 206
2
473 434 20 26
1243 458 25 39
frame - 207
2
1244 458 26 38
474 433 19 27
frame - 208
3
1243 459 27 38
474 435 19 25
935 442 11 16
frame - 209
3
1244 458 26 39
474 434 18 26
936 441 12 17
frame - 210
3
1244 458 27 39
474 433 18 26
936 441 12 16
frame - 211
3
474 434 18 25
1246 458 27 40
935 441 13 17
frame - 212
1
474 434 18 25
frame - 213
2
474 434 18 25
937 441 12 17
frame - 214
1
474 431 19 27
frame - 215
1
474 432 19 26
frame - 216
1
474 433 19 26
frame - 217
1
474 432 20 26
frame - 218
2
475 433 19 25
629 455 16 19
frame - 219
1
475 432 19 26
frame - 220
1
475 433 19 25
frame - 221
1
476 433 19 25
frame - 222
2
475 432 20 25
632 455 16 19
frame - 223
2
475 430 20 27
632 456 16 18
frame - 224
2
474 429 21 28
633 456 16 18
frame - 225
3
474 429 21 28
633 456 16 17
770 427 14 13
frame - 226
3
475 429 21 28
771 426 14 14
633 455 16 17
frame - 227
3
475 429 21 28
771 426 14 14
634 454 16 18
frame - 228
3
474 429 21 28
901 426 10 16
770 426 13 14
frame - 229
3
476 433 20 26
902 426 11 16
769 425 14 14
frame - 230
2
477 436 19 23
903 426 11 16
frame - 231
1
477 435 19 24
frame - 232
4
475 432 21 26
770 426 14 13
901 425 11 17
636 452 16 17
frame - 233
3
478 434 19 24
902 424 12 18
637 454 15 18
frame - 234
2
903 425 10 17
479 437 18 22
frame - 235
3
902 425 11 17
642 451 15 19
479 436 18 23
frame - 236
1
642 451 15 19
frame - 237
0
frame - 238
1
643 452 15 18
frame - 239
2
480 436 19 23
643 454 16 18
frame - 240
2
478 433 21 26
644 454 15 18
frame - 241
3
479 432 21 27
903 427 11 15
645 454 15 18
frame - 242
2
480 434 20 25
645 454 16 18
frame - 243
3
646 455 15 18
481 444 18 20
902 426 12 16
frame - 244
3
481 445 18 19
646 454 15 19
902 427 13 15
frame - 245
2
480 434 20 25
903 427 12 15
frame - 246
1
647 455 17 18
frame - 247
1
648 454 17 18
frame - 248
2
648 454 17 18
483 434 19 24
frame - 249
2
483 434 19 25
650 455 16 18
frame - 250
1
650 456 15 18
frame - 251
1
650 457 16 17
frame - 252
1
651 457 15 17
frame - 253
1
652 456 16 17
frame - 254
3
652 456 16 17
484 435 21 29
924 479 13 16
frame - 255
2
655 456 16 18
485 437 21 27
frame - 256
2
655 456 16 19
485 435 21 29
frame - 257
2
655 456 16 18
486 435 21 29
frame - 258
2
656 456 16 18
487 435 21 29
frame - 259
1
656 456 16 19
frame - 260
1
656 455 16 19
frame - 261
3
656 455 17 19
21 404 19 45
487 432 24 33
frame - 262
2
488 433 25 32
657 455 17 19
frame - 263
2
491 436 22 29
657 455 17 19
frame - 264
2
490 434 24 31
656 456 17 19
frame - 265
2
491 435 23 30
657 456 16 19
frame - 266
2
491 435 23 30
657 457 17 19
frame - 267
2
493 436 22 30
657 457 17 18
frame - 268
2
493 435 23 31
659 457 15 19
frame - 269
2
495 435 21 31
659 455 17 20
frame - 270
2
661 455 16 20
496 439 21 28
frame - 271
2
497 436 22 30
662 457 16 19
frame - 272
1
498 438 21 28
frame - 273
1
664 457 16 19
frame - 274
2
665 457 15 19
500 444 20 28
frame - 275
2
666 458 14 18
501 445 21 27
frame - 276
1
666 457 14 19
frame - 277
1
666 457 15 20
frame - 278
2
498 436 24 31
666 456 16 20
frame - 279
2
499 435 24 32
666 457 16 20
frame - 280
2
500 435 23 31
666 456 16 21
frame - 281
2
502 434 22 32
666 456 16 21
frame - 282
2
666 457 17 21
503 435 21 31
frame - 283
3
503 434 24 33
665 457 18 21
60 386 21 49
frame - 284
2
504 434 23 33
667 457 16 21
frame - 285
2
507 436 22 31
668 458 16 20
frame - 286
2
508 437 22 30
670 459 16 19
frame - 287
1
670 458 17 20
frame - 288
2
509 438 23 33
668 457 19 21
frame - 289
2
668 457 19 21
509 438 24 32
frame - 290
1
669 458 18 20
frame - 291
2
670 458 18 20
511 436 25 31
frame - 292
2
671 457 17 21
513 441 23 31
frame - 293
2
671 457 17 21
517 438 21 28
frame - 294
1
671 458 18 21
frame - 295
2
672 458 17 20
518 437 21 29
frame - 296
1
672 458 18 21
frame - 297
1
673 458 18 20
frame - 298
2
674 457 17 21
523 436 21 30
frame - 299
2
673 458 17 20
526 434 19 31
frame - 300
2
525 432 21 32
672 459 17 20
frame - 301
2
673 459 17 20
527 433 20 31
frame - 302
2
527 432 20 32
673 459 17 20
frame - 303
2
527 431 21 33
674 459 17 20
frame - 304
2
529 433 20 31
674 459 17 20
frame - 305
2
674 459 18 20
530 433 20 31
frame - 306
2
529 433 21 31
674 459 18 20
frame - 307
2
529 432 22 32
674 458 19 21
frame - 308
2
530 432 21 33
675 459 18 20
frame - 309
2
675 459 18 20
535 433 17 28
frame - 310
2
534 434 19 31
676 460 17 20
frame - 311
2
536 435 17 30
676 462 17 20
frame - 312
2
536 436 18 30
675 462 17 21
frame - 313
2
675 462 17 21
537 437 17 29
frame - 314
2
536 437 19 29
675 461 17 22
frame - 315
2
538 437 18 29
676 462 18 21
frame - 316
2
538 437 18 29
677 463 16 20
frame - 317
2
537 436 19 30
677 463 16 20
frame - 318
1
536 435 20 32
frame - 319
0
frame - 320
0
frame - 321
1
537 433 23 33
frame - 322
1
538 432 23 35
frame - 323
2
538 433 23 34
679 464 18 21
frame - 324
1
540 434 21 33
frame - 325
1
543 435 20 32
frame - 326
1
544 436 20 31
frame - 327
1
680 464 18 20
frame - 328
2
549 435 17 31
680 464 18 20
frame - 329
2
547 434 20 32
679 463 19 22
frame - 330
2
546 433 21 33
680 464 19 21
frame - 331
2
546 433 22 33
680 464 20 21
frame - 332
2
544 434 23 33
681 464 18 20
frame - 333
2
545 434 23 33
681 464 19 21
frame - 334
1
681 463 20 22
frame - 335
2
680 463 21 22
548 435 21 31
frame - 336
2
548 434 22 32
681 463 20 23
frame - 337
2
547 435 23 31
682 463 19 23
frame - 338
1
682 464 20 22
frame - 339
1
682 464 20 22
frame - 340
2
682 464 20 22
547 438 23 30
frame - 341
2
683 464 19 22
547 439 24 29
frame - 342
2
547 438 24 30
684 465 19 21
frame - 343
2
684 465 19 20
548 439 23 30
frame - 344
1
683 464 19 21
frame - 345
2
684 464 19 21
548 439 24 30
frame - 346
2
549 439 24 30
684 464 19 21
frame - 347
1
685 465 18 20
frame - 348
1
549 436 25 36
frame - 349
1
685 464 19 22
frame - 350
2
686 466 19 20
550 437 24 35
frame - 351
1
687 466 18 20
frame - 352
1
687 466 19 21
frame - 353
1
688 465 20 21
frame - 354
1
690 465 19 21
frame - 355
1
691 464 21 22
frame - 356
2
551 437 24 35
691 464 21 21
frame - 357
2
551 437 24 36
692 463 20 23
frame - 358
2
552 437 24 36
692 464 20 23
frame - 359
2
552 438 24 36
691 464 23 24
frame - 360
3
555 442 23 32
692 465 21 22
596 419 15 21
frame - 361
2
555 443 23 32
691 464 23 23
frame - 362
2
554 442 24 32
692 464 23 24
frame - 363
2
554 441 24 34
692 464 23 24
frame - 364
2
555 441 23 34
692 464 24 24
frame - 365
3
555 441 24 33
692 466 25 26
670 419 17 23
frame - 366
2
555 441 24 34
694 464 23 25
frame - 367
2
556 441 24 34
694 464 23 25
frame - 368
3
556 442 24 33
694 464 24 24
579 432 16 26
frame - 369
3
556 441 24 35
672 418 17 23
695 464 23 25
frame - 370
3
557 441 23 35
672 418 16 23
695 464 24 25
frame - 371
3
557 441 24 34
672 417 17 24
696 465 23 26
frame - 372
2
556 439 24 36
697 465 22 23
frame - 373
3
557 441 23 34
697 465 23 24
673 417 17 23
frame - 374
3
557 441 24 34
698 465 22 23
673 417 17 22
frame - 375
3
557 440 25 35
698 465 22 24
672 417 18 22
frame - 376
3
557 440 26 36
672 416 18 24
698 466 23 25
frame - 377
3
558 442 24 34
671 417 18 23
700 467 23 24
frame - 378
2
558 442 25 34
700 467 23 24
frame - 379
2
557 441 25 34
701 466 23 25
frame - 380
2
559 442 25 33
703 467 22 24
frame - 381
1
558 439 28 36
frame - 382
1
558 441 26 34
frame - 383
1
558 442 26 33
frame - 384
2
558 442 27 34
708 467 22 24
frame - 385
1
559 443 25 33
frame - 386
2
559 442 25 34
709 468 22 23
frame - 387
2
558 442 26 34
709 468 22 23
frame - 388
2
559 443 25 33
710 469 22 23
frame - 389
2
559 442 26 34
711 469 23 25
frame - 390
2
557 439 29 38
711 471 25 24
frame - 391
2
558 440 28 37
711 470 26 25
frame - 392
2
558 439 29 38
712 470 25 25
frame - 393
2
558 439 29 38
714 470 23 25
frame - 394
2
558 439 29 38
713 472 24 24
frame - 395
2
558 439 29 38
715 472 23 24
frame - 396
2
558 438 30 39
715 472 25 29
frame - 397
1
559 439 30 37
frame - 398
2
559 438 30 38
636 440 14 21
frame - 399
2
559 438 30 38
636 441 14 20
frame - 400
2
559 439 29 37
636 439 14 22
frame - 401
3
560 439 28 37
636 440 14 22
723 475 22 26
frame - 402
3
560 438 30 38
636 441 14 20
722 475 24 26
frame - 403
3
562 438 31 39
722 475 25 26
636 440 15 21
frame - 404
3
562 438 31 39
724 475 26 27
637 440 15 21
frame - 405
3
563 438 30 40
724 475 25 26
636 439 15 22
frame - 406
3
564 439 29 38
725 475 25 27
636 439 14 22
frame - 407
3
564 438 30 39
728 475 24 29
636 438 14 23
frame - 408
2
565 437 31 42
728 475 27 29
frame - 409
2
565 438 32 40
730 475 26 29
frame - 410
3
565 437 31 41
730 475 27 29
1023 448 13 19
frame - 411
2
565 438 31 40
731 475 27 30
frame - 412
2
566 437 31 42
734 475 26 29
frame - 413
3
565 437 32 43
1025 443 15 23
736 476 25 28
frame - 414
2
566 440 30 41
737 477 27 27
frame - 415
2
566 440 30 40
738 476 27 29
frame - 416
2
567 441 29 41
740 476 25 28
frame - 417
2
567 439 31 42
740 475 27 29
frame - 418
3
570 445 27 38
741 475 26 28
1032 445 14 20
frame - 419
3
570 441 30 40
743 474 25 30
1032 445 13 20
frame - 420
3
571 440 30 41
1035 443 13 22
742 473 28 33
frame - 421
4
571 439 30 41
744 473 27 33
1036 444 13 21
483 401 14 20
frame - 422
4
572 439 31 41
1036 446 12 19
745 474 27 32
483 402 14 19
frame - 423
4
572 439 31 43
1036 445 12 20
747 474 28 33
482 401 15 19
frame - 424
4
572 438 31 42
747 472 30 35
1035 446 13 19
483 401 13 18
frame - 425
4
573 439 32 41
748 472 30 35
1035 447 12 18
484 399 13 15
frame - 426
4
573 438 32 42
1036 446 13 19
748 472 30 35
485 401 14 19
frame - 427
4
574 438 31 41
1037 446 13 19
749 472 30 34
485 401 14 19
frame - 428
3
1037 447 12 18
576 438 30 41
751 472 28 34
frame - 429
3
1037 449 13 17
576 438 30 41
753 474 27 30
frame - 430
3
576 438 32 43
1038 447 14 18
756 472 28 30
frame - 431
3
578 438 31 44
1039 447 14 19
756 469 29 33
frame - 432
4
756 469 29 33
1038 447 15 20
581 438 29 42
559 429 17 22
frame - 433
3
582 440 28 43
756 469 30 33
1038 446 15 20
frame - 434
3
757 468 29 34
1039 444 16 22
583 444 27 40
frame - 435
3
758 469 28 35
584 441 28 41
1038 445 15 21
frame - 436
3
585 441 27 41
759 469 27 34
1041 445 15 21
frame - 437
3
760 468 28 35
1041 444 15 21
587 443 27 38
frame - 438
3
586 438 30 40
761 468 27 34
1037 446 14 19
frame - 439
3
587 439 30 39
1038 445 16 20
762 468 28 33
frame - 440
3
585 439 32 41
763 467 28 33
1038 446 15 20
frame - 441
3
588 441 29 37
1037 445 15 20
764 467 28 33
frame - 442
3
588 440 33 42
765 468 28 33
1037 446 15 19
frame - 443
3
590 440 32 42
1041 447 15 20
766 467 28 30
frame - 444
3
590 438 33 44
1040 447 14 19
767 469 27 32
frame - 445
3
592 439 33 44
1039 447 13 18
769 468 26 29
frame - 446
3
593 438 33 44
769 468 26 29
1041 447 13 18
frame - 447
4
594 437 34 45
1039 447 13 18
770 468 26 32
1041 444 13 16
frame - 448
4
595 438 33 43
1042 446 13 18
771 467 28 31
1043 443 14 17
frame - 449
4
596 438 33 42
1049 443 12 14
771 467 28 34
1045 447 12 16
frame - 450
4
597 438 33 42
1052 448 13 18
772 467 28 35
539 415 17 23
frame - 451
5
598 438 33 41
1053 448 12 17
773 468 27 34
539 414 17 23
1050 449 12 17
frame - 452
3
598 438 34 41
1047 447 12 18
773 467 28 35
frame - 453
4
600 438 32 42
1051 449 13 17
774 467 27 35
539 413 18 24
frame - 454
5
603 441 30 40
774 468 27 33
1054 448 12 18
540 414 17 23
604 412 15 21
frame - 455
5
604 441 30 40
776 468 26 33
1053 447 14 18
541 415 17 22
604 413 15 21
frame - 456
5
604 442 31 41
777 468 26 33
1052 446 12 18
542 415 17 22
604 413 15 21
frame - 457
6
606 445 30 40
779 468 26 34
1054 448 12 16
543 416 17 23
604 413 15 21
253 418 12 15
frame - 458
5
606 445 30 40
779 468 26 33
1056 448 11 17
542 416 17 23
603 414 16 23
frame - 459
4
610 444 29 42
1052 448 13 17
780 468 27 32
543 417 17 22
frame - 460
5
612 445 29 41
782 469 26 32
1053 447 13 18
544 417 18 23
252 422 11 15
frame - 461
6
612 447 30 39
782 470 27 31
1056 448 12 19
545 418 18 23
251 421 12 15
603 414 16 23
frame - 462
4
613 445 31 43
782 470 27 32
1057 448 13 19
546 417 17 24
frame - 463
5
614 445 32 43
783 471 26 31
1058 448 13 19
546 415 18 25
603 414 16 24
frame - 464
4
614 444 34 45
784 470 28 32
1058 448 14 19
547 415 18 24
frame - 465
4
617 445 31 43
547 413 17 26
1064 450 12 19
785 471 28 32
frame - 466
4
617 445 34 45
1063 453 13 19
547 414 17 25
785 472 27 31
frame - 467
4
619 446 32 43
1059 450 14 18
547 415 17 25
786 474 28 30
frame - 468
5
621 447 32 45
1053 448 13 18
787 472 30 35
1055 451 14 18
30 385 9 15
frame - 469
5
787 474 29 32
624 453 29 40
576 430 15 22
1058 453 14 18
30 385 9 15
frame - 470
2
787 475 29 30
576 429 17 23
frame - 471
4
627 449 31 44
787 474 30 35
549 407 16 23
30 385 9 15
frame - 472
4
628 450 32 43
789 475 29 35
30 385 9 15
549 407 15 22
frame - 473
4
629 451 30 44
788 476 29 34
30 385 9 15
549 407 15 22
frame - 474
4
628 450 32 44
789 477 28 33
30 385 9 15
549 406 14 21
frame - 475
4
791 478 28 33
29 385 9 15
496 404 15 20
549 406 14 21
frame - 476
4
792 478 27 33
1057 454 13 19
30 385 8 15
497 404 15 20
frame - 477
6
792 478 28 34
1060 455 13 18
31 386 9 15
634 456 30 40
549 406 15 22
496 403 16 22
frame - 478
4
792 479 29 33
635 454 31 42
1065 455 13 18
31 386 9 15
frame - 479
5
635 451 34 45
793 479 29 32
1069 455 13 18
31 386 9 15
499 404 15 21
frame - 480
4
636 450 34 47
793 479 30 33
1069 456 14 18
32 386 9 15
frame - 481
4
637 452 34 45
793 480 31 33
1070 456 14 18
32 387 9 14
frame - 482
4
640 454 31 41
794 481 31 32
1071 455 14 18
31 387 9 14
frame - 483
4
642 451 34 44
1070 457 13 17
795 481 30 32
31 387 9 14
frame - 484
4
643 451 34 44
796 481 29 37
1070 458 13 16
31 387 9 14
frame - 485
4
643 451 35 44
796 482 30 36
31 387 9 15
556 410 16 21
frame - 486
3
642 450 37 46
797 482 29 36
31 388 9 14
frame - 487
3
644 450 36 46
798 484 29 35
31 388 9 14
frame - 488
4
646 450 35 46
800 484 28 36
31 388 9 14
557 411 15 21
frame - 489
4
646 451 37 47
799 485 28 35
30 387 9 14
1070 458 14 17
frame - 490
4
648 451 36 47
801 485 27 36
1067 455 14 19
30 387 9 14
frame - 491
5
648 452 37 48
800 486 28 35
31 388 9 14
558 414 17 22
1074 457 13 18
frame - 492
3
649 452 36 47
801 484 28 38
33 389 9 14
frame - 493
3
650 452 36 49
801 485 28 36
33 388 9 15
frame - 494
3
652 451 36 50
803 486 29 36
33 389 9 14
frame - 495
4
653 451 38 48
804 485 28 37
33 389 9 14
1077 455 13 19
frame - 496
4
654 452 38 47
804 485 29 38
1077 456 13 18
33 389 9 14
frame - 497
4
655 452 38 46
804 486 29 36
1079 456 12 19
33 389 9 14
frame - 498
4
657 452 37 46
805 486 28 36
1078 455 14 20
33 390 8 14
frame - 499
4
656 451 39 47
804 486 29 36
1080 455 13 20
33 390 8 14
frame - 500
4
658 451 38 47
805 486 28 36
1076 451 15 22
33 390 9 14
frame - 501
5
660 453 36 46
806 486 28 36
1076 452 14 21
1020 438 11 16
33 390 9 14
frame - 502
4
660 452 37 47
807 486 28 36
1079 452 13 22
1023 438 11 16
frame - 503
4
662 451 36 49
808 487 28 38
1022 438 11 15
1077 453 14 21
frame - 504
4
664 451 35 49
809 486 28 37
1079 451 14 21
1021 439 10 15
frame - 505
4
665 451 36 50
809 487 28 35
1080 451 13 22
1021 439 11 15
frame - 506
4
666 452 36 49
810 488 29 36
1083 453 14 20
1022 439 12 15
frame - 507
2
665 452 38 50
810 486 29 36
frame - 508
2
666 451 38 51
811 487 28 35
frame - 509
2
667 451 38 51
811 486 29 36
frame - 510
3
668 450 38 52
812 486 29 36
1078 452 13 20
frame - 511
3
669 450 38 51
813 485 30 38
1083 452 16 21
frame - 512
2
669 451 39 50
814 485 30 41
frame - 513
2
671 450 38 51
815 484 30 42
frame - 514
3
673 450 37 50
816 484 30 41
1086 450 17 22
frame - 515
3
673 449 38 51
816 485 30 40
1086 450 16 21
frame - 516
3
674 451 37 51
818 484 29 41
1087 449 15 23
frame - 517
4
675 451 37 51
817 484 31 41
1088 449 14 23
1032 443 11 15
frame - 518
4
676 451 37 52
819 484 30 39
1087 450 16 24
1034 441 12 16
frame - 519
4
676 451 37 51
819 483 32 42
1089 451 16 23
1035 441 13 17
frame - 520
4
678 452 36 50
820 483 31 41
1089 450 15 24
1035 442 12 16
frame - 521
4
678 451 38 51
821 483 31 41
1035 442 13 17
1088 452 15 22
frame - 522
4
680 451 36 52
822 484 31 38
1089 452 14 22
1035 439 12 16
frame - 523
5
680 452 38 51
824 484 31 37
1035 443 13 16
1089 455 14 20
43 390 9 15
frame - 524
3
681 452 38 51
824 484 31 38
1036 442 15 18
frame - 525
4
681 453 39 50
827 484 30 38
1037 443 13 16
43 391 10 14
frame - 526
3
682 452 39 53
829 484 28 38
1037 443 13 16
frame - 527
5
682 454 40 51
829 484 29 39
1037 442 13 16
1089 455 15 19
42 391 10 14
frame - 528
4
685 455 39 51
830 485 30 38
1037 442 11 15
42 391 11 15
frame - 529
4
684 456 40 51
1038 442 11 16
832 485 30 40
42 392 10 13
frame - 530
5
684 456 41 52
834 485 29 41
1039 443 12 15
42 392 11 13
1091 456 14 18
frame - 531
5
685 456 41 53
834 485 31 41
1039 442 12 16
1092 455 14 20
42 392 10 13
frame - 532
5
687 456 40 52
835 485 31 42
1038 442 13 16
1093 455 14 20
43 392 10 13
frame - 533
6
689 456 39 53
836 485 31 43
1038 442 11 16
1094 457 13 19
43 392 10 14
1100 456 15 20
frame - 534
5
691 458 38 52
838 486 30 40
1039 443 12 16
1101 456 14 20
1094 457 13 19
frame - 535
3
690 458 40 52
839 488 30 38
1039 442 13 17
frame - 536
4
691 459 39 51
840 488 31 39
1041 442 14 17
44 392 10 14
frame - 537
5
691 458 40 52
842 488 31 39
1042 446 12 17
1040 443 13 17
43 392 10 14
frame - 538
4
692 460 40 51
843 489 30 37
1042 447 13 17
43 392 11 14
frame - 539
6
693 462 40 50
844 489 31 39
1041 448 13 16
1093 456 15 20
1039 444 14 16
44 392 10 14
frame - 540
5
698 461 37 53
847 490 29 38
1103 457 14 19
1042 449 12 16
1093 457 14 19
frame - 541
5
698 463 38 52
847 489 30 40
1093 458 13 18
1042 447 13 17
1103 457 13 19
frame - 542
4
698 463 38 51
847 490 30 37
1041 451 12 15
1093 459 13 18
frame - 543
3
700 464 38 51
1044 447 14 18
850 491 29 38
frame - 544
6
699 464 41 52
850 491 31 39
1104 457 15 20
1046 448 14 17
1047 444 14 17
600 420 18 22
frame - 545
4
700 465 41 50
852 491 30 40
1047 446 13 18
603 422 17 21
frame - 546
4
701 465 40 51
853 491 30 42
1047 447 14 18
605 423 17 23
frame - 547
4
701 466 41 50
853 492 31 43
1048 447 15 18
603 423 18 23
frame - 548
3
702 466 42 52
856 493 30 42
1050 444 13 19
frame - 549
4
702 467 42 53
857 493 30 42
1051 444 13 19
602 422 19 25
frame - 550
4
703 468 42 53
859 494 30 41
1051 444 15 19
605 424 18 23
frame - 551
3
704 469 42 52
860 496 31 40
1051 444 15 19
frame - 552
5
706 470 42 53
861 497 31 39
1054 445 14 19
1124 462 10 18
1149 459 11 17
frame - 553
5
706 469 43 52
863 497 31 39
1055 448 14 17
1108 461 13 16
605 424 18 24
frame - 554
4
707 470 43 51
865 498 31 38
1057 448 15 18
1107 464 14 18
frame - 555
5
708 472 43 51
866 499 31 37
1116 464 11 19
607 424 19 23
1057 450 13 17
frame - 556
6
709 476 42 50
868 498 30 38
607 424 18 24
1120 464 11 18
1058 450 12 16
1097 467 11 16
frame - 557
6
710 475 42 52
870 498 30 39
1120 463 11 19
608 424 18 23
1059 451 12 16
1099 468 11 16
frame - 558
4
710 475 43 53
872 499 30 40
1120 462 11 20
1059 451 12 16
frame - 559
4
712 479 41 50
873 500 30 41
1119 463 12 19
1060 452 13 17
frame - 560
6
712 477 43 52
874 501 31 40
1120 462 11 19
1059 450 13 16
1128 460 11 18
1104 467 11 15
frame - 561
5
715 477 41 51
875 500 32 41
1117 462 12 20
1104 467 12 16
1060 449 12 17
frame - 562
5
715 474 43 56
877 500 32 43
1104 468 12 15
1117 464 12 17
1060 454 13 17
frame - 563
5
714 475 44 55
879 500 32 42
1117 464 13 18
1105 468 12 15
1060 454 13 16
frame - 564
7
716 475 43 56
881 501 31 40
1118 463 13 19
610 426 20 23
1060 450 14 17
1106 468 13 15
1141 461 13 17
frame - 565
4
716 475 44 56
883 502 31 39
1117 463 14 20
611 426 19 23
frame - 566
5
717 476 44 55
884 504 32 38
1117 464 13 18
615 426 19 23
1061 449 15 19
frame - 567
4
886 504 31 40
1118 465 13 18
1062 448 12 18
616 427 19 22
frame - 568
5
887 505 32 39
719 478 44 53
1122 465 13 19
1063 449 13 18
616 428 20 21
frame - 569
5
889 506 31 38
1123 463 15 22
1063 449 13 18
617 428 18 22
720 479 44 54
frame - 570
3
892 506 31 39
1121 464 13 20
1064 450 12 18
frame - 571
6
893 506 32 39
724 478 42 52
1123 464 14 20
1065 450 11 18
1109 468 12 16
617 430 19 21
frame - 572
5
894 506 32 40
1126 463 15 22
1066 451 12 17
617 429 19 22
726 482 41 50
frame - 573
4
895 506 32 42
1124 462 16 21
617 428 19 22
726 480 41 51
frame - 574
4
897 505 33 44
1124 464 14 19
1066 451 13 18
618 428 19 23
frame - 575
4
899 507 33 42
1130 463 14 20
1068 451 13 18
617 432 19 23
frame - 576
5
901 508 32 43
1121 462 15 21
1068 451 13 19
1169 463 14 20
618 432 19 23
frame - 577
4
903 509 32 43
1130 464 14 18
1068 448 15 19
618 429 19 22
frame - 578
5
733 474 40 56
906 510 31 40
1119 465 12 19
1071 450 15 21
619 428 19 22
frame - 579
5
907 509 32 44
1121 462 15 21
731 481 41 50
1070 451 16 19
620 432 17 23
frame - 580
4
908 511 32 43
1123 462 15 22
1071 450 17 21
620 432 18 23
frame - 581
5
911 511 33 43
733 475 42 56
1123 463 16 21
1073 450 16 20
620 432 18 24
frame - 582
4
914 510 31 42
1124 462 15 22
1074 450 14 21
620 429 18 22
frame - 583
4
916 511 32 42
1124 462 16 23
621 427 18 23
1075 449 14 20
frame - 584
3
916 511 33 42
621 427 17 22
1125 463 16 21
frame - 585
2
918 512 33 41
621 427 17 23
frame - 586
2
920 513 33 40
621 428 18 23
frame - 587
2
923 512 31 42
621 427 18 24
frame - 588
2
923 511 33 43
623 428 17 23
frame - 589
3
925 511 32 43
1080 452 21 23
624 432 17 24
frame - 590
2
929 510 33 44
624 433 17 23
frame - 591
3
931 511 32 43
1083 450 19 24
624 434 16 22
frame - 592
3
933 512 33 42
756 485 32 47
624 433 16 23
frame - 593
3
934 511 33 42
755 480 36 51
625 432 16 23
frame - 594
3
938 512 32 42
1085 452 22 26
626 434 16 22
frame - 595
2
938 512 34 43
627 434 16 22
frame - 596
2
940 512 33 43
626 434 17 22
frame - 597
3
942 511 32 43
1085 451 22 26
626 434 16 22
frame - 598
2
944 511 33 44
627 434 16 22
frame - 599
2
946 511 34 46
627 434 16 22
frame - 600
3
949 511 32 40
1150 471 14 21
628 436 16 20
frame - 601
3
952 514 31 39
1093 459 25 24
630 435 17 22
frame - 602
3
955 513 32 43
1093 458 26 25
631 435 17 22
frame - 603
3
955 513 33 43
632 435 16 22
1094 459 25 25
frame - 604
1
957 514 32 44
frame - 605
3
960 515 33 43
1094 459 28 25
1147 471 16 20
frame - 606
3
964 514 31 45
1097 459 25 25
634 439 16 21
frame - 607
3
964 515 32 45
767 480 39 56
635 439 16 21
frame - 608
4
966 515 33 45
768 482 40 53
1151 474 14 18
1145 468 13 15
frame - 609
2
970 516 30 44
678 460 13 18
frame - 610
1
974 521 28 36
frame - 611
1
976 519 28 41
frame - 612
3
976 518 33 43
765 511 44 39
637 440 15 20
frame - 613
2
979 517 32 43
637 440 16 21
frame - 614
2
981 518 32 42
638 443 16 21
frame - 615
2
984 519 31 42
637 442 15 22
frame - 616
3
784 489 37 53
985 520 31 42
638 442 14 21
frame - 617
3
985 520 34 43
788 493 34 50
638 441 15 23
frame - 618
4
985 520 35 45
790 498 32 45
1164 475 16 20
640 443 14 22
frame - 619
4
986 522 34 43
789 492 34 52
1165 474 15 21
640 444 14 21
frame - 620
3
989 521 34 47
791 494 35 51
640 443 15 22
frame - 621
2
991 522 35 47
641 445 15 21
frame - 622
2
994 523 36 47
775 519 48 43
frame - 623
2
996 525 34 46
773 519 52 45
frame - 624
4
997 525 34 46
783 522 43 41
1170 477 13 18
1150 467 10 13
frame - 625
1
999 525 34 47
frame - 626
3
1000 529 35 44
796 519 36 41
642 447 15 20
frame - 627
3
1001 528 36 45
642 447 15 20
1152 469 10 12
frame - 628
1
1004 529 34 45
frame - 629
2
1006 529 34 45
803 514 33 45
frame - 630
4
1007 529 36 49
806 503 34 55
1178 478 16 22
1174 478 14 21
frame - 631
3
1009 528 37 52
802 506 38 53
1175 479 12 20
frame - 632
2
1011 529 36 51
792 528 46 42
frame - 633
2
1013 531 35 49
804 501 42 52
frame - 634
2
1014 531 36 49
811 505 37 56
frame - 635
3
1014 533 39 47
815 510 33 52
1181 481 15 22
frame - 636
3
1017 533 37 47
817 508 34 54
1182 482 15 21
frame - 637
3
817 506 36 58
1018 533 38 48
1183 483 15 20
frame - 638
3
1019 533 39 49
821 512 33 54
1185 483 14 21
frame - 639
3
809 507 45 58
1021 534 39 47
1186 484 13 19
frame - 640
3
1024 536 37 46
818 523 38 47
1186 484 14 19
frame - 641
3
1025 535 38 47
822 517 38 50
1186 485 13 19
frame - 642
3
1029 536 35 46
824 518 37 51
1187 484 15 21
frame - 643
4
1028 537 37 49
821 538 38 40
1186 483 16 22
827 529 35 44
frame - 644
4
1030 537 37 49
832 517 35 53
827 530 36 47
1185 485 15 19
frame - 645
4
1032 537 37 52
829 516 39 56
1188 486 14 19
1199 484 11 16
frame - 646
3
1034 539 37 51
828 517 42 56
1196 485 11 15
frame - 647
3
825 516 46 59
1038 540 37 50
1199 485 12 16
frame - 648
5
829 516 49 59
1042 540 35 49
1199 486 12 15
1123 477 16 18
1189 489 14 16
frame - 649
5
828 522 51 59
1043 541 35 48
1195 487 11 15
1172 476 8 10
1132 478 13 15
frame - 650
5
1046 544 34 45
829 538 50 53
1194 489 13 17
1172 477 9 10
838 520 47 63
frame - 651
5
1048 542 34 51
836 539 47 50
842 521 47 62
1193 488 15 20
1171 477 11 13
frame - 652
4
1047 543 37 50
842 520 49 63
1194 488 15 21
1197 486 13 18
frame - 653
3
1048 544 39 52
842 521 51 63
1196 488 16 23
frame - 654
3
1051 545 38 50
839 534 52 58
1197 489 14 21
frame - 655
4
1054 545 39 51
841 536 51 56
1199 490 13 21
1174 478 12 13
frame - 656
4
1055 545 41 53
848 525 50 61
1197 490 14 21
1175 477 11 14
frame - 657
4
853 525 50 62
1061 549 36 47
1198 491 13 20
1175 478 11 13
frame - 658
4
1059 548 40 50
856 525 50 67
1196 490 14 21
1177 478 10 12
frame - 659
5
1062 549 40 49
857 526 53 65
1196 490 15 21
950 488 31 32
1178 478 9 11
frame - 660
4
1064 549 37 48
862 525 48 61
1198 491 14 21
1178 478 11 13
frame - 661
5
1067 549 38 49
865 524 47 65
1197 490 16 23
1138 481 16 19
1177 478 11 13
frame - 662
5
865 541 50 56
1069 548 37 54
1202 491 16 23
1139 481 16 20
89 425 8 12
frame - 663
5
1070 549 40 54
869 525 53 63
1204 492 16 22
950 487 28 34
90 426 9 13
frame - 664
3
1072 549 40 55
876 543 48 52
1207 492 14 21
frame - 665
2
876 524 54 62
1074 550 40 55
frame - 666
3
1079 550 38 55
883 525 48 64
1205 494 12 17
frame - 667
5
1081 552 37 54
884 526 53 63
1208 494 12 18
960 493 26 27
674 455 16 20
frame - 668
4
887 526 53 68
1082 551 39 58
958 490 25 31
674 456 17 20
frame - 669
2
892 525 53 65
1088 553 38 56
frame - 670
3
1089 554 39 58
895 527 50 64
1209 497 16 21
frame - 671
3
1091 554 40 58
899 524 50 67
1211 497 16 22
frame - 672
4
1093 554 39 58
904 531 45 64
1215 497 17 23
687 462 14 21
frame - 673
3
1095 554 40 57
906 535 47 60
1151 479 17 23
frame - 674
4
1097 557 41 54
906 527 53 65
690 463 14 21
1158 480 21 24
frame - 675
3
1100 558 41 54
915 541 48 53
1158 480 23 25
frame - 676
3
1102 559 42 55
910 528 56 65
1158 481 24 25
frame - 677
4
1104 559 43 58
914 530 54 61
1160 482 23 24
1223 499 16 19
frame - 678
4
1106 560 45 57
920 526 54 66
1161 485 24 26
1223 498 15 19
frame - 679
3
1111 561 42 56
923 527 56 69
1163 485 22 25
frame - 680
3
929 526 54 67
1113 562 43 56
1165 485 20 24
frame - 681
3
1117 561 43 57
926 526 60 67
1165 486 21 24
frame - 682
3
1119 561 45 59
935 527 56 68
1227 497 16 22
frame - 683
4
1121 560 46 60
947 532 49 66
1169 486 18 24
1226 498 16 21
frame - 684
3
1124 561 45 59
947 532 51 66
1170 487 18 24
frame - 685
5
1128 561 43 61
941 529 58 70
1173 489 24 23
1244 499 17 23
1228 499 17 21
frame - 686
4
1131 561 44 63
953 533 50 67
1249 500 15 22
1173 491 26 22
frame - 687
4
1134 561 44 64
956 532 51 68
1250 501 15 21
1173 491 26 22
frame - 688
4
1136 562 46 60
961 532 50 68
1248 500 17 23
712 472 16 22
frame - 689
3
1139 561 45 61
952 530 62 72
714 475 17 22
frame - 690
2
1143 562 45 61
966 536 52 67
frame - 691
3
1145 562 46 62
970 541 49 63
717 479 17 22
frame - 692
5
1150 565 46 60
971 544 53 59
718 478 18 23
1181 489 22 25
107 436 12 15
frame - 693
4
1151 566 48 58
975 542 51 63
720 478 16 23
109 436 11 15
frame - 694
3
1156 566 45 60
980 552 48 59
110 437 12 15
frame - 695
3
1160 569 46 59
977 567 53 51
112 437 12 16
frame - 696
3
1164 570 45 58
989 551 49 60
113 439 12 15
frame - 697
3
1167 572 45 56
994 554 48 59
114 440 11 15
frame - 698
3
1169 571 47 60
1004 542 44 68
115 440 10 15
frame - 699
4
1173 573 47 57
1005 549 46 61
995 564 50 55
117 439 11 16
