frame - 0
5
174 326 26 44
4 311 24 36
247 337 19 30
417 345 21 32
378 368 18 27
frame - 1
5
170 326 28 43
2 307 25 36
415 348 21 29
373 368 17 25
245 339 19 28
frame - 2
4
165 325 27 40
0 304 24 37
411 348 21 30
370 369 18 24
frame - 3
4
0 303 20 37
163 327 25 38
240 342 21 33
412 351 20 32
frame - 4
5
0 303 18 38
238 341 22 35
159 320 27 41
409 351 21 33
364 372 18 25
frame - 5
5
156 316 28 43
401 351 23 33
234 339 25 37
0 305 13 36
517 373 21 30
frame - 6
6
152 314 29 43
399 351 21 34
235 337 22 31
0 306 11 35
477 379 16 26
519 375 22 29
frame - 7
5
150 312 29 43
231 336 21 32
397 352 20 33
3 363 22 43
0 309 9 32
frame - 8
4
148 313 28 44
227 336 23 28
393 350 22 34
0 312 7 29
frame - 9
3
223 332 23 32
144 312 29 45
388 349 23 34
frame - 10
4
144 314 25 41
219 330 23 31
385 347 23 35
287 354 21 32
frame - 11
4
380 341 25 36
141 315 26 42
214 327 22 32
0 367 12 46
frame - 12
4
138 316 27 42
211 326 23 33
379 339 25 36
282 348 23 36
frame - 13
3
137 316 26 42
210 327 21 30
378 337 26 38
frame - 14
4
134 314 27 43
206 327 21 30
379 334 23 35
279 348 21 34
frame - 15
4
132 312 28 44
203 328 21 29
381 333 22 35
531 378 22 34
frame - 16
5
129 308 30 45
379 332 26 38
198 329 22 31
278 347 21 36
543 378 18 33
frame - 17
4
126 306 30 45
376 333 27 41
196 329 20 29
544 383 16 30
frame - 18
5
123 305 29 43
378 336 26 40
191 328 21 29
658 352 24 31
277 347 20 30
frame - 19
5
119 301 30 44
378 338 26 39
186 326 22 31
274 349 22 29
657 353 25 30
frame - 20
4
115 298 30 46
378 340 26 37
269 353 24 31
183 324 20 27
frame - 21
4
111 297 30 44
379 341 25 36
267 354 24 31
179 323 19 27
frame - 22
6
107 295 31 46
174 320 22 29
379 340 24 36
258 358 25 33
265 355 23 30
660 360 23 28
frame - 23
4
103 295 30 44
170 317 22 31
379 339 25 37
261 353 23 32
frame - 24
4
98 297 30 43
167 315 23 32
382 336 25 38
260 354 21 31
frame - 25
4
95 296 29 43
382 333 25 40
166 315 22 31
257 353 24 32
frame - 26
3
88 296 32 45
379 331 24 38
163 314 22 32
frame - 27
3
82 297 32 45
380 329 23 36
161 315 22 32
frame - 28
3
77 296 32 46
156 315 24 33
378 325 24 35
frame - 29
4
68 294 35 47
378 324 23 34
245 350 22 33
793 453 14 17
frame - 30
5
65 292 34 46
376 323 24 36
243 338 22 29
154 317 22 32
791 452 15 18
frame - 31
4
63 289 31 45
375 323 25 37
240 342 22 30
790 451 15 18
frame - 32
6
58 285 31 46
148 316 24 33
371 325 25 41
238 341 22 34
789 451 15 18
671 362 18 31
frame - 33
5
55 283 32 46
146 314 25 34
370 327 25 40
234 345 23 32
575 387 19 28
frame - 34
5
52 281 32 47
368 327 23 39
145 313 25 34
226 340 26 37
585 387 18 29
frame - 35
6
49 281 31 47
366 327 23 38
225 341 24 36
144 311 23 35
592 386 16 29
670 371 20 33
frame - 36
5
46 280 32 49
364 327 24 41
222 341 22 34
140 309 25 34
668 369 21 33
frame - 37
3
44 280 32 49
362 324 23 42
139 307 23 34
frame - 38
5
41 280 33 50
137 307 23 33
212 337 21 31
360 321 23 39
591 385 19 29
frame - 39
5
39 281 32 50
210 335 22 31
357 320 22 38
275 344 24 32
132 307 25 33
frame - 40
4
35 282 35 49
131 307 25 33
207 333 21 33
354 317 25 39
frame - 41
4
35 281 35 52
352 313 25 39
128 307 25 35
205 330 20 29
frame - 42
4
35 281 34 52
351 311 25 40
123 309 26 37
202 329 23 34
frame - 43
3
34 279 34 52
350 310 27 41
200 328 24 36
frame - 44
5
33 276 34 53
349 309 27 43
272 331 23 34
116 310 25 37
542 422 14 20
frame - 45
4
31 274 34 51
349 310 26 41
195 328 24 36
272 332 21 33
frame - 46
5
29 273 34 50
349 311 26 39
194 329 24 34
107 309 26 36
267 332 22 33
frame - 47
6
27 271 32 49
347 312 27 41
101 306 27 35
192 330 22 33
267 333 23 32
811 450 17 18
frame - 48
6
23 268 33 51
347 314 27 39
98 304 26 36
190 330 22 35
680 377 20 27
811 448 17 19
frame - 49
5
20 267 34 52
96 301 26 37
188 330 23 37
348 314 27 40
812 448 15 19
frame - 50
6
13 266 36 53
91 299 28 38
266 335 22 31
350 313 25 39
188 329 23 36
812 448 16 18
frame - 51
7
10 266 36 54
188 327 22 33
350 312 27 41
267 334 22 31
89 299 27 37
812 448 16 19
523 425 15 23
frame - 52
6
8 267 33 52
350 310 27 42
187 325 23 32
89 301 24 33
266 330 23 30
812 448 15 19
frame - 53
6
1 268 37 55
349 307 28 42
86 302 25 36
263 327 22 32
185 322 23 34
812 449 15 19
frame - 54
5
0 269 32 55
349 303 28 45
260 324 24 34
83 305 26 34
812 449 15 18
frame - 55
4
0 268 26 53
349 300 28 45
260 322 22 34
812 449 14 18
frame - 56
4
349 297 28 42
0 270 20 46
176 313 22 35
256 317 24 37
frame - 57
4
347 294 29 44
173 310 23 38
0 269 11 45
770 452 14 16
frame - 58
3
348 294 28 44
170 310 22 36
770 451 14 18
frame - 59
3
346 295 29 43
770 451 14 18
166 312 25 35
frame - 60
6
346 296 28 43
245 321 21 34
771 451 14 17
163 312 24 35
628 399 17 25
71 306 27 35
frame - 61
5
345 297 29 44
239 323 23 33
771 450 14 18
158 316 26 32
814 448 15 18
frame - 62
5
344 299 28 42
154 315 24 33
235 325 24 33
771 450 13 18
814 447 15 19
frame - 63
3
341 300 29 42
771 450 13 18
814 446 15 19
frame - 64
6
339 299 28 40
223 332 29 41
145 314 24 34
771 449 14 19
498 421 16 20
814 445 15 20
frame - 65
4
335 297 26 42
221 327 24 36
772 451 13 18
697 387 17 25
frame - 66
7
332 295 27 42
138 310 23 32
56 291 26 36
772 451 14 18
214 323 25 35
619 398 21 23
700 388 17 24
frame - 67
6
331 293 26 41
137 308 23 31
55 291 25 36
617 398 22 24
771 452 14 17
211 326 22 31
frame - 68
6
328 291 26 40
52 293 25 31
208 324 21 33
132 305 23 32
772 451 14 18
814 447 15 18
frame - 69
3
326 288 27 41
131 304 21 28
814 448 15 18
frame - 70
3
325 284 27 40
127 300 23 33
814 448 15 18
frame - 71
4
320 282 28 42
124 298 25 35
40 295 25 35
814 449 14 17
frame - 72
3
319 281 28 42
122 299 24 34
767 450 14 19
frame - 73
5
315 281 29 41
28 291 25 37
121 299 23 38
768 450 13 19
813 448 15 18
frame - 74
6
313 282 28 40
24 285 26 35
766 450 14 18
117 300 24 38
810 447 17 19
193 306 28 40
frame - 75
4
310 283 29 39
14 281 29 39
116 302 24 38
766 450 14 18
frame - 76
7
114 303 24 37
311 285 28 39
191 311 25 40
765 449 14 18
13 280 26 39
479 413 18 27
701 392 16 21
frame - 77
4
111 302 24 37
190 312 25 39
308 284 28 44
765 449 14 18
frame - 78
6
110 300 24 37
187 316 24 35
307 284 28 45
7 270 27 36
765 448 13 18
639 403 16 25
frame - 79
6
109 299 23 34
187 317 23 34
4 266 24 40
307 285 27 44
765 448 13 19
810 441 15 19
frame - 80
6
105 295 25 36
303 282 28 43
186 315 24 36
765 448 14 19
5 267 23 35
810 440 16 20
frame - 81
6
302 279 29 42
186 312 26 39
103 293 24 36
765 448 13 18
1 263 26 38
809 441 17 20
frame - 82
6
299 276 29 45
183 311 26 39
99 289 25 35
765 449 13 18
0 263 24 40
810 442 16 19
frame - 83
4
297 273 30 44
95 287 25 35
180 310 27 40
765 449 14 19
frame - 84
4
293 270 29 44
92 285 24 36
176 309 27 36
765 449 15 19
frame - 85
5
289 266 31 48
87 284 26 37
172 306 25 34
765 449 15 19
0 263 18 39
frame - 86
6
287 264 30 49
169 304 24 35
379 390 20 31
766 449 15 20
84 285 25 36
864 394 18 26
frame - 87
6
282 265 32 45
77 286 27 34
166 302 25 37
376 390 19 30
766 449 15 19
863 394 20 26
frame - 88
5
279 265 31 46
73 286 27 35
767 449 15 19
161 302 27 37
701 392 13 23
frame - 89
5
273 265 32 47
158 301 26 39
69 288 23 35
292 395 25 46
769 448 14 19
frame - 90
4
270 267 31 45
153 304 25 36
64 289 24 35
770 447 13 18
frame - 91
6
265 268 32 44
56 286 26 36
151 305 25 37
816 442 15 18
770 446 14 19
704 393 14 21
frame - 92
4
259 268 32 43
145 309 26 38
51 284 27 42
816 441 14 19
frame - 93
5
251 266 33 46
142 314 23 33
46 283 24 37
816 441 14 18
771 446 14 18
frame - 94
4
246 264 30 46
41 280 24 40
135 304 24 38
815 441 15 18
frame - 95
4
240 261 31 46
37 276 23 37
129 311 25 36
816 441 15 18
frame - 96
6
233 257 32 46
31 273 27 40
122 303 24 34
816 440 15 18
771 446 15 18
862 390 19 24
frame - 97
5
229 253 31 47
30 271 27 40
860 389 19 25
816 441 15 18
771 446 14 18
frame - 98
5
225 248 31 48
26 268 28 38
116 296 25 38
816 440 15 19
771 446 15 18
frame - 99
4
221 245 33 46
23 268 29 38
816 441 15 19
771 446 15 18
frame - 100
6
218 244 34 44
113 286 26 37
21 268 27 38
771 448 14 18
816 441 15 19
858 394 20 28
frame - 101
5
215 242 34 44
15 269 29 45
112 284 25 36
771 448 14 18
817 442 14 18
frame - 102
5
212 244 33 44
13 271 29 41
111 278 26 37
815 442 15 18
770 447 15 18
frame - 103
5
209 244 32 45
11 271 28 40
109 277 26 37
769 447 15 19
814 442 16 19
frame - 104
6
207 244 33 46
10 271 27 40
106 276 27 40
815 442 15 18
769 446 14 19
857 393 20 27
frame - 105
4
205 246 33 46
106 276 26 40
8 270 26 42
812 442 15 18
frame - 106
5
203 246 33 47
103 277 27 43
5 266 27 41
813 441 14 19
769 444 14 17
frame - 107
4
202 245 31 48
101 278 28 43
2 264 27 40
768 443 14 18
frame - 108
3
199 244 33 47
0 260 27 42
101 278 26 42
frame - 109
4
196 241 34 47
0 258 23 39
99 275 27 40
768 442 13 18
frame - 110
4
194 238 32 46
0 254 18 41
98 273 26 42
767 441 14 19
frame - 111
4
192 235 33 46
96 270 27 42
0 255 9 39
767 440 14 19
frame - 112
4
189 230 32 47
94 268 26 39
767 440 14 19
794 439 14 19
frame - 113
3
185 227 30 47
90 264 25 37
766 440 15 20
frame - 114
4
179 223 31 47
85 256 28 42
767 440 14 20
900 452 14 15
frame - 115
4
175 222 31 47
79 253 28 41
768 440 14 21
896 450 15 18
frame - 116
4
168 220 35 50
75 251 27 38
768 441 14 20
896 449 15 18
frame - 117
4
164 221 34 50
69 249 28 41
768 442 14 19
895 449 15 18
frame - 118
5
160 223 33 49
64 251 28 45
305 405 19 34
768 442 15 19
893 449 16 19
frame - 119
4
153 226 34 49
58 250 29 46
768 441 15 20
893 449 16 19
frame - 120
4
146 227 32 49
51 252 30 45
770 441 14 20
891 449 17 19
frame - 121
4
139 228 33 47
48 259 28 46
770 440 15 20
892 449 16 19
frame - 122
3
132 225 33 48
770 440 14 19
893 449 17 18
frame - 123
4
125 220 33 51
34 256 29 47
769 439 14 20
892 449 17 18
frame - 124
2
117 217 35 53
768 438 15 20
frame - 125
2
111 210 35 52
770 438 13 20
frame - 126
2
107 207 35 52
769 437 14 21
frame - 127
3
100 202 37 50
5 237 32 42
768 437 14 20
frame - 128
4
95 198 37 51
3 234 30 42
767 438 14 19
403 389 21 33
frame - 129
3
91 195 38 52
767 439 14 19
400 390 21 32
frame - 130
3
86 194 40 52
398 390 21 32
766 439 13 19
frame - 131
5
81 194 39 52
395 390 21 31
259 361 24 43
765 439 14 19
893 445 13 15
frame - 132
4
76 195 39 54
391 390 20 31
764 440 13 18
608 417 15 23
frame - 133
4
72 196 40 53
238 302 25 37
389 389 21 32
764 439 13 19
frame - 134
4
65 197 42 54
236 300 26 40
387 388 22 32
604 419 16 23
frame - 135
3
61 197 41 55
385 386 23 34
603 420 16 22
frame - 136
4
60 196 40 54
381 384 23 34
865 446 14 15
603 419 16 23
frame - 137
4
57 192 40 57
381 385 20 29
306 418 17 29
864 445 13 16
frame - 138
3
54 189 41 55
379 384 22 34
863 445 13 16
frame - 139
3
49 185 40 54
225 283 26 39
378 385 22 34
frame - 140
3
46 180 39 53
290 416 23 31
376 387 23 33
frame - 141
3
42 173 39 57
374 387 22 33
292 416 21 31
frame - 142
4
37 169 38 57
373 386 23 35
213 274 28 38
293 412 23 37
frame - 143
5
30 164 37 57
372 385 24 36
208 275 29 38
773 401 14 22
239 353 24 46
frame - 144
5
26 164 37 57
206 275 27 37
373 385 22 34
285 407 27 39
899 444 14 16
frame - 145
4
19 163 38 58
203 276 27 39
374 383 20 33
256 358 23 44
frame - 146
6
12 163 38 59
198 279 28 39
372 379 21 33
238 352 25 43
897 444 14 17
767 401 14 24
frame - 147
4
5 164 39 60
370 378 21 34
192 280 29 40
256 356 22 38
frame - 148
4
1 165 33 60
368 377 22 35
232 354 27 40
251 356 24 38
frame - 149
3
0 166 29 60
246 356 25 39
364 375 23 37
frame - 150
3
363 374 23 38
240 355 24 40
898 447 14 19
frame - 151
3
362 374 23 37
237 356 24 38
898 448 15 17
frame - 152
3
361 374 23 37
233 356 26 38
898 448 14 18
frame - 153
2
360 375 23 36
896 448 14 18
frame - 154
1
356 376 22 36
frame - 155
0
frame - 156
1
159 255 29 38
frame - 157
2
158 253 27 39
825 431 15 19
frame - 158
1
157 253 27 36
frame - 159
2
222 346 21 30
826 429 15 20
frame - 160
3
220 344 21 31
828 430 15 20
714 435 16 21
frame - 161
3
218 344 22 31
830 431 14 18
710 437 15 20
frame - 162
4
215 344 22 31
143 259 29 38
830 431 14 19
709 439 13 18
frame - 163
3
141 259 29 38
213 345 23 30
832 432 15 19
frame - 164
3
214 347 20 30
834 432 15 19
138 258 27 36
frame - 165
2
210 347 23 37
835 432 15 20
frame - 166
3
208 349 23 36
836 432 15 20
690 440 15 18
frame - 167
3
203 349 24 34
772 431 15 19
836 432 16 20
frame - 168
4
120 240 30 41
203 349 23 34
775 431 13 19
837 431 16 21
frame - 169
3
117 237 29 42
200 347 24 36
838 431 15 20
frame - 170
4
110 237 31 39
199 345 22 33
839 431 14 19
780 430 13 21
frame - 171
4
105 236 30 39
196 344 24 33
838 430 15 20
779 430 15 22
frame - 172
4
97 235 31 40
194 341 23 34
838 430 14 19
780 430 14 21
frame - 173
2
88 237 31 39
781 431 14 21
frame - 174
1
191 338 20 31
frame - 175
3
71 242 32 39
842 429 16 20
783 432 15 20
frame - 176
2
785 432 15 20
845 429 15 20
frame - 177
3
53 241 33 43
846 430 14 19
787 433 15 19
frame - 178
2
45 239 33 42
847 429 15 20
frame - 179
3
37 237 32 42
790 432 15 19
849 430 14 20
frame - 180
4
31 233 34 45
792 430 16 21
169 340 20 34
849 430 15 20
frame - 181
3
26 229 33 46
793 430 16 21
850 430 15 21
frame - 182
3
20 225 35 48
795 430 15 21
850 431 15 20
frame - 183
4
14 220 36 50
797 429 15 21
851 430 16 21
155 340 21 35
frame - 184
3
11 220 36 48
798 429 15 21
853 430 16 21
frame - 185
4
7 217 34 49
799 429 16 20
884 447 16 19
853 429 17 22
frame - 186
5
3 218 35 47
271 359 23 36
800 429 16 19
142 333 22 34
853 428 17 22
frame - 187
5
1 218 32 47
269 357 23 38
140 330 22 36
800 429 16 19
855 428 14 20
frame - 188
4
0 220 29 46
263 356 27 39
139 328 21 36
801 429 16 21
frame - 189
3
139 327 20 32
802 430 16 20
264 356 26 40
frame - 190
2
802 431 16 20
135 325 21 34
frame - 191
2
132 324 22 34
803 432 15 20
frame - 192
3
803 432 15 20
855 427 13 21
131 324 22 34
frame - 193
3
803 433 15 20
854 427 14 21
131 326 19 31
frame - 194
4
126 326 21 33
249 355 26 40
853 429 14 20
803 433 15 20
frame - 195
3
251 357 26 39
802 432 16 20
852 428 15 21
frame - 196
4
258 360 22 35
802 432 16 20
851 429 15 20
243 357 22 35
frame - 197
4
240 351 24 35
801 431 16 20
851 428 16 22
981 459 13 15
frame - 198
5
240 350 24 34
116 330 23 35
801 430 16 20
982 460 12 15
851 428 16 22
frame - 199
5
237 348 25 38
112 329 26 36
801 429 16 21
850 429 16 20
980 460 12 15
frame - 200
4
234 346 25 39
800 429 17 20
849 428 17 20
979 461 12 14
frame - 201
5
230 344 27 41
109 325 23 34
800 428 17 21
849 427 16 21
979 461 12 14
frame - 202
4
107 323 23 35
228 341 28 41
800 427 18 22
979 461 12 14
frame - 203
3
225 341 25 36
107 320 22 36
800 427 19 22
frame - 204
3
224 340 25 36
800 427 18 22
104 318 22 33
frame - 205
3
219 338 25 38
100 315 22 35
800 427 19 23
frame - 206
4
213 337 27 40
94 311 25 40
801 428 19 23
843 419 19 24
frame - 207
4
90 311 25 37
209 337 27 40
802 429 19 22
842 419 19 24
frame - 208
4
87 310 25 39
206 339 26 38
277 369 20 33
980 458 13 17
frame - 209
4
278 367 19 33
79 312 27 37
199 340 28 42
979 458 14 17
frame - 210
3
76 312 27 39
192 339 28 40
278 367 19 32
frame - 211
3
72 313 26 38
188 339 29 41
279 364 18 30
frame - 212
5
185 340 25 36
277 363 18 30
66 314 26 37
847 425 18 24
807 427 20 25
frame - 213
4
276 364 17 29
178 338 25 38
809 427 19 24
829 426 19 23
frame - 214
5
54 311 28 40
175 336 26 40
271 362 19 32
810 427 19 23
818 427 18 22
frame - 215
6
171 332 24 37
51 308 27 40
269 361 20 33
811 427 18 22
264 360 19 33
982 462 12 14
frame - 216
5
269 359 19 34
811 425 19 24
166 334 25 39
982 462 11 13
266 358 16 29
frame - 217
5
41 303 27 40
263 359 18 34
811 425 19 23
162 328 28 40
982 462 10 13
frame - 218
5
39 300 27 40
156 325 29 40
811 425 19 22
850 421 17 22
982 461 11 14
frame - 219
5
37 297 27 41
153 323 29 39
850 422 17 21
811 425 18 22
982 460 11 14
frame - 220
4
150 323 27 38
35 296 26 38
850 421 18 22
811 425 18 22
frame - 221
6
32 295 28 39
144 324 28 40
809 425 19 23
982 460 12 14
824 424 17 23
851 421 17 22
frame - 222
5
142 324 28 41
28 294 29 40
822 425 18 22
808 426 20 23
982 459 12 15
frame - 223
5
139 325 28 41
25 294 30 41
982 460 13 15
827 426 17 21
808 428 19 21
frame - 224
3
137 325 28 40
24 295 28 41
806 428 20 22
frame - 225
3
19 297 30 40
135 324 27 39
240 362 18 29
frame - 226
3
132 321 30 41
13 297 33 42
803 428 18 22
frame - 227
4
12 299 31 41
129 320 31 40
801 429 18 20
980 464 13 14
frame - 228
3
125 316 32 43
12 299 28 40
799 427 18 23
frame - 229
4
124 313 29 43
10 298 28 40
797 426 20 23
233 357 18 29
frame - 230
4
121 311 30 42
6 294 30 42
227 354 22 30
797 425 19 22
frame - 231
4
118 310 30 42
5 292 27 41
228 355 19 29
795 423 20 25
frame - 232
5
114 308 31 43
226 357 18 27
2 288 27 42
848 420 18 22
795 424 19 22
frame - 233
4
111 308 31 42
225 355 19 29
1 284 26 42
849 421 17 21
frame - 234
5
109 309 30 41
0 283 23 40
224 354 19 29
848 420 17 21
795 422 18 22
frame - 235
4
106 309 30 43
0 280 20 41
223 355 19 29
847 419 18 22
frame - 236
5
101 310 31 43
222 355 19 31
0 280 15 40
846 419 18 22
793 421 19 22
frame - 237
4
96 310 32 42
220 358 17 29
847 419 18 23
0 279 10 43
frame - 238
3
93 310 30 41
219 359 17 27
848 420 18 22
frame - 239
3
88 309 30 41
217 359 18 28
792 423 20 23
frame - 240
3
82 307 30 44
218 358 18 28
792 423 20 24
