frame - 0
4
173 325 29 43
246 335 21 32
418 345 22 37
1 311 28 36
frame - 1
6
169 325 28 41
415 347 21 36
1 308 26 38
243 335 22 32
409 427 18 22
375 365 17 28
frame - 2
4
163 323 30 42
0 305 24 37
413 348 21 35
239 341 23 35
frame - 3
4
0 304 21 37
161 320 29 42
240 342 21 35
413 351 19 33
frame - 4
4
157 318 29 43
0 304 19 37
239 341 21 36
409 351 21 34
frame - 5
4
154 316 30 42
402 351 22 34
0 306 14 40
235 342 24 40
frame - 6
4
150 314 31 43
0 306 13 42
399 352 19 33
236 339 21 36
frame - 7
3
149 313 30 41
0 308 9 40
398 352 19 34
frame - 8
5
145 312 31 44
226 334 24 33
394 351 22 34
0 310 7 37
342 403 20 35
frame - 9
3
143 312 29 44
224 331 23 34
390 351 21 33
frame - 10
3
140 312 30 44
218 329 24 37
388 348 22 34
frame - 11
4
138 313 30 43
383 342 23 34
213 327 24 33
0 368 9 44
frame - 12
4
136 313 30 43
211 326 24 34
380 339 24 36
663 371 17 30
frame - 13
4
134 313 30 44
208 326 24 34
459 423 25 33
379 337 24 37
frame - 14
3
132 313 30 43
206 327 22 32
381 334 23 35
frame - 15
3
130 311 31 43
381 333 23 36
203 327 22 32
frame - 16
5
127 308 31 43
382 333 23 37
196 328 25 36
278 347 21 37
553 379 14 31
frame - 17
3
125 305 31 43
193 329 23 33
379 335 23 34
frame - 18
5
122 302 31 46
380 338 24 36
190 328 22 33
277 343 22 34
449 421 25 29
frame - 19
5
117 301 32 44
379 338 25 38
186 326 22 31
274 341 24 36
446 418 26 31
frame - 20
4
113 298 32 45
379 340 26 38
269 349 25 35
182 325 22 32
frame - 21
5
109 296 32 45
380 340 25 38
176 323 23 33
267 353 23 32
443 413 25 33
frame - 22
5
106 294 31 46
380 340 25 37
173 320 23 35
257 358 26 35
442 413 23 29
frame - 23
5
101 294 32 46
169 316 24 33
380 339 25 38
258 352 25 35
443 413 21 28
frame - 24
6
97 294 31 46
167 314 24 34
381 337 25 39
256 356 26 36
442 414 20 28
491 410 15 23
frame - 25
5
93 294 30 46
165 313 24 34
381 335 24 39
256 353 24 33
440 414 20 28
frame - 26
4
88 294 31 47
379 332 24 37
162 314 23 33
256 358 23 36
frame - 27
4
82 296 31 46
379 328 24 38
158 314 25 34
255 358 23 36
frame - 28
4
76 295 31 46
156 315 24 33
377 325 25 39
258 369 21 31
frame - 29
5
68 294 34 46
156 316 23 34
377 323 24 37
576 389 15 26
248 347 24 37
frame - 30
5
65 291 33 48
154 316 22 34
376 323 24 37
264 372 19 30
244 342 23 34
frame - 31
4
62 289 31 45
375 323 25 37
243 343 21 32
151 316 22 35
frame - 32
4
58 285 32 45
148 316 25 34
240 342 22 34
371 326 25 40
frame - 33
4
55 284 32 46
146 314 25 35
370 327 25 38
236 346 21 34
frame - 34
4
51 282 32 47
144 312 26 36
368 327 24 38
227 341 25 36
frame - 35
4
47 281 32 46
142 310 26 37
367 327 23 39
226 342 23 36
frame - 36
4
45 280 31 49
364 327 24 39
222 342 22 34
140 309 26 37
frame - 37
4
44 280 31 50
362 324 24 42
140 307 23 35
216 351 25 44
frame - 38
4
42 280 31 50
137 306 24 35
211 338 24 38
358 320 25 41
frame - 39
4
39 281 32 50
208 335 25 41
132 306 27 36
355 319 25 40
frame - 40
4
36 282 34 50
354 315 26 42
130 306 26 37
207 345 25 44
frame - 41
5
36 282 33 50
352 312 26 40
128 306 26 37
204 330 23 36
449 401 19 34
frame - 42
6
36 282 33 50
351 311 26 41
125 308 25 37
202 327 24 34
450 397 17 32
678 373 16 29
frame - 43
5
35 281 33 49
350 311 27 40
120 309 26 38
199 327 25 38
446 398 18 32
frame - 44
4
32 279 34 49
349 310 27 41
116 308 26 39
197 327 24 38
frame - 45
5
31 276 34 49
111 309 27 39
349 311 26 39
194 327 26 39
268 331 24 35
frame - 46
5
29 275 33 47
349 311 26 40
108 309 25 37
193 328 25 37
446 403 17 29
frame - 47
5
26 272 33 48
348 312 27 41
99 305 29 39
192 330 23 36
813 449 15 18
frame - 48
5
24 271 32 48
95 302 29 40
191 331 22 36
348 312 27 42
813 449 15 18
frame - 49
5
20 270 33 49
95 301 27 39
189 330 23 36
348 313 28 41
813 448 15 19
frame - 50
5
13 269 35 51
91 299 28 40
349 312 27 41
188 329 23 35
813 449 15 18
frame - 51
5
11 269 34 51
350 311 27 42
89 300 26 38
187 327 24 38
812 450 15 18
frame - 52
7
7 269 34 51
186 325 24 33
350 310 28 43
87 302 25 36
263 330 26 37
518 424 18 25
811 449 16 19
frame - 53
4
0 269 37 54
350 306 29 45
85 301 26 38
184 322 24 35
frame - 54
6
0 270 32 53
350 302 29 47
81 303 27 38
180 319 25 38
259 323 26 36
811 450 15 17
frame - 55
5
0 269 27 51
350 299 29 45
178 316 25 40
78 305 27 35
257 319 25 38
frame - 56
9
350 297 29 43
0 272 19 42
175 312 24 35
76 305 28 36
254 315 27 36
238 363 23 39
771 452 14 17
813 449 14 17
432 399 17 26
frame - 57
7
349 295 29 44
173 310 24 38
0 270 13 43
253 314 25 36
75 306 28 39
772 451 14 18
813 450 14 17
frame - 58
7
349 294 28 44
169 310 25 38
73 308 27 40
772 451 13 18
0 267 7 37
250 314 24 35
814 450 13 17
frame - 59
5
348 294 28 45
166 310 26 38
71 309 28 38
247 315 25 39
772 451 14 17
frame - 60
6
346 295 29 44
70 305 27 37
242 316 26 38
163 311 27 37
772 450 14 18
814 449 14 17
frame - 61
6
346 297 29 45
239 318 25 37
70 304 27 37
160 313 25 36
772 450 14 18
813 448 15 18
frame - 62
6
344 298 28 43
154 314 26 36
234 321 27 37
66 301 27 40
772 449 14 20
813 447 15 20
frame - 63
7
342 299 27 42
229 322 28 44
151 314 25 37
65 299 27 42
772 450 14 19
813 447 15 19
420 404 16 24
frame - 64
8
145 313 25 36
340 298 27 42
226 326 26 40
61 298 26 39
416 406 17 24
772 450 15 19
813 446 15 20
495 420 15 22
frame - 65
6
335 297 27 42
58 293 26 38
221 325 26 40
142 311 24 38
772 450 14 19
814 447 15 19
frame - 66
5
56 290 28 42
333 294 27 41
138 309 25 37
214 322 26 41
772 450 14 19
frame - 67
6
54 288 28 46
331 292 26 41
209 320 24 38
136 307 24 34
772 450 14 19
814 447 15 18
frame - 68
5
328 289 26 41
49 290 29 42
207 317 25 39
133 304 26 36
814 447 15 19
frame - 69
5
46 290 29 42
206 315 23 35
324 286 29 42
130 303 25 37
814 448 15 18
frame - 70
5
126 300 26 40
44 293 26 41
202 311 24 38
323 282 28 43
813 448 15 19
frame - 71
5
318 281 30 42
40 293 26 39
124 298 26 41
199 309 25 37
812 448 16 20
frame - 72
6
318 281 30 42
122 298 27 42
32 290 27 42
812 449 16 19
199 307 24 33
769 451 14 18
frame - 73
6
315 280 30 42
29 290 26 44
120 298 26 42
196 307 26 38
768 450 14 19
812 449 15 18
frame - 74
5
313 281 29 40
22 284 28 39
118 298 26 43
194 304 25 38
767 450 14 18
frame - 75
5
312 281 27 40
15 280 28 41
116 300 25 43
192 306 26 41
767 449 13 19
frame - 76
5
310 283 27 40
192 309 23 39
113 302 26 39
12 276 28 42
766 449 14 18
frame - 77
5
111 301 26 42
9 275 28 38
190 310 24 41
308 283 29 43
766 449 14 18
frame - 78
6
110 300 25 39
3 269 31 41
306 283 29 43
188 313 25 42
766 448 14 18
809 440 16 20
frame - 79
5
187 312 26 43
3 266 29 39
108 297 25 37
307 283 28 42
766 448 14 19
frame - 80
5
304 280 29 42
105 294 26 40
186 311 25 40
2 264 27 41
766 448 14 19
frame - 81
5
302 278 29 43
186 311 25 40
0 262 27 42
102 292 26 39
765 448 15 19
frame - 82
4
300 274 30 44
184 310 25 40
0 262 25 43
98 289 27 43
frame - 83
5
297 272 30 43
96 287 26 42
0 262 22 43
178 308 27 40
766 449 14 19
frame - 84
5
293 269 30 42
92 283 25 41
177 304 26 40
0 263 21 40
766 450 14 18
frame - 85
4
288 265 33 46
88 282 26 40
172 302 27 40
0 262 20 41
frame - 86
4
286 263 32 47
169 301 25 39
84 282 26 40
0 261 17 35
frame - 87
5
283 265 32 45
164 300 26 39
78 284 26 37
0 259 15 37
812 447 15 19
frame - 88
4
278 265 32 46
74 284 26 39
162 300 27 39
0 255 13 39
frame - 89
5
273 265 33 46
292 390 26 52
70 301 27 51
159 300 25 39
0 254 12 40
frame - 90
3
271 268 31 44
152 302 28 42
63 287 28 42
frame - 91
3
267 268 30 43
57 284 25 39
149 306 26 41
frame - 92
3
258 268 32 43
145 306 26 41
47 282 29 44
frame - 93
3
253 267 32 44
45 282 26 42
141 306 25 41
frame - 94
3
250 264 29 46
132 304 27 43
40 279 26 44
frame - 95
4
241 260 30 45
128 302 27 42
35 275 27 48
233 419 23 36
frame - 96
5
234 256 33 45
125 301 26 41
32 272 28 46
254 400 24 41
225 413 22 37
frame - 97
5
228 253 33 45
30 271 27 44
251 380 29 59
120 301 25 40
223 410 23 38
frame - 98
3
224 248 33 46
115 291 29 46
26 269 28 46
frame - 99
3
221 245 32 46
113 288 27 42
24 268 28 46
frame - 100
4
219 244 32 44
113 281 27 43
21 267 27 48
460 406 16 24
frame - 101
4
215 242 33 45
16 268 28 46
113 278 26 42
458 406 17 26
frame - 102
3
210 243 33 46
14 269 28 44
113 277 26 43
frame - 103
4
207 243 33 48
13 270 26 44
110 276 25 39
451 405 16 27
frame - 104
4
206 244 33 48
11 270 26 44
107 274 28 42
449 404 17 28
frame - 105
4
205 245 32 48
106 274 27 44
9 269 26 46
449 403 16 28
frame - 106
4
203 246 32 47
102 274 29 46
4 266 27 47
448 403 15 27
frame - 107
3
202 245 33 49
99 274 30 47
0 263 30 44
frame - 108
3
199 244 33 47
0 260 27 44
99 274 29 46
frame - 109
3
195 241 35 47
98 271 29 46
0 257 23 41
frame - 110
3
193 237 33 48
0 253 18 42
98 270 27 45
frame - 111
3
191 234 32 47
96 265 28 47
0 253 14 41
frame - 112
2
188 229 33 48
92 262 30 47
frame - 113
3
184 226 31 48
90 258 27 44
901 450 15 17
frame - 114
2
178 221 32 51
86 252 28 48
frame - 115
4
173 220 33 53
80 250 29 45
768 441 15 20
897 449 15 17
frame - 116
4
167 220 35 52
75 248 29 43
896 449 14 16
769 442 14 19
frame - 117
4
162 221 34 52
67 248 30 45
769 442 14 19
896 449 14 17
frame - 118
4
157 223 34 50
63 247 30 47
893 449 15 18
769 443 14 18
frame - 119
5
151 225 35 49
56 248 34 47
269 377 32 44
770 442 14 18
893 449 15 18
frame - 120
5
51 249 33 48
144 226 33 49
429 394 21 35
770 442 14 18
893 449 15 18
frame - 121
3
137 225 34 51
46 253 32 45
771 441 14 19
frame - 122
4
129 224 36 50
40 255 30 44
252 359 31 46
770 441 14 19
frame - 123
3
123 220 36 52
32 254 31 46
769 440 15 20
frame - 124
4
117 217 35 51
23 252 33 47
244 363 31 43
769 439 14 20
frame - 125
4
111 210 35 52
243 362 31 46
16 247 33 46
770 439 14 20
frame - 126
3
106 206 35 52
12 245 31 44
770 439 14 19
frame - 127
4
99 202 38 51
4 239 34 43
248 299 25 38
88 380 27 40
frame - 128
7
94 197 38 52
1 235 33 48
80 377 28 44
244 297 27 42
237 360 28 42
403 392 22 36
893 446 13 15
frame - 129
5
90 195 38 52
0 229 31 47
234 359 30 44
400 392 21 36
767 439 13 18
frame - 130
6
86 194 39 52
233 360 30 40
242 297 26 42
0 225 26 48
398 392 20 35
766 439 14 18
frame - 131
5
81 194 39 52
230 362 32 44
239 298 29 45
395 390 21 32
766 440 13 17
frame - 132
5
76 193 38 55
237 299 29 44
230 363 33 42
391 390 20 32
765 440 13 18
frame - 133
4
71 195 40 55
237 299 28 43
388 388 22 34
764 440 13 18
frame - 134
4
64 196 42 55
236 299 27 41
386 386 23 35
232 366 30 40
frame - 135
5
60 196 40 56
236 298 26 41
383 386 24 35
235 365 28 41
221 365 26 39
frame - 136
3
59 195 40 57
381 383 25 37
236 363 28 44
frame - 137
4
58 192 38 57
380 382 23 38
233 293 25 38
291 416 22 33
frame - 138
3
53 189 42 54
378 382 24 38
230 289 25 40
frame - 139
4
49 185 40 54
235 358 25 47
377 383 24 38
225 284 27 39
frame - 140
4
44 180 40 54
376 385 25 36
240 356 21 42
289 419 24 29
frame - 141
4
41 173 39 57
218 277 28 37
242 356 20 40
376 386 23 35
frame - 142
4
37 170 39 55
212 274 29 39
239 354 21 42
374 386 25 35
frame - 143
4
31 166 38 55
207 274 31 39
240 353 24 43
373 385 23 36
frame - 144
4
25 165 39 54
206 273 29 40
242 355 24 40
372 384 24 36
frame - 145
4
18 165 40 56
203 276 29 41
241 354 24 42
372 383 23 37
frame - 146
4
11 164 39 57
198 279 29 40
239 354 26 43
371 381 23 37
frame - 147
3
3 165 40 57
192 279 29 41
370 379 22 35
frame - 148
5
0 166 35 58
188 279 27 41
367 377 23 36
248 356 25 38
241 356 25 39
frame - 149
3
0 167 29 57
364 375 23 37
183 279 26 35
frame - 150
2
363 375 23 36
0 167 17 56
frame - 151
2
361 374 23 37
173 274 26 37
frame - 152
2
359 375 24 37
237 356 23 37
frame - 153
1
357 377 22 35
frame - 154
2
357 377 20 34
616 419 12 21
frame - 155
2
356 378 19 33
613 420 14 20
frame - 156
3
158 255 31 39
352 378 20 34
608 419 14 20
frame - 157
1
157 252 31 41
frame - 158
2
156 253 29 39
721 434 16 24
frame - 159
3
222 347 21 34
154 254 27 40
827 430 15 20
frame - 160
2
220 344 21 32
828 430 15 21
frame - 161
2
219 344 21 32
829 431 16 20
frame - 162
2
217 345 20 31
830 431 16 21
frame - 163
3
141 259 30 38
214 345 21 30
831 431 17 21
frame - 164
3
214 348 20 28
139 257 27 37
833 431 16 20
frame - 165
2
211 349 21 34
833 431 16 20
frame - 166
2
207 350 24 35
331 372 22 38
frame - 167
2
205 350 22 34
835 432 16 19
frame - 168
2
203 349 22 34
122 241 29 40
frame - 169
3
117 238 28 41
201 347 23 37
838 432 14 19
frame - 170
2
111 237 28 39
198 345 23 37
frame - 171
2
105 235 29 41
196 343 24 35
frame - 172
2
97 234 31 42
193 341 24 36
frame - 173
3
89 236 31 42
192 340 22 36
204 393 29 44
frame - 174
2
190 338 22 36
82 237 30 42
frame - 175
2
187 339 21 30
72 240 32 42
frame - 176
1
181 336 24 33
frame - 177
2
52 241 34 43
177 336 24 34
frame - 178
2
44 238 34 44
176 336 22 33
frame - 179
2
36 235 33 44
171 336 21 37
frame - 180
3
29 232 34 46
168 338 22 36
795 431 14 20
frame - 181
3
23 229 37 47
162 339 24 38
795 431 14 20
frame - 182
3
19 225 35 49
158 341 23 34
796 430 15 21
frame - 183
3
13 221 37 51
155 341 22 34
797 430 15 20
frame - 184
3
9 220 38 49
799 429 15 21
149 337 24 37
frame - 185
5
3 220 39 48
146 335 24 34
274 358 22 36
799 428 17 21
595 416 15 22
frame - 186
3
0 220 38 45
142 332 24 36
268 357 25 38
frame - 187
5
0 219 33 47
140 330 24 36
268 357 24 37
800 429 17 20
854 429 18 20
frame - 188
4
0 221 29 45
139 328 23 36
256 356 27 39
801 429 17 21
frame - 189
4
137 326 24 34
256 355 26 39
0 299 26 40
0 222 22 46
frame - 190
4
0 301 19 40
0 227 15 40
255 355 27 39
133 324 26 36
frame - 191
2
253 353 29 40
130 322 26 37
frame - 192
2
252 354 29 40
129 322 25 37
frame - 193
2
127 323 25 35
250 356 28 39
frame - 194
3
124 324 25 35
249 357 25 37
852 428 19 22
frame - 195
3
122 325 25 35
252 361 24 38
851 428 20 22
frame - 196
2
120 327 25 37
851 429 19 22
frame - 197
3
241 351 23 34
117 328 27 38
801 430 18 21
frame - 198
2
241 350 22 35
113 328 28 39
frame - 199
2
239 349 24 36
111 327 28 38
frame - 200
2
236 347 24 37
110 326 27 39
frame - 201
2
231 345 27 40
108 322 27 39
frame - 202
2
107 320 27 39
228 342 27 40
frame - 203
4
226 341 24 35
105 318 25 38
286 365 21 35
801 428 18 21
frame - 204
3
224 340 24 36
102 316 26 36
286 365 19 32
frame - 205
3
219 339 25 37
96 312 28 39
285 367 20 33
frame - 206
3
93 309 27 42
213 337 27 39
282 371 23 40
frame - 207
2
90 310 27 38
210 338 25 37
frame - 208
4
86 309 27 41
206 339 26 38
276 371 22 38
844 425 21 24
frame - 209
2
79 311 29 41
197 339 29 41
frame - 210
3
76 312 27 40
192 339 28 39
273 367 20 36
frame - 211
3
188 341 29 38
71 313 28 39
271 366 20 36
frame - 212
3
183 340 27 36
273 362 19 32
68 314 27 38
frame - 213
3
61 313 27 39
269 366 22 37
177 337 28 37
frame - 214
3
54 311 29 40
174 336 28 38
266 365 23 37
frame - 215
2
172 332 25 37
50 308 28 41
frame - 216
3
165 331 27 42
46 306 26 43
261 358 21 36
frame - 217
3
42 303 28 41
260 358 20 35
161 327 29 41
frame - 218
4
39 300 28 41
157 324 29 41
811 426 19 22
815 426 20 21
frame - 219
2
37 298 27 41
154 323 29 39
frame - 220
2
150 324 28 37
34 297 27 40
frame - 221
3
31 296 29 37
143 323 31 41
809 426 19 22
frame - 222
3
141 324 30 41
29 295 28 38
808 427 19 21
frame - 223
3
138 325 30 41
28 295 26 39
808 427 19 22
frame - 224
4
136 324 31 40
24 297 28 40
241 369 30 59
806 428 20 22
frame - 225
3
134 324 29 39
20 299 29 39
805 427 19 22
frame - 226
2
131 321 31 40
16 299 29 41
frame - 227
4
13 300 30 40
129 319 31 40
238 367 24 48
801 428 19 22
frame - 228
3
126 316 31 41
12 300 27 40
800 428 19 21
frame - 229
2
9 299 29 40
124 313 31 42
frame - 230
3
121 311 31 41
6 297 30 40
798 426 18 20
frame - 231
3
119 310 29 42
4 294 30 40
797 425 19 21
frame - 232
3
116 309 29 39
1 290 29 41
226 352 21 33
frame - 233
3
112 308 30 42
0 285 27 40
224 352 22 34
frame - 234
3
109 309 31 40
0 283 23 41
224 352 21 33
frame - 235
3
106 309 30 42
0 282 20 39
223 353 21 33
frame - 236
3
101 310 31 43
0 280 15 42
222 354 20 32
frame - 237
3
98 310 30 42
0 280 12 41
222 356 18 30
frame - 238
2
94 310 29 41
220 358 16 28
frame - 239
2
88 309 29 41
218 358 16 28
frame - 240
3
81 307 31 41
218 358 16 28
794 425 18 22
