frame - 0
1
1203 494 37 29
frame - 1
0
frame - 2
0
frame - 3
0
frame - 4
2
1058 457 19 29
1242 479 27 34
frame - 5
0
frame - 6
0
frame - 7
0
frame - 8
0
frame - 9
0
frame - 10
0
frame - 11
0
frame - 12
0
frame - 13
0
frame - 14
0
frame - 15
0
frame - 16
0
frame - 17
0
frame - 18
0
frame - 19
0
frame - 20
0
frame - 21
1
156 439 23 46
frame - 22
1
156 439 23 47
frame - 23
2
544 448 13 19
155 440 23 47
frame - 24
1
544 447 14 20
frame - 25
1
545 448 13 20
frame - 26
2
1134 449 17 35
545 449 13 19
frame - 27
2
1134 450 19 34
547 447 14 20
frame - 28
1
548 447 13 20
frame - 29
1
548 447 14 20
frame - 30
1
548 447 14 20
frame - 31
1
548 448 13 19
frame - 32
1
548 448 13 19
frame - 33
1
548 448 13 19
frame - 34
0
frame - 35
1
549 448 13 20
frame - 36
2
549 448 14 19
1263 481 16 37
frame - 37
1
550 449 13 18
frame - 38
2
1261 476 18 29
550 449 13 18
frame - 39
0
frame - 40
0
frame - 41
0
frame - 42
0
frame - 43
0
frame - 44
0
frame - 45
1
1243 524 37 55
frame - 46
0
frame - 47
0
frame - 48
0
frame - 49
0
frame - 50
1
1091 452 21 33
frame - 51
0
frame - 52
0
frame - 53
0
frame - 54
0
frame - 55
2
1092 452 22 34
1147 456 24 37
frame - 56
1
1146 456 25 37
frame - 57
1
1145 456 26 38
frame - 58
1
1147 457 24 37
frame - 59
1
1149 456 23 36
frame - 60
1
1094 452 21 33
frame - 61
0
frame - 62
0
frame - 63
0
frame - 64
0
frame - 65
1
1098 451 23 34
frame - 66
0
frame - 67
0
frame - 68
1
1099 450 23 35
frame - 69
0
frame - 70
1
1162 456 24 35
frame - 71
1
1161 457 25 34
frame - 72
1
1198 440 24 28
frame - 73
3
1199 440 25 28
1161 456 24 37
1155 457 23 36
frame - 74
0
frame - 75
0
frame - 76
0
frame - 77
2
1166 455 22 37
426 421 17 28
frame - 78
1
1166 456 22 35
frame - 79
2
1168 455 21 37
1107 450 23 34
frame - 80
2
1168 456 21 36
1107 457 23 35
frame - 81
4
1107 459 24 34
353 395 23 36
1168 456 23 35
427 422 17 28
frame - 82
2
1107 459 24 34
428 423 16 27
frame - 83
1
1109 458 23 35
frame - 84
1
1110 457 22 36
frame - 85
1
1111 456 21 36
frame - 86
2
1210 441 24 34
428 422 18 28
frame - 87
1
1213 441 22 34
frame - 88
1
1213 441 22 34
frame - 89
1
1214 441 23 34
frame - 90
1
1119 449 18 29
frame - 91
1
573 447 13 18
frame - 92
1
573 447 14 18
frame - 93
1
573 448 14 18
frame - 94
1
573 447 14 18
frame - 95
1
574 447 14 18
frame - 96
3
1222 446 22 37
574 447 14 18
430 424 16 25
frame - 97
1
575 447 14 19
frame - 98
2
435 434 16 22
576 447 14 19
frame - 99
2
577 446 14 19
1129 458 17 34
frame - 100
2
1129 459 17 33
577 446 14 19
frame - 101
3
1228 445 22 40
1130 458 18 34
578 447 15 19
frame - 102
2
1229 446 22 39
1132 458 16 29
frame - 103
2
1132 459 17 28
579 447 15 19
frame - 104
2
1134 458 16 29
579 446 14 20
frame - 105
2
1139 457 15 29
580 447 15 19
frame - 106
2
1141 458 15 28
580 447 15 19
frame - 107
2
1141 457 15 29
581 448 14 18
frame - 108
1
581 447 14 18
frame - 109
2
1146 458 16 28
581 448 14 18
frame - 110
2
1143 455 18 36
582 448 14 18
frame - 111
3
1212 451 24 38
1146 454 18 35
582 449 14 17
frame - 112
2
1213 453 23 39
1144 455 19 37
frame - 113
2
1143 455 21 36
1213 455 23 37
frame - 114
2
1216 455 23 37
1145 456 21 31
frame - 115
3
1147 457 19 30
1219 454 21 37
444 426 20 29
frame - 116
3
1147 457 20 30
1221 454 21 37
445 428 20 27
frame - 117
2
1149 456 19 31
1220 455 22 38
frame - 118
1
1151 457 18 29
frame - 119
1
1153 457 17 30
frame - 120
1
1153 457 18 30
frame - 121
1
1156 449 17 36
frame - 122
2
1157 450 18 35
450 429 18 25
frame - 123
4
1159 450 17 35
451 429 18 25
1222 457 21 35
588 448 14 19
frame - 124
4
1158 450 18 35
451 430 19 25
1220 459 22 34
588 448 14 19
frame - 125
4
1160 449 17 36
1221 459 22 34
588 448 14 19
453 431 17 24
frame - 126
3
1160 449 17 36
1223 459 21 34
588 447 14 19
frame - 127
2
1160 449 18 36
589 448 14 18
frame - 128
2
1160 450 18 35
589 448 14 18
frame - 129
1
1163 449 21 35
frame - 130
2
1165 456 18 31
590 449 13 18
frame - 131
2
1167 450 18 34
590 448 14 19
frame - 132
2
1166 450 20 34
591 448 14 19
frame - 133
3
1167 451 20 33
1232 458 22 35
592 448 14 18
frame - 134
3
1167 451 22 33
1232 458 23 36
592 449 13 18
frame - 135
2
1168 451 22 32
1235 459 22 33
frame - 136
2
1170 451 22 32
593 448 14 18
frame - 137
1
1171 451 21 33
frame - 138
1
1173 450 21 33
frame - 139
1
1172 450 23 34
frame - 140
1
1173 450 22 34
frame - 141
1
1174 450 22 33
frame - 142
0
frame - 143
0
frame - 144
1
1179 455 20 30
frame - 145
1
1182 450 21 29
frame - 146
1
1183 450 22 33
frame - 147
1
1183 450 23 33
frame - 148
1
1184 451 23 32
frame - 149
1
1185 451 23 32
frame - 150
0
frame - 151
0
frame - 152
0
frame - 153
0
frame - 154
0
frame - 155
0
frame - 156
0
frame - 157
0
frame - 158
0
frame - 159
0
frame - 160
0
frame - 161
1
605 449 13 17
frame - 162
0
frame - 163
0
frame - 164
1
605 451 13 16
frame - 165
1
1206 458 20 29
frame - 166
2
1209 458 19 29
607 452 12 15
frame - 167
2
1210 459 20 28
607 452 12 15
frame - 168
2
1210 460 19 27
607 451 12 15
frame - 169
2
1212 459 19 29
607 451 13 16
frame - 170
2
1212 461 19 27
607 451 13 15
frame - 171
1
607 450 13 16
frame - 172
2
607 450 14 16
474 435 17 21
frame - 173
2
608 452 13 15
474 437 17 20
frame - 174
2
608 453 12 14
474 437 16 20
frame - 175
2
607 453 13 14
474 438 16 20
frame - 176
4
608 453 14 15
1214 456 21 35
475 438 16 20
282 417 13 20
frame - 177
3
1214 456 20 36
608 452 14 15
474 438 17 20
frame - 178
4
609 452 13 16
1215 456 22 35
474 440 17 19
918 439 11 17
frame - 179
3
1217 457 23 30
610 453 14 15
475 438 17 21
frame - 180
3
1221 458 21 29
610 452 14 16
476 437 16 21
frame - 181
3
1222 458 20 29
610 453 14 15
475 438 17 21
frame - 182
3
611 451 14 16
1224 458 21 29
476 439 16 21
frame - 183
2
612 452 14 16
475 439 17 21
frame - 184
3
1225 458 21 29
475 439 17 21
612 453 14 15
frame - 185
1
1225 458 22 29
frame - 186
2
1227 459 21 28
613 453 13 15
frame - 187
1
1228 458 23 34
frame - 188
1
1228 458 23 34
frame - 189
3
1229 459 23 34
613 453 15 16
930 440 10 17
frame - 190
2
1230 459 22 28
929 440 10 18
frame - 191
0
frame - 192
0
frame - 193
1
928 441 12 17
frame - 194
1
929 441 12 17
frame - 195
2
1235 466 23 28
930 440 12 18
frame - 196
0
frame - 197
1
1236 466 23 29
frame - 198
1
931 441 12 17
frame - 199
2
1237 466 24 30
932 441 11 17
frame - 200
0
frame - 201
2
1238 465 25 31
933 441 12 18
frame - 202
2
1239 463 26 39
934 441 11 18
frame - 203
2
475 438 16 22
934 441 12 18
frame - 204
1
474 437 17 23
frame - 205
1
474 438 17 22
frame - 206
2
474 438 17 22
935 440 12 19
frame - 207
1
475 437 17 23
frame - 208
1
475 437 17 23
frame - 209
2
475 438 16 22
935 441 11 18
frame - 210
1
475 436 16 23
frame - 211
1
475 437 17 22
frame - 212
1
475 437 16 22
frame - 213
1
475 438 17 21
frame - 214
1
475 437 17 22
frame - 215
1
475 437 17 22
frame - 216
1
475 438 17 21
frame - 217
1
475 438 17 21
frame - 218
1
475 438 17 21
frame - 219
1
475 439 17 21
frame - 220
1
476 439 16 21
frame - 221
1
475 437 17 22
frame - 222
1
475 437 17 22
frame - 223
1
475 438 17 21
frame - 224
1
475 437 17 22
frame - 225
1
475 438 17 21
frame - 226
1
475 438 17 21
frame - 227
1
476 438 16 21
frame - 228
1
476 438 16 21
frame - 229
2
477 439 16 21
902 424 11 18
frame - 230
2
478 440 16 20
902 425 12 17
frame - 231
2
477 439 16 21
902 424 12 18
frame - 232
2
477 439 17 21
901 423 12 18
frame - 233
2
902 423 13 19
479 439 15 21
frame - 234
3
480 438 16 21
962 442 13 17
641 459 14 16
frame - 235
2
480 439 16 21
964 442 13 17
frame - 236
1
480 438 16 21
frame - 237
1
480 439 16 21
frame - 238
2
481 438 16 21
962 441 14 18
frame - 239
1
480 438 18 21
frame - 240
2
481 437 17 22
962 441 13 17
frame - 241
1
481 436 18 23
frame - 242
1
481 437 18 22
frame - 243
1
482 438 17 22
frame - 244
1
482 438 17 22
frame - 245
1
482 438 17 22
frame - 246
1
483 437 18 22
frame - 247
1
484 437 17 23
frame - 248
1
484 438 17 22
frame - 249
1
485 438 16 22
frame - 250
0
frame - 251
0
frame - 252
0
frame - 253
0
frame - 254
0
frame - 255
1
654 457 13 17
frame - 256
1
654 458 14 16
frame - 257
1
655 458 14 16
frame - 258
1
655 458 14 16
frame - 259
1
655 458 14 16
frame - 260
1
655 459 15 16
frame - 261
2
656 459 15 16
489 445 18 21
frame - 262
2
490 445 18 21
657 459 14 16
frame - 263
2
657 459 14 17
490 444 18 22
frame - 264
2
657 459 14 17
490 443 18 23
frame - 265
2
491 444 18 22
657 459 15 17
frame - 266
2
491 444 17 22
657 460 15 16
frame - 267
2
493 444 18 23
658 460 14 16
frame - 268
2
494 443 18 24
659 460 14 16
frame - 269
2
495 441 18 25
660 459 14 17
frame - 270
2
496 443 18 24
660 460 15 16
frame - 271
2
496 442 18 25
661 459 15 17
frame - 272
2
497 443 17 24
662 459 15 17
frame - 273
0
frame - 274
1
497 439 20 28
frame - 275
1
497 438 21 28
frame - 276
1
498 437 20 29
frame - 277
1
498 437 21 30
frame - 278
1
498 436 22 31
frame - 279
1
499 436 22 31
frame - 280
1
500 436 21 30
frame - 281
2
502 439 20 28
667 459 14 18
frame - 282
1
502 439 20 28
frame - 283
1
504 441 20 26
frame - 284
1
506 441 20 26
frame - 285
1
508 442 20 26
frame - 286
1
508 441 19 27
frame - 287
1
511 442 19 27
frame - 288
1
511 441 19 27
frame - 289
0
frame - 290
0
frame - 291
0
frame - 292
1
671 464 15 18
frame - 293
2
672 464 14 18
922 423 16 19
frame - 294
1
672 464 15 18
frame - 295
2
672 465 15 17
923 423 15 19
frame - 296
2
924 423 16 18
672 464 15 18
frame - 297
1
923 423 17 18
frame - 298
1
924 423 15 18
frame - 299
2
924 423 15 18
675 462 14 18
frame - 300
1
925 422 14 18
frame - 301
1
925 423 15 18
frame - 302
1
925 423 15 18
frame - 303
1
925 423 15 19
frame - 304
1
925 423 15 18
frame - 305
2
676 461 15 19
926 422 15 18
frame - 306
1
676 461 14 19
frame - 307
2
927 422 15 19
676 463 15 19
frame - 308
3
676 463 15 19
528 434 21 31
927 423 15 18
frame - 309
1
677 463 14 19
frame - 310
2
677 462 15 21
531 436 20 29
frame - 311
1
678 463 15 20
frame - 312
1
677 463 15 20
frame - 313
1
678 463 15 20
frame - 314
1
677 462 16 21
frame - 315
2
678 462 15 21
533 441 19 26
frame - 316
2
534 441 19 26
678 462 15 21
frame - 317
2
534 440 20 28
677 462 16 21
frame - 318
2
535 440 19 28
677 462 16 22
frame - 319
0
frame - 320
0
frame - 321
0
frame - 322
0
frame - 323
0
frame - 324
0
frame - 325
0
frame - 326
1
679 463 16 21
frame - 327
1
679 463 16 21
frame - 328
1
679 463 16 22
frame - 329
2
678 462 16 22
542 445 20 28
frame - 330
1
542 441 20 28
frame - 331
1
542 442 21 30
frame - 332
0
frame - 333
0
frame - 334
0
frame - 335
1
546 444 21 29
frame - 336
2
547 443 21 30
680 464 17 21
frame - 337
1
548 443 21 30
frame - 338
1
548 442 21 31
frame - 339
1
548 443 20 30
frame - 340
1
547 442 21 31
frame - 341
1
548 442 21 31
frame - 342
1
548 442 21 31
frame - 343
2
548 443 21 30
684 466 17 20
frame - 344
2
548 443 21 30
684 466 17 20
frame - 345
2
548 443 21 30
685 465 17 21
frame - 346
2
548 442 22 31
686 465 17 20
frame - 347
3
549 442 21 31
686 466 17 20
1015 441 11 14
frame - 348
2
549 442 21 31
686 466 17 20
frame - 349
2
549 442 21 31
687 466 17 21
frame - 350
2
687 465 18 21
550 442 21 31
frame - 351
2
687 465 18 21
550 442 21 32
frame - 352
2
688 465 18 21
550 442 22 32
frame - 353
2
550 442 21 32
688 465 19 21
frame - 354
1
689 465 18 21
frame - 355
1
690 464 19 22
frame - 356
2
690 464 19 22
579 434 17 24
frame - 357
2
578 436 17 24
691 464 18 22
frame - 358
2
690 464 19 22
462 408 18 24
frame - 359
2
462 408 18 24
555 445 20 29
frame - 360
2
556 444 20 30
26 383 11 16
frame - 361
2
556 444 20 30
26 383 11 16
frame - 362
2
555 444 21 31
26 383 11 16
frame - 363
3
556 444 21 30
693 464 20 23
26 383 10 16
frame - 364
3
556 444 21 30
26 383 11 16
693 464 20 23
frame - 365
2
556 443 21 31
693 464 20 23
frame - 366
1
556 444 21 30
frame - 367
1
557 445 20 29
frame - 368
3
557 445 20 29
1016 441 11 15
696 465 19 22
frame - 369
1
557 445 21 30
frame - 370
1
557 445 21 30
frame - 371
1
558 445 21 30
frame - 372
2
558 445 20 30
699 464 19 24
frame - 373
1
1012 441 11 15
frame - 374
1
699 467 20 24
frame - 375
1
699 466 21 25
frame - 376
1
700 467 20 24
frame - 377
1
700 469 21 23
frame - 378
1
700 469 21 23
frame - 379
1
702 469 20 23
frame - 380
2
704 470 19 22
560 446 22 29
frame - 381
2
705 468 19 23
957 431 13 17
frame - 382
1
705 469 19 23
frame - 383
1
705 468 20 24
frame - 384
2
1014 445 11 15
957 433 14 16
frame - 385
3
1014 445 12 16
708 468 22 25
512 417 17 21
frame - 386
3
709 470 20 23
1040 442 10 15
1016 445 11 16
frame - 387
0
frame - 388
3
710 470 20 23
960 429 14 19
1017 446 11 15
frame - 389
3
711 471 19 22
960 430 14 19
1018 446 11 15
frame - 390
2
711 471 20 23
1042 443 11 14
frame - 391
1
712 471 20 23
frame - 392
2
713 471 20 23
561 443 24 33
frame - 393
2
715 471 20 24
1039 443 11 15
frame - 394
2
716 471 20 24
561 443 25 33
frame - 395
2
562 443 24 33
717 471 19 24
frame - 396
2
717 473 19 23
562 444 24 32
frame - 397
3
562 443 25 33
718 472 19 24
962 430 15 19
frame - 398
2
562 443 25 33
719 472 19 24
frame - 399
2
563 443 24 34
720 472 20 24
frame - 400
2
563 444 24 32
721 471 19 25
frame - 401
1
567 444 24 31
frame - 402
1
564 443 23 33
frame - 403
2
568 442 24 34
724 473 22 28
frame - 404
2
568 443 24 33
726 476 20 25
frame - 405
1
568 443 24 33
frame - 406
1
568 443 25 33
frame - 407
2
569 443 24 33
1032 448 10 16
frame - 408
2
570 441 25 35
475 406 16 23
frame - 409
3
570 442 25 34
1031 447 10 17
475 407 17 23
frame - 410
3
570 441 25 35
1031 447 11 17
1028 448 12 17
frame - 411
2
570 441 25 35
1030 447 11 17
frame - 412
2
570 442 25 35
1032 446 10 19
frame - 413
2
1031 446 11 19
571 443 24 34
frame - 414
1
1031 446 10 18
frame - 415
1
1032 446 11 18
frame - 416
1
1032 445 12 19
frame - 417
1
1032 445 11 18
frame - 418
1
1032 446 11 18
frame - 419
2
1034 447 11 17
572 443 26 34
frame - 420
2
1034 447 11 17
573 444 25 33
frame - 421
2
1035 448 10 16
574 445 25 32
frame - 422
2
1036 448 11 17
574 445 25 32
frame - 423
2
1036 448 11 17
574 443 26 34
frame - 424
1
1038 448 10 17
frame - 425
2
1039 448 11 17
577 443 25 34
frame - 426
2
1040 448 11 17
577 443 26 34
frame - 427
1
1041 448 11 16
frame - 428
2
1041 448 11 16
578 447 26 35
frame - 429
2
1042 449 11 16
579 449 25 34
frame - 430
2
1042 448 11 17
579 447 25 35
frame - 431
3
1042 449 11 16
526 415 18 22
579 447 25 35
frame - 432
3
1043 449 12 17
527 415 18 23
485 403 15 20
frame - 433
1
1047 448 11 18
frame - 434
1
1048 447 11 19
frame - 435
1
1047 447 12 19
frame - 436
2
1048 446 12 20
530 417 17 21
frame - 437
2
1050 445 12 20
530 416 17 22
frame - 438
2
1049 446 13 18
531 415 17 22
frame - 439
1
1048 447 12 17
frame - 440
1
1048 447 12 17
frame - 441
2
1048 448 12 17
1045 449 12 17
frame - 442
1
1047 448 12 17
frame - 443
2
1049 448 12 17
1046 449 12 17
frame - 444
1
1051 447 11 18
frame - 445
1
1051 447 12 18
frame - 446
2
1052 447 12 17
535 417 16 22
frame - 447
3
1051 446 11 18
597 440 28 38
535 416 16 23
frame - 448
5
597 440 28 38
1049 444 12 18
535 416 16 23
773 475 22 25
993 430 16 19
frame - 449
3
598 440 29 38
1055 446 11 18
536 416 16 22
frame - 450
4
601 442 27 40
1055 448 11 18
537 416 16 22
775 470 23 27
frame - 451
5
602 442 27 40
1055 449 11 17
775 470 25 30
537 416 16 23
1052 450 10 17
frame - 452
4
1055 449 11 17
603 445 26 38
775 470 24 30
1052 450 12 16
frame - 453
3
1059 449 10 16
603 445 27 37
775 469 25 31
frame - 454
3
605 447 25 35
1059 449 10 17
776 468 25 32
frame - 455
3
607 447 25 36
1060 448 10 17
778 471 24 29
frame - 456
4
1062 447 10 18
607 447 25 35
780 471 21 26
541 418 16 21
frame - 457
3
1064 447 10 18
608 450 25 34
541 418 16 20
frame - 458
5
609 451 24 33
1064 447 10 19
297 415 13 16
782 470 22 30
541 418 16 20
frame - 459
3
610 451 24 34
1063 447 10 18
783 471 22 30
frame - 460
4
1064 447 10 18
611 452 24 34
783 470 23 30
542 418 17 22
frame - 461
3
1064 448 12 18
784 470 24 31
544 421 17 20
frame - 462
2
1064 449 11 18
784 470 24 30
frame - 463
1
1065 449 11 18
frame - 464
2
1065 448 12 18
787 474 24 27
frame - 465
3
1068 449 11 18
788 474 23 28
1066 451 11 17
frame - 466
2
1068 449 11 19
788 475 23 28
frame - 467
3
1068 450 11 18
788 475 24 27
495 405 15 20
frame - 468
1
1066 450 11 17
frame - 469
1
1067 450 11 18
frame - 470
2
1066 450 10 18
495 405 16 20
frame - 471
1
1067 449 11 19
frame - 472
3
1066 454 11 17
1064 452 11 17
496 405 16 20
frame - 473
2
1065 451 11 17
496 404 15 21
frame - 474
3
1065 454 11 17
1063 452 11 17
790 477 27 32
frame - 475
2
792 478 27 32
1062 452 10 16
frame - 476
4
793 478 26 32
1060 452 10 16
1062 453 11 18
496 404 16 21
frame - 477
3
793 479 26 31
1060 452 11 16
1063 453 11 18
frame - 478
4
793 480 27 30
1067 453 10 18
1063 451 11 18
636 461 26 33
frame - 479
5
1066 455 10 17
638 459 27 35
794 479 28 30
1062 452 10 17
597 433 17 24
frame - 480
4
795 479 29 31
1070 456 11 17
638 459 29 35
1067 453 10 16
frame - 481
5
795 479 29 32
1072 455 10 18
639 460 28 35
1069 453 10 16
597 432 16 24
frame - 482
3
795 480 29 31
1077 455 10 18
640 467 28 34
frame - 483
5
797 481 29 30
1074 455 10 17
1073 452 10 17
644 465 29 35
828 441 23 32
frame - 484
3
797 481 29 30
1075 456 11 17
644 465 30 34
frame - 485
3
1077 455 11 18
645 463 30 35
797 481 29 30
frame - 486
3
645 466 31 35
1077 455 12 18
799 483 27 29
frame - 487
4
646 464 31 36
1078 455 11 18
828 436 19 31
800 483 27 29
frame - 488
4
1077 456 11 17
649 467 30 34
800 485 27 28
1076 454 11 16
frame - 489
4
648 467 31 35
1078 455 11 18
828 437 21 30
801 485 26 29
frame - 490
4
1079 454 11 19
649 469 30 33
801 486 27 32
829 438 20 29
frame - 491
4
1079 454 11 19
650 467 31 34
802 486 26 29
1076 452 11 18
frame - 492
3
1077 455 11 18
651 466 31 35
803 486 26 29
frame - 493
3
1078 455 11 19
805 487 26 32
651 468 31 34
frame - 494
2
805 487 26 33
1079 454 11 20
frame - 495
3
1081 453 10 20
805 487 26 32
1018 435 12 19
frame - 496
4
1080 453 11 20
805 487 27 32
1016 436 12 18
654 461 33 39
frame - 497
4
806 488 26 32
1081 453 11 21
659 462 31 37
1083 452 12 22
frame - 498
4
659 459 33 40
807 487 25 32
1080 452 12 22
1083 452 13 23
frame - 499
4
660 457 33 42
806 487 26 33
1079 452 13 22
1083 452 13 23
frame - 500
4
660 455 34 42
806 487 27 33
1078 451 13 23
1084 452 12 23
frame - 501
3
1080 451 12 22
1084 451 12 22
808 488 25 32
frame - 502
3
808 488 26 32
1081 451 12 21
1084 451 12 21
frame - 503
2
1086 452 12 21
811 488 24 33
frame - 504
1
1086 453 12 20
frame - 505
1
1086 451 12 22
frame - 506
1
1086 452 12 20
frame - 507
1
1088 454 11 19
frame - 508
1
1088 453 12 20
frame - 509
3
815 488 26 33
1087 453 13 20
1025 437 13 20
frame - 510
3
1086 452 14 21
815 487 27 34
1027 437 14 20
frame - 511
3
1088 454 13 19
816 487 26 33
1026 440 14 19
frame - 512
3
1089 454 13 20
816 486 27 34
1027 439 14 20
frame - 513
2
818 486 26 34
1088 452 15 21
frame - 514
2
678 456 29 46
818 487 26 33
frame - 515
3
679 459 28 43
1089 453 14 21
819 487 26 33
frame - 516
3
678 455 31 47
1090 452 13 21
818 486 27 34
frame - 517
3
1090 452 14 21
679 458 30 45
821 485 27 35
frame - 518
4
679 453 33 49
821 485 27 35
1090 453 13 21
1033 438 12 19
frame - 519
4
679 455 32 47
1092 453 13 21
823 485 26 35
1034 438 13 19
frame - 520
4
680 457 33 46
1092 453 13 20
823 485 26 35
1035 440 13 18
frame - 521
3
1092 453 13 21
1035 440 14 18
39 389 12 16
frame - 522
3
1034 439 14 19
1093 453 13 21
39 389 12 16
frame - 523
3
1035 440 14 18
1093 455 12 18
39 389 12 16
frame - 524
5
1036 441 14 18
828 487 25 32
39 389 12 16
1092 454 12 19
1036 445 14 19
frame - 525
3
39 390 12 15
1035 439 14 19
1093 453 13 19
frame - 526
4
1035 440 13 18
1092 454 12 18
832 487 24 33
1042 444 13 18
frame - 527
3
1036 442 13 16
832 488 25 32
1091 455 13 18
frame - 528
4
1036 439 14 19
686 463 33 41
834 489 25 31
1039 442 14 18
frame - 529
3
1038 438 13 20
1094 454 14 19
40 390 12 15
frame - 530
2
1038 440 14 19
687 464 32 40
frame - 531
4
689 462 34 44
1038 440 14 19
837 487 26 34
1101 453 14 21
frame - 532
5
690 462 35 44
1038 440 14 19
837 487 27 34
1102 454 14 20
1094 454 13 20
frame - 533
4
1037 439 14 19
691 464 34 43
1104 458 13 18
41 390 12 15
frame - 534
5
1039 440 14 19
691 467 34 41
1104 457 13 19
41 391 11 14
69 390 11 14
frame - 535
6
692 466 35 42
1039 440 13 19
841 487 27 34
1104 458 13 18
41 390 12 15
69 390 11 14
frame - 536
5
693 464 35 45
1041 439 13 19
1104 458 13 19
42 391 12 14
69 390 11 14
frame - 537
6
695 464 35 45
1042 441 14 19
843 487 28 34
43 391 11 14
1105 458 13 18
69 390 11 13
frame - 538
6
695 465 35 45
1042 440 14 19
844 489 28 35
43 391 11 14
69 390 11 14
1104 458 13 18
frame - 539
6
1043 440 13 19
845 490 28 36
1104 457 13 18
43 391 11 14
1095 455 12 18
69 390 11 14
frame - 540
4
700 469 34 43
848 489 28 37
1106 458 13 18
1044 445 12 17
frame - 541
4
701 471 33 41
848 490 29 37
1105 455 13 19
1043 440 13 19
frame - 542
4
849 490 28 37
1042 440 14 19
1104 456 14 19
700 473 34 40
frame - 543
2
1045 444 13 19
852 493 28 35
frame - 544
3
851 492 29 36
703 471 35 43
1045 441 14 19
frame - 545
3
854 491 29 37
1046 441 14 18
705 480 33 38
frame - 546
3
856 492 27 37
705 480 33 38
1048 442 14 18
frame - 547
3
856 492 28 38
706 481 33 37
1049 442 13 18
frame - 548
3
707 480 33 38
857 493 29 38
1050 443 13 19
frame - 549
3
709 477 32 41
859 494 28 36
1050 441 14 19
frame - 550
3
708 478 34 42
861 494 29 40
1052 443 13 20
frame - 551
2
864 497 27 38
1051 444 13 19
frame - 552
3
864 497 28 39
1051 444 14 19
1118 463 12 21
frame - 553
2
1053 444 14 20
867 498 28 38
frame - 554
3
867 497 29 40
1055 444 14 20
1119 463 11 21
frame - 555
3
868 498 30 38
1119 464 12 20
1057 446 13 19
frame - 556
3
870 499 28 37
1121 464 10 20
1058 447 14 19
frame - 557
3
1122 464 11 20
872 500 28 36
1059 447 15 19
frame - 558
5
873 500 28 37
1121 464 11 19
717 484 33 39
1058 448 14 18
1060 451 14 18
frame - 559
4
875 501 28 36
1122 465 11 18
1059 447 13 19
715 493 34 35
frame - 560
4
877 502 28 36
1122 464 11 17
714 492 36 36
1059 448 13 17
frame - 561
4
879 501 28 37
1122 465 12 17
721 480 34 45
1060 448 14 18
frame - 562
4
715 483 39 45
879 500 30 40
1062 449 14 18
1125 464 11 18
frame - 563
4
1123 465 12 18
882 501 30 39
716 487 37 41
1062 451 14 17
frame - 564
5
883 502 29 37
1123 466 12 17
1064 453 16 20
1063 450 15 18
716 487 39 43
frame - 565
4
883 504 30 35
720 484 38 45
1126 465 12 18
1062 448 15 19
frame - 566
4
885 504 31 35
1126 465 12 18
1063 449 15 19
720 503 36 31
frame - 567
5
887 505 31 35
1063 448 16 20
1126 465 12 18
722 496 36 37
828 446 13 19
frame - 568
4
888 505 32 36
1126 465 12 18
723 495 36 39
1064 448 15 19
frame - 569
3
890 507 32 35
1128 465 12 18
1064 449 15 19
frame - 570
2
892 507 31 37
1120 464 11 17
frame - 571
4
894 508 30 36
723 497 37 36
1066 449 14 19
1122 465 11 18
frame - 572
4
895 507 30 38
726 487 36 43
1129 464 12 21
1067 449 14 19
frame - 573
4
898 508 30 37
725 498 37 35
1126 464 12 19
1066 449 15 19
frame - 574
4
900 508 30 36
1127 464 13 20
1067 448 15 20
726 503 36 32
frame - 575
4
901 508 30 37
1132 465 13 20
1070 448 14 20
727 504 36 31
frame - 576
4
903 509 30 37
1131 465 13 20
1069 448 14 20
728 504 35 31
frame - 577
4
906 510 29 37
1130 464 13 22
1070 448 15 20
727 502 38 32
frame - 578
5
908 510 29 37
1131 465 13 20
740 479 32 47
1073 448 16 20
729 494 38 38
frame - 579
4
909 510 30 38
1131 465 12 20
1073 448 15 20
740 480 32 45
frame - 580
4
909 510 32 39
1133 464 13 22
728 504 40 30
1074 447 15 21
frame - 581
4
743 480 32 45
911 510 31 40
1135 465 12 20
1074 448 15 20
frame - 582
5
913 510 32 39
731 504 39 31
1135 466 11 19
740 489 34 39
1075 448 14 20
frame - 583
4
915 510 32 40
731 503 39 31
1131 466 11 18
1075 447 15 20
frame - 584
6
916 511 33 39
740 482 36 44
1129 467 12 18
732 502 39 32
1075 448 15 20
1171 464 15 21
frame - 585
4
743 480 35 45
920 512 32 39
1128 465 13 18
740 493 35 39
frame - 586
4
744 481 35 46
920 513 33 38
1132 465 12 18
1075 448 16 21
frame - 587
5
748 477 33 50
923 512 32 39
741 490 36 42
1136 466 12 18
1168 463 14 21
frame - 588
3
923 510 34 43
743 487 36 42
737 500 39 35
frame - 589
4
925 509 34 43
751 480 31 43
1138 465 11 19
1076 448 15 20
frame - 590
3
927 510 35 43
745 487 35 40
1131 465 12 18
frame - 591
1
930 510 34 43
frame - 592
4
932 510 35 43
756 477 32 47
1082 447 16 22
746 488 38 40
frame - 593
2
934 510 34 43
756 477 34 48
frame - 594
3
937 510 33 43
756 478 34 46
1083 448 17 21
frame - 595
3
940 510 32 44
757 478 34 47
1150 469 13 19
frame - 596
2
941 510 33 44
1150 469 14 21
frame - 597
3
942 511 35 44
1150 471 13 18
753 478 39 50
frame - 598
2
944 511 34 44
1150 470 14 20
frame - 599
2
945 510 34 44
1151 471 14 20
frame - 600
2
948 512 34 42
1152 471 14 20
frame - 601
1
952 513 33 40
frame - 602
1
954 514 33 40
frame - 603
2
956 513 32 41
1154 473 13 18
frame - 604
2
957 512 33 41
1154 474 13 18
frame - 605
2
961 514 33 41
1155 472 14 18
frame - 606
2
963 514 32 41
1155 473 15 18
frame - 607
2
964 515 32 40
1157 472 14 19
frame - 608
2
967 516 31 39
1156 473 14 18
frame - 609
2
970 515 31 41
1155 473 15 20
frame - 610
2
971 515 32 42
1154 473 17 20
frame - 611
2
973 517 33 40
1164 473 15 20
frame - 612
2
974 517 33 42
1164 474 15 19
frame - 613
2
978 516 32 44
1165 474 15 21
frame - 614
2
979 517 34 45
1165 474 15 21
frame - 615
2
981 517 34 43
1165 473 16 23
frame - 616
3
981 518 35 43
783 493 36 48
1165 474 16 21
frame - 617
4
986 520 32 41
908 560 30 34
776 517 40 35
1167 475 16 20
frame - 618
3
986 520 33 42
787 492 35 48
1167 476 14 19
frame - 619
4
790 494 33 47
987 521 33 42
904 549 30 36
778 517 41 37
frame - 620
4
789 493 36 48
990 520 33 45
778 519 43 35
1169 477 14 18
frame - 621
3
991 520 35 46
789 495 37 48
779 519 43 36
frame - 622
3
994 521 34 46
789 498 38 47
781 518 43 38
frame - 623
1
995 522 34 49
frame - 624
1
996 523 35 47
frame - 625
1
997 524 36 48
frame - 626
1
1003 529 31 43
frame - 627
3
1004 528 32 44
797 500 38 52
1198 479 15 23
frame - 628
3
1005 527 34 46
798 502 38 54
1197 480 15 21
frame - 629
3
1007 527 34 47
799 501 39 54
1179 480 16 21
frame - 630
3
1010 527 34 46
801 502 39 54
1179 480 17 23
frame - 631
4
1012 530 33 45
800 504 42 52
1197 480 15 22
1179 480 17 22
frame - 632
4
1014 530 32 45
1180 481 17 22
1199 480 16 23
803 509 39 49
frame - 633
4
1015 533 33 44
808 508 37 52
1180 481 17 22
1198 480 15 23
frame - 634
4
1015 534 35 45
810 509 37 52
1181 481 16 23
1198 481 14 22
frame - 635
3
1017 534 35 46
811 510 38 50
1181 482 17 23
frame - 636
3
1019 534 34 46
813 511 37 51
1181 482 17 23
frame - 637
3
820 511 32 53
1021 534 34 47
1183 483 16 21
frame - 638
3
819 510 36 55
1022 535 36 46
1183 483 16 22
frame - 639
3
1025 535 34 46
817 512 39 53
1183 484 17 21
frame - 640
4
1027 534 34 48
821 514 37 52
818 532 37 43
1184 484 16 20
frame - 641
3
1027 534 35 49
825 515 35 52
1185 485 17 20
frame - 642
3
827 515 34 54
1033 539 31 45
1186 485 17 20
frame - 643
3
1033 538 33 50
828 515 35 54
1185 485 18 20
frame - 644
2
1033 538 34 50
830 517 36 56
frame - 645
3
1035 539 36 51
829 516 38 57
1199 487 14 20
frame - 646
3
1037 541 35 49
832 516 38 57
1197 487 14 21
frame - 647
4
1041 543 34 47
834 517 41 55
831 531 41 48
1196 488 15 20
frame - 648
5
1041 542 36 48
833 516 46 56
829 536 44 45
1196 489 14 20
87 424 10 12
frame - 649
4
1043 542 36 49
841 518 43 57
1195 490 15 19
87 424 10 12
frame - 650
4
1046 543 35 49
842 521 45 57
1195 489 15 20
87 424 10 12
frame - 651
5
1048 544 36 50
846 521 43 58
1195 490 14 18
87 424 10 13
1198 488 13 17
frame - 652
4
1050 546 36 50
845 521 46 58
1197 490 14 19
87 425 11 13
frame - 653
4
1051 546 35 50
849 522 44 59
1198 491 13 17
87 425 11 13
frame - 654
5
849 522 45 61
1055 544 35 52
1198 491 13 19
88 425 10 13
663 452 15 20
frame - 655
4
1058 547 35 49
852 525 44 60
1198 491 14 20
88 425 10 13
frame - 656
6
1058 551 37 46
856 527 42 59
1199 492 12 19
89 425 10 13
1130 474 14 19
666 454 15 21
frame - 657
4
1063 555 34 44
856 531 45 59
1201 492 13 19
89 425 11 13
frame - 658
4
1063 554 36 46
858 526 46 61
1202 492 14 20
90 426 11 13
frame - 659
4
860 526 47 63
1066 554 34 47
1203 491 14 21
90 426 10 13
frame - 660
5
1067 553 35 49
868 528 42 61
1203 490 16 23
952 486 28 34
90 425 10 13
frame - 661
4
870 527 44 66
1070 555 33 46
1204 491 14 21
90 425 10 13
frame - 662
4
1070 552 36 52
872 525 45 66
1207 492 14 20
91 426 10 13
frame - 663
4
877 525 45 65
1073 554 36 48
92 427 10 13
1211 492 14 21
frame - 664
5
880 528 45 63
1075 553 37 51
1213 493 15 20
92 426 10 13
1139 476 14 19
frame - 665
5
1077 555 37 47
885 528 43 61
1213 494 14 19
966 496 23 25
1140 478 15 21
frame - 666
2
1082 556 35 47
890 526 44 63
frame - 667
2
1082 559 35 46
890 531 44 59
frame - 668
4
1085 556 37 50
892 528 46 62
1217 495 16 23
91 427 10 13
frame - 669
5
1087 555 39 49
894 534 48 55
891 553 49 42
91 426 10 13
1213 495 15 21
frame - 670
4
1092 560 36 44
897 530 50 59
1216 495 17 23
91 427 10 13
frame - 671
4
1093 559 38 47
901 532 47 59
91 426 9 13
1213 496 16 21
frame - 672
4
1095 559 38 47
905 532 47 63
1214 497 18 22
90 426 10 13
frame - 673
4
1097 563 38 45
908 530 45 62
89 426 10 13
1215 497 20 23
frame - 674
4
913 526 46 64
1100 562 39 48
1220 497 19 22
89 425 10 14
frame - 675
4
1102 560 39 50
918 530 45 59
1221 497 19 22
90 426 10 13
frame - 676
4
1103 558 42 53
924 529 42 59
1221 498 19 22
91 426 9 13
frame - 677
4
1107 559 41 51
923 534 45 59
94 428 9 12
1220 499 17 19
frame - 678
3
1111 560 40 54
924 530 49 62
1225 500 18 19
frame - 679
3
1114 561 39 51
929 530 49 62
1229 499 18 21
frame - 680
3
932 529 51 64
1115 561 42 54
1230 499 18 21
frame - 681
3
934 529 54 67
1119 561 42 54
1229 498 19 22
frame - 682
2
1119 560 45 56
936 530 55 65
frame - 683
3
941 533 53 64
1125 562 42 55
1226 497 17 22
frame - 684
3
946 531 51 65
1127 563 42 52
1226 498 17 22
frame - 685
3
953 535 48 65
1130 564 42 55
1247 500 16 20
frame - 686
2
956 536 49 63
1132 561 45 59
frame - 687
2
955 535 53 65
1137 564 43 53
frame - 688
2
1139 564 43 54
956 537 55 65
frame - 689
2
1143 564 42 55
959 536 55 66
frame - 690
2
964 544 52 60
1146 562 43 59
frame - 691
2
1148 562 44 60
968 544 51 60
frame - 692
2
1152 563 44 60
970 544 52 61
frame - 693
2
1155 563 44 61
973 543 52 63
frame - 694
2
1159 563 43 65
972 557 52 58
frame - 695
2
980 550 54 61
1163 565 43 65
frame - 696
2
1167 568 43 63
986 553 50 57
frame - 697
2
1168 570 44 60
989 555 49 55
frame - 698
3
991 539 56 71
1173 570 43 61
115 438 12 16
frame - 699
3
998 540 52 71
1178 573 42 57
992 558 53 59
