frame - 0
1
1051 453 20 24
frame - 1
3
1053 453 20 25
819 426 18 16
828 432 18 17
frame - 2
3
1055 452 20 24
809 428 18 14
829 433 17 16
frame - 3
3
1053 450 21 25
819 428 18 14
830 433 17 16
frame - 4
5
1227 515 23 16
1053 451 22 25
291 414 15 15
824 428 19 15
830 432 18 16
frame - 5
4
822 427 17 16
291 414 15 15
1053 451 20 27
831 432 16 17
frame - 6
2
1056 451 19 26
292 415 15 14
frame - 7
3
828 425 16 17
803 413 15 16
293 414 14 15
frame - 8
2
824 427 17 15
1058 452 16 25
frame - 9
1
818 427 15 15
frame - 10
1
813 427 13 15
frame - 11
2
814 428 14 14
1146 444 25 42
frame - 12
1
821 427 14 16
frame - 13
2
849 440 13 17
821 428 14 14
frame - 14
3
331 413 18 16
1066 453 18 26
820 428 15 14
frame - 15
2
817 428 15 14
331 414 17 14
frame - 16
2
333 414 16 15
820 428 17 14
frame - 17
3
848 441 14 16
332 414 18 17
1070 458 15 20
frame - 18
1
849 442 14 16
frame - 19
1
849 441 13 17
frame - 20
2
830 429 16 14
849 442 13 16
frame - 21
1
851 441 12 17
frame - 22
2
850 441 14 17
880 441 12 16
frame - 23
3
850 441 14 17
828 427 17 16
879 440 12 17
frame - 24
1
830 428 16 15
frame - 25
0
frame - 26
0
frame - 27
0
frame - 28
0
frame - 29
1
1098 454 27 47
frame - 30
2
1072 453 17 26
821 428 16 15
frame - 31
3
851 441 14 17
822 428 16 14
1074 454 16 25
frame - 32
2
850 442 14 15
359 418 32 39
frame - 33
1
851 441 14 16
frame - 34
1
852 441 13 16
frame - 35
2
851 441 15 17
882 437 14 15
frame - 36
2
883 437 13 15
852 441 14 16
frame - 37
1
883 437 14 15
frame - 38
2
882 436 13 15
852 441 15 16
frame - 39
1
882 436 14 15
frame - 40
0
frame - 41
3
882 436 14 14
832 428 18 15
319 415 19 25
frame - 42
3
832 428 19 15
840 427 18 16
846 433 16 15
frame - 43
3
841 428 18 15
1085 452 18 27
832 428 18 15
frame - 44
3
843 428 17 15
833 429 16 14
321 417 17 23
frame - 45
2
841 427 18 15
851 439 14 17
frame - 46
2
853 440 14 17
318 416 20 31
frame - 47
1
852 440 14 17
frame - 48
1
852 440 15 17
frame - 49
3
851 440 16 17
840 425 19 16
833 427 18 15
frame - 50
2
841 425 19 16
851 439 15 18
frame - 51
3
840 425 19 16
833 426 19 15
850 439 16 17
frame - 52
1
841 426 18 15
frame - 53
1
841 426 19 16
frame - 54
2
842 425 18 16
852 439 14 17
frame - 55
4
844 426 17 16
419 421 24 25
859 442 15 16
852 440 14 16
frame - 56
3
843 425 17 16
853 440 14 16
419 425 28 24
frame - 57
2
844 425 17 17
421 425 26 24
frame - 58
2
844 425 18 17
852 439 15 16
frame - 59
2
844 426 18 16
422 424 25 26
frame - 60
3
843 425 19 17
420 424 27 26
844 429 18 19
frame - 61
2
844 425 18 17
860 440 16 17
frame - 62
3
844 426 18 16
860 440 15 17
420 429 22 20
frame - 63
2
843 425 20 17
844 430 19 17
frame - 64
3
844 424 19 17
1101 453 18 25
845 428 18 19
frame - 65
2
844 423 19 17
862 440 15 18
frame - 66
2
844 424 19 16
862 441 16 17
frame - 67
2
844 425 18 15
863 440 15 17
frame - 68
1
844 425 18 15
frame - 69
5
845 425 18 15
862 440 16 17
317 417 24 39
884 440 16 19
559 439 21 26
frame - 70
4
846 425 17 16
318 416 23 40
862 439 16 18
885 440 14 18
frame - 71
3
846 425 17 16
863 440 16 17
319 416 22 41
frame - 72
4
848 426 15 16
1107 451 16 24
315 415 22 44
886 439 14 18
frame - 73
4
846 425 17 16
861 439 17 18
891 434 14 16
721 434 17 15
frame - 74
6
844 426 19 15
860 439 17 18
890 435 15 16
890 438 15 18
723 427 16 15
722 433 16 16
frame - 75
4
847 423 17 17
861 439 17 18
723 427 16 15
723 433 16 16
frame - 76
3
847 424 17 17
721 433 17 15
861 439 17 18
frame - 77
2
849 425 16 16
862 439 16 18
frame - 78
1
849 425 16 17
frame - 79
3
1091 448 15 22
850 425 16 16
1165 451 24 40
frame - 80
3
312 416 31 42
849 424 16 17
1165 452 24 39
frame - 81
2
849 425 17 17
857 427 18 15
frame - 82
2
850 427 16 15
419 428 28 23
frame - 83
2
850 425 17 17
856 426 19 16
frame - 84
2
1104 475 18 22
850 428 15 14
frame - 85
3
850 425 16 16
886 439 15 18
864 440 17 17
frame - 86
3
849 425 17 16
281 423 30 39
885 439 15 19
frame - 87
4
849 425 17 16
280 424 30 39
424 433 24 24
883 439 16 19
frame - 88
4
851 427 15 15
424 432 25 25
279 424 30 39
1179 456 19 29
frame - 89
5
279 421 30 40
879 440 15 18
851 426 15 16
728 426 17 15
424 433 25 23
frame - 90
5
858 427 17 15
425 434 25 24
282 416 30 42
854 426 14 15
1180 455 22 31
frame - 91
6
277 420 31 44
426 433 24 25
860 426 15 15
1180 455 23 31
727 426 14 14
855 427 13 15
frame - 92
4
279 420 33 43
428 436 22 22
861 427 15 15
1178 456 26 31
frame - 93
5
280 414 30 45
428 436 23 23
862 427 15 14
1181 456 23 31
729 421 14 12
frame - 94
2
280 416 29 40
729 422 14 11
frame - 95
6
862 426 15 15
731 422 13 12
280 414 27 41
1138 458 21 28
1183 456 23 30
427 434 24 23
frame - 96
3
862 427 16 15
428 434 23 23
729 421 14 12
frame - 97
3
862 427 14 15
730 422 13 12
731 425 15 14
frame - 98
1
863 426 16 16
frame - 99
0
frame - 100
2
863 427 15 15
881 440 14 18
frame - 101
1
880 439 14 18
frame - 102
4
880 436 13 15
880 439 13 17
574 441 22 24
429 428 28 30
frame - 103
5
1139 459 18 27
882 439 12 17
1134 457 15 21
880 435 12 16
575 442 22 24
frame - 104
3
881 437 13 19
1141 459 16 26
866 425 14 16
frame - 105
1
866 425 15 16
frame - 106
1
866 425 15 16
frame - 107
2
1140 459 21 26
866 426 17 16
frame - 108
2
866 425 16 16
883 438 14 18
frame - 109
3
866 425 18 17
805 433 17 16
733 425 15 15
frame - 110
4
866 425 18 17
1146 458 20 28
731 425 15 14
733 421 14 12
frame - 111
2
736 449 19 17
866 426 20 16
frame - 112
3
737 449 19 16
866 426 19 16
875 427 18 16
frame - 113
3
867 426 18 17
812 414 16 14
890 434 14 16
frame - 114
4
874 427 16 16
1144 450 19 24
867 425 18 17
732 424 16 15
frame - 115
1
1148 462 18 23
frame - 116
5
1146 462 19 23
732 423 16 16
811 417 17 14
883 434 15 16
868 425 16 17
frame - 117
3
732 422 17 17
884 439 17 19
322 416 25 31
frame - 118
4
1145 459 16 20
733 423 16 17
1207 460 25 32
887 438 16 19
frame - 119
4
1141 459 20 27
1208 459 27 34
733 424 17 16
889 438 14 19
frame - 120
4
1145 459 16 26
892 439 15 19
877 426 16 16
733 424 17 16
frame - 121
6
889 439 15 19
439 425 28 31
1148 459 18 26
876 425 16 17
1210 458 28 34
1151 456 17 23
frame - 122
5
889 439 15 19
253 404 26 43
1148 459 20 27
876 425 17 17
1212 458 30 29
frame - 123
5
889 438 15 19
253 405 25 42
1213 458 27 34
815 414 16 13
879 425 15 17
frame - 124
6
887 438 17 19
254 407 24 40
1145 458 20 27
816 411 17 14
737 425 17 15
1214 458 25 32
frame - 125
4
889 437 17 20
1159 454 21 24
878 426 16 16
1218 458 25 29
frame - 126
2
890 438 16 20
879 425 16 16
frame - 127
4
248 407 28 42
891 438 15 19
879 426 17 16
380 410 16 17
frame - 128
5
892 438 16 20
249 410 26 39
878 425 16 16
1145 453 18 22
1162 455 21 22
frame - 129
5
878 425 17 16
892 437 17 20
888 432 17 18
1222 460 26 27
384 409 13 18
frame - 130
5
243 411 33 40
894 437 15 19
880 425 15 17
1164 455 20 22
890 432 15 19
frame - 131
6
895 437 16 20
879 425 15 16
1226 458 25 28
891 432 16 19
924 438 15 18
1168 453 17 23
frame - 132
8
893 436 18 20
241 408 33 41
891 432 17 19
879 425 16 17
923 438 16 18
1168 453 17 22
1228 458 25 28
1149 473 19 22
frame - 133
7
892 432 16 19
880 424 15 17
897 436 16 20
1227 457 27 33
241 405 31 42
849 424 16 15
1169 453 16 22
frame - 134
11
241 408 33 40
892 432 16 19
1172 450 15 20
897 436 16 20
850 424 16 15
924 438 16 19
1230 459 23 28
588 440 21 25
851 419 15 13
386 405 13 18
881 424 15 17
frame - 135
5
922 437 17 20
893 433 15 18
896 436 17 20
1168 452 16 21
382 408 15 16
frame - 136
6
893 433 16 18
924 437 17 19
895 436 16 20
1167 452 17 24
383 408 14 16
240 407 24 41
frame - 137
7
894 433 16 18
895 436 16 20
1157 448 14 20
1164 449 17 22
589 440 21 25
382 407 15 16
925 436 16 19
frame - 138
7
893 431 16 20
240 407 24 42
924 436 17 20
895 434 17 22
1168 450 17 25
590 440 20 25
379 407 16 15
frame - 139
6
893 431 17 19
239 404 27 44
590 440 21 24
924 436 17 20
746 426 19 14
441 425 14 21
frame - 140
10
896 435 17 22
925 437 16 20
894 432 16 19
1238 451 25 25
237 409 26 40
747 425 18 15
590 440 21 24
1165 453 16 24
851 424 14 16
381 407 16 15
frame - 141
5
898 431 15 19
853 423 14 17
237 407 27 41
591 439 21 25
927 439 14 19
frame - 142
6
896 431 16 18
236 406 26 43
927 439 16 19
591 439 21 25
1168 456 16 21
852 424 14 16
frame - 143
4
928 438 16 19
897 432 16 18
235 408 25 41
900 435 16 21
frame - 144
4
897 432 15 18
235 408 25 41
928 438 15 20
459 428 25 20
frame - 145
3
904 436 14 21
235 410 24 39
898 433 14 18
frame - 146
3
909 437 15 20
1177 453 21 24
898 433 14 18
frame - 147
3
1176 452 21 24
898 432 15 18
1170 453 17 24
frame - 148
5
1177 451 21 25
285 418 27 42
899 432 15 19
391 406 17 16
231 416 29 39
frame - 149
5
1178 451 23 26
888 423 16 17
898 432 14 18
907 436 15 21
389 406 19 16
frame - 150
2
1179 452 22 26
393 406 17 18
frame - 151
2
1182 452 18 25
894 424 14 16
frame - 152
6
891 422 15 17
1253 451 24 24
284 420 27 39
1182 454 19 23
901 432 14 18
935 434 12 17
frame - 153
5
1185 452 15 25
894 421 15 18
1193 454 18 24
392 405 18 18
903 433 13 17
frame - 154
5
281 418 29 43
1193 452 20 26
893 421 16 18
392 406 19 18
904 432 13 18
frame - 155
7
277 419 31 40
1196 452 21 26
393 406 18 18
1256 450 22 24
905 432 15 18
909 437 15 20
894 422 16 17
frame - 156
7
904 432 15 19
279 420 29 38
895 422 16 17
393 407 17 17
907 435 16 22
757 420 13 12
1196 452 22 26
frame - 157
5
277 419 31 41
909 432 14 18
395 408 18 17
759 421 13 12
898 423 15 17
frame - 158
6
275 420 33 41
910 433 14 18
397 408 17 17
912 436 14 20
1180 448 20 31
759 421 13 12
frame - 159
5
909 433 15 18
912 436 14 20
397 407 17 18
895 421 15 17
1200 451 23 27
frame - 160
6
276 420 32 39
910 436 16 20
907 433 15 19
893 421 17 17
398 408 16 19
1204 451 19 26
frame - 161
6
276 417 31 45
907 433 15 18
910 436 16 20
398 408 15 18
1202 451 22 27
895 423 16 16
frame - 162
5
272 416 34 47
908 434 15 18
910 436 16 20
397 409 16 17
1201 452 22 26
frame - 163
6
272 418 35 45
911 435 16 22
907 433 16 19
895 423 15 16
1203 451 19 27
398 408 15 18
frame - 164
6
913 436 15 20
272 418 34 42
1204 453 20 25
910 434 15 18
895 422 16 16
400 409 14 18
frame - 165
6
1205 452 19 25
913 436 15 20
909 433 16 19
895 423 15 16
399 408 16 19
1265 455 15 19
frame - 166
5
912 435 17 22
1204 452 22 26
893 421 16 16
908 433 17 19
400 410 15 18
frame - 167
5
911 436 18 22
1207 453 20 25
397 408 16 18
894 422 16 16
907 433 17 19
frame - 168
4
911 435 18 23
894 423 16 15
398 409 15 17
1208 454 19 24
frame - 169
4
910 435 19 23
894 423 16 16
399 409 14 17
904 432 18 19
frame - 170
5
911 435 18 22
909 433 17 19
398 410 16 17
280 418 26 30
896 423 16 15
frame - 171
5
914 436 16 21
910 433 16 18
400 410 16 17
896 423 16 16
1210 453 17 23
frame - 172
5
915 436 17 21
908 432 18 19
400 410 16 17
897 424 16 17
1212 454 18 23
frame - 173
5
911 433 16 18
917 437 16 20
401 410 14 17
896 423 16 17
1216 454 16 23
frame - 174
5
909 433 16 18
401 410 15 17
916 437 15 19
898 425 15 16
1218 452 14 24
frame - 175
4
908 433 16 17
896 424 15 16
919 438 14 18
1220 453 14 24
frame - 176
3
918 438 15 19
896 423 15 17
911 433 15 17
frame - 177
3
918 438 15 19
897 424 15 17
911 433 15 18
frame - 178
6
916 439 15 18
894 425 18 16
908 434 17 16
939 433 17 16
1218 455 17 22
285 414 16 17
frame - 179
5
919 438 15 19
894 425 16 16
1218 456 17 22
908 432 16 18
1270 450 10 21
frame - 180
5
1223 462 20 23
894 423 17 17
919 439 15 19
1271 448 9 19
285 413 15 17
frame - 181
5
1223 461 21 24
893 423 17 18
1272 448 8 19
919 439 14 19
283 414 16 17
frame - 182
7
893 423 18 17
1223 460 20 25
919 439 14 18
284 414 15 17
1273 449 7 21
922 438 15 21
1220 455 18 21
frame - 183
4
1215 455 18 22
919 439 15 19
284 414 16 16
894 423 17 18
frame - 184
5
1214 454 16 23
282 414 17 16
894 424 16 17
921 438 15 22
1220 459 17 25
frame - 185
5
920 439 18 21
893 424 18 17
1226 460 18 25
1219 456 17 21
284 413 15 17
frame - 186
3
1224 456 17 20
892 423 17 18
922 438 16 21
frame - 187
4
1223 456 15 20
921 439 17 21
893 424 17 17
917 438 15 20
frame - 188
4
1226 456 16 19
921 439 17 21
892 424 18 17
918 439 15 19
frame - 189
3
1215 457 17 20
891 423 18 18
920 439 18 21
frame - 190
4
893 424 17 17
1233 456 14 20
920 439 18 20
918 439 15 18
frame - 191
4
921 440 18 20
1233 458 15 19
893 423 17 18
1227 462 17 22
frame - 192
5
921 439 17 21
893 423 17 17
1215 461 16 23
1231 458 13 19
917 439 15 19
frame - 193
4
921 439 18 21
1213 463 20 22
893 424 17 17
1222 461 16 18
frame - 194
4
922 440 18 20
1216 462 19 23
893 423 17 17
1228 459 16 19
frame - 195
4
923 440 18 20
1219 463 19 22
893 425 17 16
1230 458 17 19
frame - 196
4
925 439 17 21
895 425 16 16
1216 464 20 21
1230 459 17 19
frame - 197
4
925 439 17 21
895 425 17 16
1235 456 16 21
1226 461 18 24
frame - 198
4
926 439 17 21
896 425 16 16
1237 459 15 18
1227 462 18 23
frame - 199
4
926 439 18 21
895 425 17 17
1238 458 13 18
803 432 15 17
frame - 200
3
927 439 17 21
899 429 17 18
896 425 17 17
frame - 201
5
928 440 17 20
801 432 14 17
898 429 17 18
897 426 16 17
1243 455 18 19
frame - 202
6
929 440 16 20
899 429 17 18
897 426 16 16
802 432 14 16
1244 456 16 18
1236 459 14 18
frame - 203
5
929 439 16 21
899 429 16 19
1245 454 16 18
801 431 14 17
897 427 15 16
frame - 204
7
929 440 16 19
957 436 15 16
809 431 15 17
896 426 16 16
904 431 15 17
1246 457 16 16
819 427 15 16
frame - 205
8
930 440 16 19
817 429 16 19
905 430 16 18
1231 458 16 17
957 436 14 15
829 425 17 18
898 426 16 16
615 448 24 25
frame - 206
7
930 440 17 20
957 436 15 15
811 431 16 18
829 425 17 17
907 431 16 17
1228 458 17 18
899 427 16 15
frame - 207
8
930 440 17 20
955 438 16 18
959 436 15 16
899 427 16 15
812 433 15 16
1228 459 15 17
904 431 16 17
940 440 17 19
frame - 208
6
929 439 17 20
955 438 15 18
958 436 15 17
803 434 14 16
944 439 16 19
616 449 24 25
frame - 209
7
956 437 16 19
931 440 16 20
959 436 16 16
898 427 16 15
903 430 16 18
802 434 15 16
940 439 17 20
frame - 210
5
931 440 17 20
956 437 17 19
960 435 15 17
824 431 16 18
1229 459 16 19
frame - 211
5
960 434 16 17
1229 459 16 19
931 440 18 20
957 436 16 19
823 431 16 18
frame - 212
4
956 437 18 19
1225 457 16 17
932 440 16 20
960 435 17 18
frame - 213
6
955 437 17 19
1225 457 17 18
933 440 16 20
938 439 18 20
897 426 15 15
959 436 16 17
frame - 214
6
957 437 17 19
961 435 16 18
933 440 16 20
1256 455 17 20
1224 455 15 18
825 431 17 18
frame - 215
6
956 438 16 18
1258 455 16 19
960 436 16 16
898 424 16 17
934 440 15 19
828 431 17 18
frame - 216
8
1254 455 19 20
956 437 16 19
896 424 17 17
960 435 16 17
941 439 17 21
822 427 17 16
821 432 17 17
935 440 14 19
frame - 217
6
956 437 16 19
961 435 16 17
1255 454 19 21
941 439 17 20
898 425 16 16
824 435 15 15
frame - 218
5
960 434 14 17
827 434 16 15
895 422 16 18
1263 455 14 19
936 440 14 19
frame - 219
6
826 434 16 15
961 434 14 16
413 408 19 16
894 421 17 19
1261 461 17 24
895 418 16 16
frame - 220
7
960 435 13 16
413 409 19 15
824 433 17 16
625 449 24 24
769 426 18 16
895 421 17 18
895 418 16 16
frame - 221
4
830 435 15 14
769 425 18 17
626 450 24 24
414 410 18 15
frame - 222
2
832 435 15 14
628 450 23 24
frame - 223
2
1262 462 16 23
898 424 15 17
frame - 224
1
897 423 16 17
frame - 225
1
899 425 15 16
frame - 226
2
899 423 16 18
816 433 16 16
frame - 227
3
898 424 15 17
1258 463 16 23
1254 463 15 24
frame - 228
4
898 424 15 17
1255 464 13 22
84 424 33 40
77 425 31 41
frame - 229
4
898 421 16 20
82 421 35 39
630 450 23 22
1259 461 16 26
frame - 230
3
896 422 16 19
631 449 23 22
87 419 33 36
frame - 231
3
897 423 15 18
81 419 38 34
633 449 21 23
frame - 232
3
897 423 15 18
73 420 37 32
633 448 22 24
frame - 233
2
895 422 19 19
71 419 35 35
frame - 234
3
70 423 34 40
898 424 15 17
779 428 20 14
frame - 235
2
69 423 35 40
897 424 16 17
frame - 236
4
896 423 16 17
71 420 34 36
1267 459 12 26
968 436 11 15
frame - 237
3
68 420 37 36
897 424 15 17
968 436 11 15
frame - 238
2
1269 461 11 24
899 423 15 18
frame - 239
1
899 424 16 16
frame - 240
1
897 425 16 17
frame - 241
2
898 423 16 18
641 448 23 26
frame - 242
3
897 424 17 18
641 448 24 26
944 454 14 20
frame - 243
2
897 424 17 19
642 448 23 27
frame - 244
4
899 423 18 19
642 448 24 26
963 438 13 19
817 432 15 17
frame - 245
2
899 422 17 20
813 431 16 18
frame - 246
2
897 424 19 18
644 449 22 26
frame - 247
2
901 423 18 19
644 449 22 25
frame - 248
3
901 423 18 19
643 449 24 24
275 416 15 16
frame - 249
1
902 424 18 18
frame - 250
2
903 423 19 19
645 450 23 24
frame - 251
2
902 423 19 19
647 450 22 24
frame - 252
1
903 422 19 19
frame - 253
2
903 422 19 19
648 451 22 24
frame - 254
2
903 423 19 19
648 450 24 24
frame - 255
2
903 423 19 18
649 449 24 25
frame - 256
3
903 422 19 19
649 449 23 24
850 423 15 18
frame - 257
1
902 423 20 19
frame - 258
1
903 423 18 19
frame - 259
3
904 423 19 19
651 449 22 26
849 424 16 18
frame - 260
1
904 424 18 18
frame - 261
1
905 424 20 18
frame - 262
3
26 409 34 38
907 424 19 18
650 448 24 25
frame - 263
2
906 425 18 17
26 408 33 39
frame - 264
3
907 425 18 18
841 441 19 17
92 412 32 38
frame - 265
4
92 417 30 39
842 442 18 16
907 425 18 18
963 447 11 18
frame - 266
3
90 416 32 40
847 416 18 16
906 425 19 18
frame - 267
3
89 418 33 38
24 418 30 38
804 430 18 14
frame - 268
3
89 417 33 38
807 430 17 14
907 424 18 19
frame - 269
3
87 419 36 37
846 426 17 17
907 425 19 18
frame - 270
3
87 418 31 39
801 430 16 13
907 425 17 16
frame - 271
4
86 418 32 39
801 429 16 14
906 425 17 17
966 450 9 16
frame - 272
4
85 418 36 38
906 425 17 17
966 450 10 17
801 429 16 14
frame - 273
5
907 425 18 17
88 419 31 36
967 450 10 16
803 430 15 13
844 441 19 17
frame - 274
3
909 426 18 16
967 450 9 16
804 429 15 14
frame - 275
4
76 419 32 36
909 426 18 17
969 447 10 16
808 430 15 13
frame - 276
5
76 419 32 36
969 451 9 16
810 430 15 13
910 426 18 17
813 431 15 16
frame - 277
4
77 420 27 36
809 430 15 13
911 426 16 16
969 449 10 16
frame - 278
4
910 426 18 17
809 430 16 13
969 453 9 17
75 420 26 35
frame - 279
5
911 426 19 17
73 416 26 34
970 451 9 16
807 430 16 13
72 413 18 36
frame - 280
5
910 425 18 18
809 430 15 13
811 432 17 15
971 449 9 15
994 440 11 18
frame - 281
4
911 426 18 17
841 449 21 16
660 451 24 25
815 430 15 13
frame - 282
6
911 426 16 16
969 447 11 16
660 451 24 26
813 431 15 12
77 415 24 32
914 429 16 16
frame - 283
6
911 426 16 16
813 431 16 12
431 411 16 15
915 429 15 17
969 448 12 16
841 450 21 14
frame - 284
4
911 425 16 16
661 451 23 25
814 431 14 12
969 448 11 16
frame - 285
4
912 425 17 16
816 431 14 12
78 418 25 30
661 452 23 25
frame - 286
7
814 431 16 12
910 424 17 16
3 415 16 45
861 440 17 15
815 432 18 15
851 418 17 13
664 453 21 24
frame - 287
9
3 415 16 44
815 430 16 13
916 420 15 14
970 452 10 17
663 453 23 23
913 423 16 16
861 436 17 14
818 432 19 15
473 431 19 15
frame - 288
6
912 423 17 16
1 417 16 42
814 430 15 13
911 419 16 14
664 453 22 22
970 449 11 16
frame - 289
3
910 424 17 16
1 416 15 42
665 453 23 22
frame - 290
6
912 424 17 17
1 418 16 39
817 429 14 13
472 432 17 15
665 452 22 23
861 434 18 16
frame - 291
4
913 423 17 18
0 417 15 33
468 413 14 16
861 434 18 16
frame - 292
3
0 418 14 31
913 422 17 19
469 414 14 16
frame - 293
3
824 429 18 15
0 419 13 38
831 431 19 16
frame - 294
2
1 419 13 38
820 428 17 15
frame - 295
2
824 428 18 15
1 420 12 37
frame - 296
3
824 428 18 15
1 421 12 36
910 424 17 17
frame - 297
4
666 451 22 22
909 423 17 18
826 427 17 15
1 421 9 37
frame - 298
2
919 425 20 17
912 425 17 17
frame - 299
1
912 425 16 16
frame - 300
0
frame - 301
2
81 415 25 33
970 451 12 17
frame - 302
3
39 421 20 27
81 416 25 32
465 415 15 19
frame - 303
3
921 424 20 17
41 420 24 28
81 417 25 30
frame - 304
2
921 424 20 17
38 419 29 29
frame - 305
2
829 428 17 16
831 429 17 18
frame - 306
2
927 416 17 15
845 448 20 16
frame - 307
1
996 435 11 15
frame - 308
1
30 421 29 27
frame - 309
2
831 430 18 17
924 424 19 18
frame - 310
4
995 437 11 15
998 438 10 18
924 422 18 18
831 429 18 18
frame - 311
1
821 428 18 15
frame - 312
0
frame - 313
0
frame - 314
2
830 429 19 18
822 428 19 16
frame - 315
0
frame - 316
1
994 437 11 15
frame - 317
2
993 437 12 15
822 426 20 16
frame - 318
3
824 426 19 16
927 424 19 17
993 439 12 18
frame - 319
4
820 426 20 16
983 452 12 17
677 457 22 20
995 439 12 18
frame - 320
4
823 427 19 16
982 454 11 16
676 457 24 21
829 429 19 17
frame - 321
2
823 427 19 16
983 457 11 17
frame - 322
3
983 456 12 18
825 427 18 15
1009 436 13 14
frame - 323
3
822 427 19 15
984 457 12 17
676 457 23 18
frame - 324
3
996 436 13 15
824 427 19 15
984 456 12 16
frame - 325
3
996 437 13 15
827 426 17 16
676 456 23 17
frame - 326
3
995 435 14 16
675 456 25 18
828 426 18 15
frame - 327
3
995 436 13 15
676 456 24 18
829 425 18 16
frame - 328
1
993 437 13 14
frame - 329
1
677 455 23 17
frame - 330
3
985 455 11 17
1013 438 12 14
677 455 24 17
frame - 331
2
1014 438 12 14
986 455 11 17
frame - 332
3
1015 439 12 16
676 456 24 17
987 456 11 16
frame - 333
3
1015 439 13 17
986 454 11 16
675 454 25 17
frame - 334
2
984 455 10 15
1015 437 13 15
frame - 335
2
985 454 12 16
1015 437 13 15
frame - 336
2
983 454 12 16
1015 437 13 15
frame - 337
2
985 456 11 16
1016 437 13 14
frame - 338
2
985 454 11 16
1015 437 14 15
frame - 339
2
985 456 12 16
1015 437 14 14
frame - 340
2
985 454 10 15
1017 437 12 14
frame - 341
2
985 454 11 16
1017 437 13 14
frame - 342
2
985 454 12 16
1021 436 14 14
frame - 343
2
1022 436 14 14
984 454 12 16
frame - 344
4
987 455 12 17
1022 436 14 14
547 451 25 21
858 452 20 13
frame - 345
3
988 454 11 17
1022 436 13 14
549 452 24 21
frame - 346
2
1023 436 13 14
987 454 12 18
frame - 347
2
1022 437 14 14
987 454 12 16
frame - 348
2
1022 437 14 14
990 452 12 17
frame - 349
1
1023 437 13 14
frame - 350
2
1022 437 14 14
511 427 18 15
frame - 351
2
985 454 12 17
1021 437 15 14
frame - 352
0
frame - 353
0
frame - 354
1
1025 437 12 14
frame - 355
2
992 452 12 18
1025 437 13 14
frame - 356
1
1025 437 12 14
frame - 357
0
frame - 358
0
frame - 359
0
frame - 360
0
frame - 361
0
frame - 362
1
905 425 15 15
frame - 363
1
911 425 14 15
frame - 364
1
907 424 14 16
frame - 365
0
frame - 366
2
911 423 15 17
887 416 15 17
frame - 367
0
frame - 368
1
911 425 14 16
frame - 369
1
910 424 14 16
frame - 370
1
907 423 14 17
frame - 371
1
1009 436 14 15
frame - 372
2
1009 437 14 15
880 422 16 18
frame - 373
1
1006 439 14 18
frame - 374
2
1011 436 13 15
998 452 12 16
frame - 375
1
1010 437 13 14
frame - 376
1
1012 436 12 15
frame - 377
5
842 426 20 16
1011 436 12 15
503 426 18 14
841 430 21 17
1040 436 13 14
frame - 378
4
842 427 20 15
1010 437 13 14
1040 436 13 14
503 426 18 14
frame - 379
5
843 427 19 15
1011 437 13 14
1039 435 14 15
926 426 17 17
313 423 14 15
frame - 380
2
1012 437 12 15
927 425 15 17
frame - 381
3
1039 436 15 15
311 421 14 16
1013 437 14 15
frame - 382
3
1013 436 13 15
306 416 16 15
1039 436 13 15
frame - 383
2
1014 437 12 14
1039 436 14 15
frame - 384
2
305 417 16 15
310 422 14 14
frame - 385
4
1013 437 13 13
304 417 17 15
309 422 16 15
1040 439 14 18
frame - 386
3
1013 436 13 14
309 422 15 15
303 417 17 16
frame - 387
4
1040 437 15 15
303 417 17 16
1013 437 13 14
309 422 15 14
frame - 388
5
1038 439 16 17
310 422 14 14
304 418 15 15
1041 437 16 15
1014 437 12 15
frame - 389
0
frame - 390
2
303 418 17 15
1014 439 11 19
frame - 391
3
304 418 16 14
932 427 13 16
309 422 14 14
frame - 392
2
933 427 13 16
1040 442 12 18
frame - 393
0
frame - 394
0
frame - 395
1
961 432 13 17
frame - 396
1
960 432 13 16
frame - 397
1
305 415 15 16
frame - 398
2
305 415 15 15
1025 437 12 15
frame - 399
3
306 415 15 15
963 431 14 17
1024 437 13 15
frame - 400
1
1025 437 12 15
frame - 401
1
304 415 15 16
frame - 402
1
962 426 14 17
frame - 403
2
962 431 14 17
1025 437 12 15
frame - 404
3
1025 437 12 14
302 415 17 17
963 431 14 17
frame - 405
1
1025 437 13 14
frame - 406
2
1022 448 13 17
1025 437 14 14
frame - 407
3
1025 448 13 17
724 470 30 32
302 417 17 16
frame - 408
3
1024 448 14 17
303 417 17 16
1026 437 15 14
frame - 409
5
1025 448 14 17
728 468 31 35
1027 437 16 14
302 416 17 17
969 426 18 17
frame - 410
3
731 468 28 34
1025 447 15 18
968 430 16 18
frame - 411
3
967 430 17 18
966 427 17 16
1026 447 14 19
frame - 412
4
732 469 29 35
1028 446 14 20
968 431 17 18
661 495 23 27
frame - 413
5
734 468 30 34
1028 447 14 19
857 433 21 15
967 430 17 18
252 415 15 17
frame - 414
4
1027 447 14 20
734 469 29 34
1046 441 12 17
860 434 18 13
frame - 415
3
736 469 28 33
860 434 19 14
965 431 16 17
frame - 416
2
969 431 14 17
860 434 18 13
frame - 417
2
967 431 16 17
1034 437 12 14
frame - 418
1
969 430 17 18
frame - 419
1
970 431 18 18
frame - 420
3
883 454 17 14
848 427 16 14
973 431 17 18
frame - 421
1
741 467 34 34
frame - 422
2
743 469 31 33
849 424 15 16
frame - 423
4
849 424 15 15
975 429 17 19
1038 447 12 18
744 469 31 34
frame - 424
5
1039 447 13 20
849 424 15 16
977 427 16 16
850 421 14 13
744 469 32 34
frame - 425
3
974 430 17 18
1037 447 12 17
254 415 17 18
frame - 426
4
976 430 17 18
252 414 18 18
1038 448 12 17
749 467 32 31
frame - 427
5
977 430 17 19
1040 441 12 17
253 414 17 18
750 467 31 31
1037 448 11 17
frame - 428
5
253 414 17 18
1041 442 11 16
751 467 31 31
978 431 16 18
1038 447 11 16
frame - 429
4
1039 441 11 17
253 415 18 17
978 431 17 18
1038 447 11 17
frame - 430
4
977 431 16 18
1038 448 12 19
1040 440 12 18
253 415 18 17
frame - 431
3
978 431 17 18
1038 449 12 19
253 415 18 17
frame - 432
4
1037 448 14 19
977 431 17 18
1044 441 13 18
254 415 17 17
frame - 433
6
1038 449 14 19
1042 437 14 15
1041 440 14 17
254 415 18 17
977 432 16 17
753 467 32 31
frame - 434
3
1040 448 15 21
1042 436 14 15
254 414 17 18
frame - 435
3
1040 449 15 21
254 414 17 18
1042 435 14 15
frame - 436
3
1041 449 16 21
253 414 18 18
881 433 17 16
frame - 437
3
1040 449 16 20
253 414 18 18
879 432 19 16
frame - 438
3
1037 448 14 18
759 465 32 35
253 413 17 19
frame - 439
2
1039 448 14 19
253 413 18 19
frame - 440
5
1042 450 13 19
252 413 18 19
902 424 16 17
981 431 17 18
290 415 17 17
frame - 441
2
253 414 18 18
1044 447 12 19
frame - 442
2
1047 437 13 13
253 414 18 18
frame - 443
4
1047 437 13 14
253 414 18 18
864 427 17 15
293 416 15 17
frame - 444
4
983 432 18 17
766 465 31 31
1049 437 12 14
253 414 18 18
frame - 445
3
253 413 17 18
1050 437 12 14
985 431 20 17
frame - 446
4
1049 437 13 13
253 413 18 18
986 432 19 17
293 414 15 18
frame - 447
5
1050 437 14 14
982 432 19 17
1049 440 15 17
254 413 17 18
293 414 15 17
frame - 448
2
1050 436 14 14
985 432 18 16
frame - 449
4
983 432 18 17
1053 437 14 13
1047 449 14 18
294 414 15 17
frame - 450
6
1049 450 14 20
252 412 19 18
287 413 18 19
1173 450 12 16
882 427 17 14
987 432 17 17
frame - 451
6
1046 449 14 19
252 412 18 18
1173 451 13 16
989 428 17 15
988 430 18 18
288 414 18 19
frame - 452
3
1049 450 11 17
253 413 17 17
289 414 18 18
frame - 453
5
1053 448 11 18
252 412 19 18
910 440 16 17
772 465 33 36
291 414 17 18
frame - 454
5
990 431 17 17
772 464 33 39
1052 447 12 18
251 412 20 19
289 414 18 18
frame - 455
6
990 430 17 18
1054 447 12 18
291 414 17 18
252 412 19 19
988 428 17 16
896 427 17 14
frame - 456
5
988 428 18 16
900 424 19 17
1057 447 12 19
252 412 19 19
289 414 17 18
frame - 457
5
1058 447 13 19
251 412 19 19
993 431 15 17
289 414 17 19
893 426 18 15
frame - 458
6
1056 447 15 19
252 412 19 19
991 430 17 18
289 414 17 19
895 426 19 15
988 428 17 15
frame - 459
5
1058 447 13 18
252 412 19 19
992 432 16 16
778 465 32 37
907 442 19 16
frame - 460
3
1056 447 15 18
253 412 19 19
994 432 16 17
frame - 461
5
1057 448 15 19
779 466 32 37
253 413 19 19
994 433 16 16
1005 435 15 16
frame - 462
5
1056 448 14 18
1003 435 16 16
993 433 16 16
779 466 35 32
253 413 18 19
frame - 463
3
1057 448 14 19
779 468 33 38
1005 435 15 16
frame - 464
2
1057 448 14 18
781 467 34 31
frame - 465
2
1056 448 15 18
780 469 33 38
frame - 466
3
1056 448 15 19
781 468 35 31
1006 434 17 16
frame - 467
1
1057 448 15 19
frame - 468
4
1057 449 12 18
863 457 16 17
991 432 17 16
786 470 33 38
frame - 469
3
1058 449 12 18
786 470 34 38
993 433 15 15
frame - 470
3
1057 448 13 19
787 471 34 38
965 427 16 15
frame - 471
5
1060 448 14 21
900 426 20 16
788 472 34 38
991 432 16 17
1006 435 16 15
frame - 472
5
1060 449 13 18
788 472 34 38
903 424 19 16
993 433 15 16
1008 436 14 15
frame - 473
4
1061 450 14 22
981 431 17 18
897 426 20 15
1008 435 15 16
frame - 474
3
1059 449 13 20
990 434 16 16
885 428 17 14
frame - 475
5
1059 449 11 19
1008 435 15 15
994 434 15 16
902 425 16 14
290 415 16 18
frame - 476
4
996 435 16 15
1061 450 11 19
1005 433 16 16
894 428 17 14
frame - 477
3
1062 451 12 20
993 434 16 17
1008 433 15 17
frame - 478
4
1064 450 11 19
1008 434 15 15
994 435 16 16
791 479 34 36
frame - 479
1
1069 452 11 20
frame - 480
3
1070 452 12 20
792 480 35 37
1008 434 15 16
frame - 481
4
1071 452 12 20
1010 434 15 16
258 417 16 16
904 425 17 15
frame - 482
4
1071 451 13 21
1011 432 16 17
975 431 18 19
907 425 17 15
frame - 483
3
795 478 32 41
1073 452 13 20
1014 434 13 16
frame - 484
3
795 479 34 40
1071 453 14 20
1014 435 13 16
frame - 485
3
797 478 32 41
1072 452 14 20
1013 433 15 17
frame - 486
3
1072 452 15 20
796 479 33 39
1012 433 14 16
frame - 487
3
1074 452 12 21
796 478 33 40
1013 433 14 17
frame - 488
4
1072 453 13 20
1013 434 14 17
796 479 33 39
258 416 15 16
frame - 489
4
1072 453 13 21
1010 434 17 18
796 480 34 38
258 417 15 15
frame - 490
3
1073 455 12 20
795 480 37 36
1011 434 17 18
frame - 491
3
1072 455 13 20
796 482 37 35
975 431 17 19
frame - 492
3
1074 454 13 21
797 483 36 35
1013 433 14 18
frame - 493
3
1076 453 12 20
797 484 36 34
885 433 19 16
frame - 494
2
1075 454 14 20
882 432 18 17
frame - 495
3
882 431 18 18
804 484 31 37
1076 454 12 20
frame - 496
2
1074 453 13 19
1013 434 15 17
frame - 497
1
1074 453 13 18
frame - 498
2
1074 454 14 20
1013 432 15 19
frame - 499
2
1017 431 18 20
1075 454 14 20
frame - 500
3
1075 453 15 19
1014 433 14 19
805 487 32 37
frame - 501
2
1075 453 15 21
976 430 17 20
frame - 502
1
1077 453 14 20
frame - 503
4
1078 452 13 21
805 486 35 37
1017 430 18 20
978 431 17 19
frame - 504
3
1018 433 17 17
807 485 34 35
1013 433 15 18
frame - 505
3
1013 434 16 18
1018 434 17 17
1076 451 13 20
frame - 506
3
1074 451 15 19
1017 434 18 18
1013 433 16 19
frame - 507
2
1014 434 16 18
1073 451 15 18
frame - 508
3
1073 450 14 18
1017 434 18 18
1014 434 16 18
frame - 509
4
1076 450 14 18
1018 434 17 18
810 488 34 38
1015 434 15 18
frame - 510
5
1017 435 19 17
808 486 36 36
1077 450 14 17
1084 449 15 18
1013 434 17 18
frame - 511
3
810 485 34 39
1084 450 16 19
1020 436 17 16
frame - 512
3
1021 438 18 18
811 485 34 38
1087 449 13 18
frame - 513
2
1087 449 14 21
1023 435 15 16
frame - 514
3
1087 449 14 21
1024 435 17 17
813 483 33 38
frame - 515
3
1089 450 13 19
1026 434 14 17
811 484 36 38
frame - 516
3
1087 449 14 18
1026 435 16 16
813 485 37 32
frame - 517
3
1088 450 14 20
816 483 36 39
1026 435 17 17
frame - 518
4
1089 449 13 18
1028 435 15 16
983 431 16 17
820 482 33 38
frame - 519
4
1089 451 13 20
1026 435 16 17
819 482 35 38
1123 451 12 17
frame - 520
1
966 433 15 16
frame - 521
2
1027 435 17 17
1089 450 14 19
frame - 522
2
822 485 36 38
1090 452 15 19
frame - 523
2
821 485 39 37
1091 452 14 18
frame - 524
4
1131 449 13 16
822 485 38 37
1090 449 14 17
1089 442 14 16
frame - 525
3
822 484 39 37
1092 448 14 18
1090 443 15 16
frame - 526
1
1093 449 13 18
frame - 527
4
825 484 38 38
1091 450 15 18
988 431 17 17
892 435 14 15
frame - 528
2
827 484 37 33
1091 451 15 19
frame - 529
2
828 483 38 34
1090 449 15 17
frame - 530
2
1089 449 16 17
830 483 36 33
frame - 531
5
1094 454 14 19
831 483 36 33
1038 438 18 19
1035 435 18 16
1098 456 16 19
frame - 532
2
1093 453 15 18
834 484 35 37
frame - 533
2
1094 454 14 18
836 484 35 37
frame - 534
4
836 485 38 40
1094 453 14 19
991 433 16 16
1040 439 18 18
frame - 535
4
834 485 40 39
1095 452 13 18
991 433 15 15
1042 438 16 18
frame - 536
5
836 485 39 40
1095 451 14 17
1042 439 17 18
1099 453 15 19
991 432 16 16
frame - 537
5
836 485 41 38
1045 440 17 18
1096 450 13 17
1100 454 15 18
996 432 15 16
frame - 538
5
840 484 37 40
1095 451 13 17
994 433 16 16
1100 455 15 19
1044 439 16 18
frame - 539
5
840 485 39 39
1100 454 16 18
1096 450 13 17
992 433 16 16
1044 439 17 18
frame - 540
4
843 486 36 40
1099 456 18 21
1041 438 19 20
1092 457 15 19
frame - 541
4
842 489 37 38
1101 456 16 20
1093 457 14 18
1041 438 17 21
frame - 542
4
842 490 39 34
1100 457 17 20
1093 457 14 19
1042 438 19 20
frame - 543
4
1101 458 16 19
846 490 36 35
1095 458 13 18
1043 439 19 20
frame - 544
3
1103 456 16 21
1042 439 18 20
846 490 36 34
frame - 545
2
849 488 37 39
1103 458 17 19
frame - 546
3
853 490 34 38
1102 458 17 20
1044 437 19 21
frame - 547
4
850 491 38 38
1102 458 16 19
1046 437 18 21
1096 455 12 18
frame - 548
4
853 490 37 37
1105 456 14 17
1047 438 18 20
1146 455 13 18
frame - 549
7
855 491 37 38
1047 438 19 20
1103 455 16 17
1151 455 13 18
1096 454 12 15
771 511 25 35
959 450 17 16
frame - 550
4
855 492 38 38
1106 455 14 16
1150 457 13 17
964 451 16 16
frame - 551
5
857 493 40 34
1130 458 13 18
1107 459 14 17
1048 441 18 18
968 453 15 14
frame - 552
4
858 494 36 38
1107 458 15 16
1148 457 14 18
1050 441 17 17
frame - 553
3
859 493 38 33
1126 457 14 17
1107 458 15 16
frame - 554
3
860 493 38 34
1107 458 15 17
1117 457 11 16
frame - 555
3
860 493 39 35
1118 456 12 16
1108 458 14 17
frame - 556
2
864 496 36 39
1119 458 13 15
frame - 557
3
1117 459 13 16
867 497 37 34
1115 464 14 18
frame - 558
3
869 498 35 36
1117 459 13 16
1041 445 15 17
frame - 559
3
870 498 35 39
1118 458 13 15
1042 445 15 18
frame - 560
3
1119 458 13 15
1046 445 13 17
956 431 19 17
frame - 561
3
1119 458 14 17
874 499 35 38
1047 446 13 17
frame - 562
2
1119 456 15 16
876 499 37 37
frame - 563
3
1118 465 16 19
1119 460 15 15
883 501 32 34
frame - 564
5
1117 457 15 16
1118 465 15 18
882 499 33 37
955 433 21 16
1060 441 14 18
frame - 565
3
880 500 38 38
1119 464 16 20
1120 459 15 17
frame - 566
3
882 501 38 39
1119 465 19 19
1122 460 17 17
frame - 567
2
1120 466 19 19
1124 461 16 15
frame - 568
3
1123 465 19 20
883 502 37 36
1128 462 16 16
frame - 569
2
887 501 38 39
1123 464 19 21
frame - 570
4
892 504 33 40
1127 460 16 17
798 520 26 29
1124 463 16 20
frame - 571
5
892 502 35 41
1128 459 17 18
1125 462 19 22
1064 441 20 18
799 520 25 29
frame - 572
3
1129 459 13 17
892 505 35 39
799 522 27 29
frame - 573
3
892 504 35 40
1128 458 14 17
1131 463 15 21
frame - 574
4
1131 462 15 23
898 504 34 40
801 520 27 30
1069 442 18 18
frame - 575
3
900 506 34 40
1127 462 19 23
1068 442 19 17
frame - 576
2
900 506 35 41
1130 460 18 19
frame - 577
5
902 507 36 43
1131 463 18 23
1066 442 21 19
976 436 17 15
1132 460 16 19
frame - 578
4
1133 466 15 20
976 437 16 14
907 506 30 42
1133 460 14 16
frame - 579
5
1131 458 15 17
975 436 16 14
908 508 32 40
1133 463 16 22
1067 447 18 18
frame - 580
6
1132 458 14 17
1132 463 17 23
977 437 16 13
908 509 32 39
1072 442 18 18
1068 447 17 19
frame - 581
5
909 509 33 40
1133 458 15 17
1133 465 17 22
977 436 17 14
1070 449 16 16
frame - 582
7
1133 457 15 17
1070 447 16 17
910 474 21 20
977 436 17 14
1134 465 16 22
1026 442 17 15
914 509 33 40
frame - 583
3
1132 458 15 17
1132 464 18 23
1072 447 15 17
frame - 584
5
1132 459 15 17
1071 448 16 17
1133 464 18 22
917 510 33 37
978 437 16 13
frame - 585
4
1133 456 13 16
1135 465 16 21
981 438 17 14
1076 449 14 18
frame - 586
2
1135 458 13 16
1137 465 14 20
frame - 587
2
1136 465 17 21
1136 460 15 17
frame - 588
3
1136 459 15 17
1137 466 17 20
983 440 19 16
frame - 589
2
1137 465 18 22
1136 459 15 17
frame - 590
4
1138 458 15 18
1140 465 18 21
974 436 20 15
1185 455 14 20
frame - 591
3
1141 464 19 22
1139 460 15 17
977 436 19 14
frame - 592
3
1141 459 16 18
931 513 34 40
1142 463 19 22
frame - 593
3
1141 459 15 17
934 519 32 35
1144 463 18 23
frame - 594
2
1145 460 16 18
1143 463 20 23
frame - 595
2
1144 464 20 23
1145 461 17 17
frame - 596
3
1144 464 20 22
1146 461 16 17
942 523 33 28
frame - 597
2
1147 465 20 22
1148 461 16 17
frame - 598
3
1146 464 21 23
1147 461 18 18
946 518 32 35
frame - 599
3
945 515 34 39
1147 465 21 22
1148 461 18 17
frame - 600
4
1148 466 19 21
1086 450 16 17
1053 451 16 17
1149 462 16 17
frame - 601
2
1148 465 21 22
1089 451 15 18
frame - 602
2
1091 451 14 18
1149 465 21 23
frame - 603
3
1150 468 20 24
1093 450 14 18
1200 455 15 17
frame - 604
2
1093 451 14 19
1150 469 20 23
frame - 605
2
1151 466 20 21
1148 462 16 15
frame - 606
1
1151 466 20 21
frame - 607
1
1151 466 20 21
frame - 608
1
1153 464 18 22
frame - 609
3
1153 465 18 22
1093 451 14 18
1099 453 17 19
frame - 610
4
1092 450 16 19
1097 452 18 21
1041 450 15 17
1159 468 20 25
frame - 611
3
1160 471 19 23
1093 450 16 21
1097 451 18 22
frame - 612
4
1161 471 18 22
1099 450 16 20
1095 450 14 20
850 438 15 19
frame - 613
3
1161 471 18 23
850 438 16 19
1092 453 15 21
frame - 614
5
1097 452 19 22
1161 472 19 22
1044 451 16 17
1092 454 15 20
1162 469 18 18
frame - 615
4
1164 473 17 21
1164 469 16 18
1100 453 16 21
881 455 15 17
frame - 616
3
1163 472 18 22
1164 469 17 18
1101 453 16 20
frame - 617
4
1101 453 17 19
1165 472 18 22
1165 469 17 17
877 453 15 16
frame - 618
5
879 453 13 16
1101 453 17 18
1165 473 18 22
1164 469 18 18
970 449 17 15
frame - 619
4
883 458 14 17
1100 457 18 18
1165 473 19 22
1165 470 17 16
frame - 620
4
1101 458 17 17
1166 473 18 22
884 459 14 15
1166 470 17 17
frame - 621
4
1165 472 20 23
1103 455 16 15
962 452 19 15
1166 469 18 18
frame - 622
4
1166 475 20 25
1102 457 16 17
979 450 18 16
1167 469 18 18
frame - 623
5
1103 457 16 16
1169 476 18 24
984 441 16 17
888 438 13 14
885 455 14 14
frame - 624
5
886 458 15 16
1103 457 16 16
982 441 17 17
1168 475 19 25
960 451 17 14
frame - 625
3
1105 458 16 16
1168 476 19 25
959 452 20 16
frame - 626
2
884 459 14 15
1105 457 15 16
frame - 627
5
885 459 15 16
1107 457 16 18
978 442 23 17
1115 458 15 17
1044 449 13 13
frame - 628
3
886 459 15 16
1116 459 15 16
971 450 21 14
frame - 629
5
1038 448 16 14
887 458 15 16
964 452 20 14
1214 476 15 19
1176 475 20 20
frame - 630
4
1177 479 20 23
977 451 18 15
888 454 11 14
1040 449 15 14
frame - 631
3
1177 479 19 24
982 450 17 15
888 456 12 15
frame - 632
3
1178 479 18 23
977 451 16 14
886 454 11 13
frame - 633
2
1178 479 19 23
886 455 12 14
frame - 634
4
1176 480 20 22
1013 533 39 39
984 452 19 14
1108 461 25 23
frame - 635
3
1107 461 26 23
1012 532 42 38
1180 481 18 19
frame - 636
3
1180 482 19 19
1013 534 42 38
1107 461 26 23
frame - 637
5
1180 481 20 21
1014 535 42 38
979 449 21 13
1110 462 26 22
1116 459 24 19
frame - 638
4
1015 534 43 41
1181 482 19 21
1110 463 25 21
1117 459 22 19
frame - 639
4
1017 534 45 43
1182 482 18 20
1110 462 25 22
1117 460 22 19
frame - 640
3
1020 535 44 45
1183 482 18 20
1119 464 19 20
frame - 641
3
1020 535 46 42
1184 481 18 20
972 454 21 15
frame - 642
4
1024 538 43 41
1119 460 22 19
975 454 20 13
1185 482 17 20
frame - 643
3
1024 538 46 44
1186 481 17 22
977 454 18 13
frame - 644
4
1023 539 47 44
978 452 19 14
1185 482 18 21
1118 464 20 20
frame - 645
4
1024 540 49 44
971 459 22 13
1121 466 18 19
1185 482 18 21
frame - 646
4
1121 465 18 20
980 452 20 13
943 478 20 14
1186 483 17 21
frame - 647
4
1197 482 17 21
943 478 20 14
943 464 18 12
978 454 21 13
frame - 648
4
1196 483 17 20
978 453 20 14
246 449 14 14
1126 466 20 19
frame - 649
3
943 480 18 13
245 449 15 14
1196 483 17 20
frame - 650
4
1039 550 45 38
981 455 19 13
1196 483 18 20
1129 466 21 19
frame - 651
4
984 451 20 14
1129 466 21 19
945 465 17 12
1197 483 19 20
frame - 652
4
979 456 19 14
1131 466 19 20
1007 458 17 12
1197 484 19 20
frame - 653
3
1132 468 20 18
1197 484 19 20
1006 457 18 13
frame - 654
4
1131 468 21 18
1196 486 21 25
1048 545 42 45
943 478 20 15
frame - 655
3
1132 468 21 19
1194 487 21 24
1008 457 18 15
frame - 656
4
1132 468 21 18
1195 488 22 24
1007 458 19 13
250 451 18 15
frame - 657
3
1131 468 21 18
1196 487 22 26
979 461 16 13
frame - 658
6
1121 463 22 16
1126 467 23 18
978 460 17 13
1196 492 19 23
1003 458 18 12
1199 488 21 25
frame - 659
4
1132 469 20 18
1197 492 20 23
1201 488 22 24
250 451 19 16
frame - 660
4
1199 492 20 23
1133 470 21 17
1202 489 22 24
1131 473 22 20
frame - 661
4
1203 492 18 26
1134 471 20 16
250 452 19 16
1132 473 21 20
frame - 662
4
1205 494 19 24
1134 473 21 20
1135 471 21 16
251 453 18 15
frame - 663
4
1207 495 19 25
1138 470 20 17
862 541 50 43
1001 457 20 13
frame - 664
3
1209 494 19 23
249 452 21 16
1140 470 20 17
frame - 665
3
1209 494 20 24
1137 472 23 21
249 453 21 16
frame - 666
3
1209 495 19 24
1138 473 22 21
248 452 21 18
frame - 667
2
1209 495 21 24
1138 473 26 22
frame - 668
2
1208 495 23 23
1139 473 26 22
frame - 669
3
1209 498 21 23
1142 473 25 22
1002 461 22 13
frame - 670
3
1210 497 21 22
1143 472 26 23
1082 468 20 17
frame - 671
4
1212 497 19 22
1145 473 24 22
1002 455 19 13
1080 469 21 17
frame - 672
4
1212 498 20 21
1145 473 25 22
1002 459 19 13
1081 468 21 16
frame - 673
3
1215 498 18 21
1145 473 25 23
1004 462 20 12
frame - 674
3
1216 498 19 20
1007 461 19 12
1145 474 26 21
frame - 675
3
1219 497 19 20
1147 473 24 23
681 458 16 24
frame - 676
4
935 493 22 17
1224 497 18 20
1252 488 15 16
1149 474 22 22
frame - 677
2
1228 499 18 19
936 489 25 22
frame - 678
2
1228 500 18 19
660 448 15 18
frame - 679
5
1228 501 20 19
1018 463 20 12
662 449 14 16
1157 473 24 22
657 449 15 17
frame - 680
4
657 448 14 17
661 448 13 16
1228 501 18 17
1158 475 22 20
frame - 681
3
1160 475 21 20
1228 498 19 17
1088 461 17 13
frame - 682
2
1231 498 17 17
1161 478 22 23
frame - 683
3
1162 479 21 22
1022 463 17 12
1230 498 18 16
frame - 684
7
1164 479 22 25
666 449 16 17
1022 464 18 11
1231 501 17 19
1092 465 15 12
730 455 13 14
1125 457 16 11
frame - 685
4
1164 478 22 25
1231 501 18 20
1023 465 18 12
667 449 15 17
frame - 686
5
1166 478 22 24
971 496 26 19
1230 501 16 18
1167 387 19 18
1025 464 17 11
frame - 687
4
1136 457 15 11
1024 464 18 12
1167 479 21 24
1171 479 24 24
frame - 688
3
1172 478 23 25
667 452 16 16
966 495 24 16
frame - 689
5
1100 477 17 15
1173 478 22 25
1140 459 16 11
1252 494 14 16
1025 465 16 12
frame - 690
2
1174 481 23 22
978 460 15 10
frame - 691
3
1177 482 21 21
1140 458 17 13
1007 454 16 13
frame - 692
3
1178 483 21 20
898 461 12 10
1141 459 16 12
frame - 693
4
1150 563 50 54
1179 483 20 21
901 462 11 11
1039 458 19 12
frame - 694
4
1150 565 52 58
1181 483 20 20
741 452 13 13
900 463 13 12
frame - 695
2
1156 565 49 62
215 442 17 14
frame - 696
3
1042 463 18 12
215 441 17 16
1157 567 52 65
frame - 697
1
1045 461 18 12
frame - 698
3
1246 519 31 48
1040 464 18 12
732 457 16 15
frame - 699
3
1042 463 17 13
688 458 16 15
1190 487 26 25
