frame - 0
3
572 10 59 22
516 360 15 34
0 313 35 30
frame - 1
2
573 10 58 22
518 364 15 36
frame - 2
3
572 10 60 22
515 368 16 35
412 344 26 33
frame - 3
2
572 10 59 22
157 319 37 36
frame - 4
1
572 10 60 22
frame - 5
1
572 10 60 21
frame - 6
2
572 10 60 21
478 378 22 34
frame - 7
2
572 10 60 21
470 377 28 34
frame - 8
1
572 10 60 21
frame - 9
1
571 10 61 21
frame - 10
1
572 10 60 21
frame - 11
1
570 10 61 21
frame - 12
1
570 10 60 21
frame - 13
1
570 10 60 21
frame - 14
1
570 10 59 21
frame - 15
1
570 10 59 21
frame - 16
1
569 10 61 21
frame - 17
1
569 10 59 21
frame - 18
1
569 10 60 21
frame - 19
2
570 10 58 21
642 358 18 35
frame - 20
2
570 10 58 21
643 360 18 34
frame - 21
2
569 10 60 21
643 362 17 32
frame - 22
1
569 10 61 21
frame - 23
2
569 10 61 21
100 294 33 44
frame - 24
2
569 10 60 21
99 296 32 45
frame - 25
2
569 10 62 20
161 310 33 41
frame - 26
1
570 10 61 20
frame - 27
1
569 10 62 20
frame - 28
1
570 10 61 20
frame - 29
1
570 10 61 20
frame - 30
1
570 10 61 20
frame - 31
1
570 10 60 21
frame - 32
2
57 285 37 46
571 10 60 21
frame - 33
2
53 282 40 45
571 10 59 21
frame - 34
2
45 281 41 46
571 10 59 20
frame - 35
2
571 10 59 21
43 279 39 46
frame - 36
2
41 278 41 45
571 10 60 20
frame - 37
2
39 277 41 47
570 10 60 20
frame - 38
2
37 278 44 47
569 10 62 21
frame - 39
2
36 280 43 45
569 10 61 21
frame - 40
2
33 280 44 49
570 10 61 21
frame - 41
2
32 279 45 49
569 10 61 21
frame - 42
3
31 279 45 50
569 10 61 21
120 307 34 41
frame - 43
2
30 278 45 47
569 10 61 21
frame - 44
2
29 276 44 46
569 10 61 21
frame - 45
2
30 275 38 44
569 10 60 21
frame - 46
2
568 10 63 21
26 272 37 45
frame - 47
2
569 10 61 20
94 304 38 47
frame - 48
3
88 303 39 41
20 267 39 46
569 10 62 21
frame - 49
2
569 10 62 21
87 302 38 42
frame - 50
1
568 10 63 21
frame - 51
2
569 10 61 21
83 297 38 40
frame - 52
3
569 10 61 21
8 266 34 48
83 297 37 38
frame - 53
2
569 10 61 21
81 300 34 40
frame - 54
2
569 10 61 21
74 302 40 37
frame - 55
2
570 10 60 21
73 303 38 39
frame - 56
2
569 10 62 21
73 303 35 39
frame - 57
3
569 10 62 21
70 303 36 40
1028 475 12 13
frame - 58
2
569 10 61 20
69 302 35 39
frame - 59
2
569 10 61 20
67 303 36 40
frame - 60
2
569 10 63 20
66 302 36 41
frame - 61
2
64 299 36 43
569 10 62 21
frame - 62
2
569 10 62 21
63 297 36 44
frame - 63
2
569 10 62 21
553 425 18 21
frame - 64
2
569 10 62 21
556 426 14 20
frame - 65
3
54 289 37 41
569 10 61 20
140 314 32 47
frame - 66
2
52 288 37 40
569 10 61 21
frame - 67
3
49 287 37 39
569 10 62 21
133 308 33 38
frame - 68
4
44 289 39 41
568 10 63 20
126 308 34 42
203 317 33 39
frame - 69
2
43 289 36 39
126 307 33 46
frame - 70
1
39 292 37 42
frame - 71
3
122 301 34 49
35 290 36 37
569 10 61 20
frame - 72
2
568 10 63 20
121 304 34 46
frame - 73
1
569 10 62 20
frame - 74
2
14 283 41 38
569 10 62 21
frame - 75
2
570 10 60 22
11 282 34 35
frame - 76
2
10 275 34 43
570 10 60 20
frame - 77
2
5 271 38 39
570 10 59 21
frame - 78
2
1 267 39 39
569 10 60 21
frame - 79
1
2 265 35 40
frame - 80
0
frame - 81
0
frame - 82
0
frame - 83
1
764 449 17 19
frame - 84
1
763 450 20 19
frame - 85
2
763 451 20 19
172 299 32 40
frame - 86
2
171 295 31 43
764 450 19 19
frame - 87
1
165 293 31 39
frame - 88
1
161 294 33 46
frame - 89
2
155 295 33 42
64 284 34 55
frame - 90
2
152 297 35 45
60 289 34 57
frame - 91
2
53 284 36 51
149 303 35 41
frame - 92
2
139 302 35 40
569 10 61 20
frame - 93
3
569 10 60 21
44 278 34 51
140 301 33 42
frame - 94
2
37 276 36 48
569 10 61 21
frame - 95
2
123 299 36 43
569 10 60 20
frame - 96
2
122 298 35 43
570 10 59 21
frame - 97
2
570 10 60 21
120 296 32 43
frame - 98
2
570 10 60 21
115 291 36 43
frame - 99
1
569 10 60 21
frame - 100
1
570 10 58 21
frame - 101
1
569 10 59 21
frame - 102
2
570 10 58 21
209 243 40 42
frame - 103
1
569 10 59 21
frame - 104
1
207 245 41 46
frame - 105
2
205 246 42 45
104 272 35 47
frame - 106
1
204 246 42 47
frame - 107
1
200 245 41 46
frame - 108
3
199 242 38 47
569 10 61 21
102 271 35 54
frame - 109
4
197 240 39 45
569 10 60 21
902 452 13 17
766 440 17 20
frame - 110
3
98 265 34 56
903 451 14 17
766 440 17 19
frame - 111
2
189 233 40 47
96 265 37 59
frame - 112
1
92 262 34 48
frame - 113
1
182 225 37 47
frame - 114
2
898 452 15 17
177 221 40 49
frame - 115
2
171 220 40 48
898 450 15 18
frame - 116
2
164 219 46 50
895 449 16 18
frame - 117
2
160 219 47 48
895 450 16 18
frame - 118
2
158 220 44 49
893 451 16 17
frame - 119
2
153 222 45 52
892 450 16 18
frame - 120
2
144 225 39 49
891 450 17 18
frame - 121
3
140 225 41 50
890 450 18 17
569 10 61 20
frame - 122
2
130 223 42 49
890 449 18 17
frame - 123
2
889 449 18 18
126 219 40 52
frame - 124
1
888 448 20 18
frame - 125
3
888 447 20 18
568 10 62 21
798 437 16 21
frame - 126
2
887 446 21 19
568 10 62 20
frame - 127
2
889 447 19 18
568 10 62 20
frame - 128
3
97 197 41 51
890 447 19 19
568 10 62 20
frame - 129
3
890 446 20 20
568 10 62 20
769 435 13 16
frame - 130
2
891 446 18 19
568 10 63 20
frame - 131
2
890 447 18 18
568 10 62 20
frame - 132
2
569 10 61 20
882 449 15 17
frame - 133
1
569 10 60 22
frame - 134
0
frame - 135
2
569 10 61 21
932 527 10 12
frame - 136
0
frame - 137
1
568 10 63 21
frame - 138
1
229 286 35 49
frame - 139
2
568 10 62 21
758 435 12 16
frame - 140
0
frame - 141
1
569 10 60 22
frame - 142
1
568 10 61 21
frame - 143
2
210 273 35 47
568 10 62 21
frame - 144
1
568 10 62 21
frame - 145
2
204 276 33 45
568 10 61 21
frame - 146
2
197 278 35 41
568 10 61 21
frame - 147
4
189 279 35 44
568 10 61 20
901 447 15 17
763 407 9 21
frame - 148
4
567 10 62 20
898 447 17 18
188 277 32 50
761 410 10 19
frame - 149
3
178 276 38 46
898 446 17 18
568 10 61 20
frame - 150
3
171 273 37 43
897 447 18 18
751 409 11 21
frame - 151
3
171 271 34 48
897 447 18 18
748 408 11 22
frame - 152
4
163 267 38 55
570 10 57 20
899 447 16 17
742 409 12 23
frame - 153
4
571 10 56 21
161 262 39 57
897 447 16 17
739 408 12 23
frame - 154
4
570 10 57 21
161 257 38 54
897 448 16 16
739 409 11 22
frame - 155
2
571 10 56 21
894 447 17 18
frame - 156
3
571 10 56 21
157 251 36 55
892 448 15 17
frame - 157
3
154 249 39 49
570 10 56 21
892 447 15 18
frame - 158
3
153 249 36 40
570 10 57 21
891 448 15 17
frame - 159
2
570 10 57 20
893 448 15 18
frame - 160
3
147 254 36 42
891 448 16 17
570 10 57 21
frame - 161
3
569 10 59 21
144 257 36 45
895 447 15 17
frame - 162
3
569 10 59 21
892 447 16 18
140 258 36 43
frame - 163
3
137 256 38 43
569 10 60 21
894 447 16 18
frame - 164
3
135 254 38 42
569 10 60 21
894 447 15 18
frame - 165
3
569 10 59 21
893 447 15 18
134 249 35 52
frame - 166
4
569 10 59 21
131 247 35 55
893 447 16 17
154 587 6 9
frame - 167
3
569 10 58 21
127 242 36 58
893 448 15 18
frame - 168
3
122 237 37 51
570 10 57 21
892 447 16 19
frame - 169
3
114 235 40 52
570 10 57 21
892 447 16 19
frame - 170
3
109 233 41 50
570 10 57 20
892 447 16 19
frame - 171
3
569 10 58 21
104 233 35 49
892 447 15 18
frame - 172
3
570 10 57 21
96 232 37 49
891 447 17 18
frame - 173
3
87 233 37 53
569 10 59 21
892 447 15 18
frame - 174
3
569 10 60 21
82 233 36 58
891 447 15 17
frame - 175
3
569 10 59 21
72 238 36 53
889 447 16 17
frame - 176
3
570 10 58 21
888 447 16 18
66 241 36 59
frame - 177
3
569 10 59 21
50 238 37 59
889 447 16 18
frame - 178
3
43 234 40 61
569 10 59 21
887 447 17 18
frame - 179
5
35 229 38 67
569 10 59 21
887 448 18 19
168 333 32 36
989 456 14 18
frame - 180
4
569 10 59 21
32 228 37 56
888 447 16 18
163 334 32 38
frame - 181
3
569 10 58 20
888 447 16 18
27 223 38 61
frame - 182
3
569 10 60 20
21 220 41 65
887 447 17 18
frame - 183
3
569 10 60 20
888 447 16 18
18 219 41 62
frame - 184
4
888 447 16 18
569 10 60 20
796 425 16 24
852 429 15 22
frame - 185
4
569 10 60 20
888 448 14 17
5 215 41 64
797 426 17 23
frame - 186
4
569 10 60 21
796 426 18 23
888 448 14 17
4 213 40 57
frame - 187
5
568 10 60 20
138 324 31 47
887 448 13 18
797 425 18 24
3 212 38 62
frame - 188
4
567 10 62 20
889 448 12 17
134 316 33 51
1 213 37 57
frame - 189
3
568 10 59 20
133 317 30 44
890 449 10 15
frame - 190
2
568 10 59 19
127 319 36 42
frame - 191
4
568 10 60 20
328 414 19 23
125 320 33 40
854 427 14 21
frame - 192
3
568 10 60 20
854 427 13 22
800 428 16 22
frame - 193
3
569 10 59 20
121 321 34 39
853 427 14 21
frame - 194
2
569 10 59 20
119 323 33 36
frame - 195
3
568 10 60 20
117 322 34 36
852 427 15 21
frame - 196
3
569 10 59 20
112 324 36 36
852 428 14 21
frame - 197
2
568 10 60 20
851 430 14 20
frame - 198
2
569 10 60 20
851 430 15 19
frame - 199
2
568 10 60 20
849 427 16 21
frame - 200
3
569 10 60 21
110 323 30 43
849 427 15 20
frame - 201
1
569 10 59 20
frame - 202
1
569 10 59 19
frame - 203
2
569 10 60 19
101 317 32 38
frame - 204
2
569 10 60 19
98 314 33 38
frame - 205
1
569 10 59 19
frame - 206
2
569 10 61 21
214 335 27 43
frame - 207
2
570 10 59 21
88 310 32 38
frame - 208
3
569 10 61 21
84 308 32 43
203 338 30 40
frame - 209
3
569 10 60 20
77 311 34 42
885 450 10 17
frame - 210
3
568 10 62 20
75 311 33 40
886 450 10 17
frame - 211
2
569 10 60 20
69 311 35 41
frame - 212
1
569 10 60 20
frame - 213
1
568 10 61 20
frame - 214
1
569 10 59 21
frame - 215
2
569 10 60 21
49 306 33 43
frame - 216
2
568 10 61 21
172 332 23 46
frame - 217
2
568 10 62 20
39 303 36 40
frame - 218
3
568 10 62 20
36 299 34 41
154 324 33 39
frame - 219
2
568 10 62 20
33 298 35 41
frame - 220
2
569 10 61 20
33 297 34 39
frame - 221
2
568 10 61 20
26 297 36 37
frame - 222
2
568 10 61 20
140 323 34 41
frame - 223
3
135 323 36 43
569 10 60 20
24 294 35 40
frame - 224
2
132 323 37 40
568 10 61 20
frame - 225
3
130 321 37 42
568 10 62 20
14 299 38 39
frame - 226
3
129 320 38 40
568 10 61 20
13 300 34 41
frame - 227
3
568 10 62 21
11 301 35 41
129 319 35 39
frame - 228
3
569 10 58 20
122 317 36 43
9 299 36 43
frame - 229
2
8 296 35 47
568 10 60 19
frame - 230
2
2 294 39 45
568 10 59 20
frame - 231
3
568 10 60 20
118 310 33 43
2 291 35 46
frame - 232
2
568 10 60 20
845 418 18 22
frame - 233
3
568 10 60 20
109 312 34 43
802 420 16 22
frame - 234
2
106 312 36 39
569 10 59 20
frame - 235
2
103 310 36 43
568 10 60 20
frame - 236
2
98 311 37 43
568 10 60 20
frame - 237
2
95 310 36 43
568 10 60 20
frame - 238
2
92 310 34 40
569 10 58 20
frame - 239
0
frame - 240
1
568 10 60 20
