frame - 0
0
frame - 1
0
frame - 2
0
frame - 3
0
frame - 4
2
1058 457 20 28
1241 479 31 34
frame - 5
1
1062 451 19 27
frame - 6
1
1062 451 20 28
frame - 7
0
frame - 8
0
frame - 9
0
frame - 10
0
frame - 11
0
frame - 12
0
frame - 13
0
frame - 14
0
frame - 15
0
frame - 16
0
frame - 17
0
frame - 18
0
frame - 19
0
frame - 20
0
frame - 21
1
155 439 24 45
frame - 22
1
155 439 23 46
frame - 23
0
frame - 24
1
543 448 14 19
frame - 25
2
544 449 14 18
1131 449 18 35
frame - 26
2
1133 449 18 34
544 449 14 19
frame - 27
3
1133 450 20 34
545 448 15 19
743 440 12 16
frame - 28
1
546 448 14 19
frame - 29
1
546 447 15 20
frame - 30
1
547 448 14 19
frame - 31
1
548 448 13 19
frame - 32
1
548 448 14 19
frame - 33
1
548 449 13 18
frame - 34
1
548 448 14 19
frame - 35
1
548 449 14 18
frame - 36
2
549 449 13 18
1264 480 15 37
frame - 37
2
549 449 14 18
744 441 13 16
frame - 38
3
744 440 13 17
550 449 13 18
1261 477 18 28
frame - 39
0
frame - 40
1
1262 477 17 28
frame - 41
0
frame - 42
0
frame - 43
0
frame - 44
0
frame - 45
1
1242 524 38 55
frame - 46
0
frame - 47
0
frame - 48
0
frame - 49
0
frame - 50
0
frame - 51
0
frame - 52
0
frame - 53
0
frame - 54
0
frame - 55
0
frame - 56
2
1145 456 25 37
1093 452 21 33
frame - 57
2
1145 456 26 37
1094 456 22 30
frame - 58
2
1146 457 25 36
1095 456 21 30
frame - 59
2
1149 456 22 36
1152 450 22 35
frame - 60
1
1093 452 22 33
frame - 61
0
frame - 211
2
474 438 17 21
100 395 11 16
frame - 212
1
474 437 17 22
frame - 213
1
474 438 17 21
frame - 214
1
474 437 18 21
frame - 215
1
474 437 18 22
frame - 216
1
474 438 18 21
frame - 217
2
474 438 18 21
900 424 13 18
frame - 218
1
474 438 18 21
frame - 219
2
474 439 18 20
900 424 12 18
frame - 220
1
475 439 16 20
frame - 221
1
474 437 18 22
frame - 222
2
474 438 18 21
901 423 12 19
frame - 223
2
475 438 16 21
900 423 13 19
frame - 224
2
900 424 13 18
475 438 17 21
frame - 225
1
475 438 17 21
frame - 226
1
475 439 17 20
frame - 227
1
900 424 12 18
frame - 228
1
475 439 16 20
frame - 229
2
900 424 13 18
476 438 16 21
frame - 230
2
476 439 17 20
900 425 13 17
frame - 231
2
476 439 17 20
901 425 13 17
frame - 232
2
900 423 13 18
476 439 17 20
frame - 233
2
901 423 14 18
477 439 17 20
frame - 234
2
478 439 17 20
903 424 12 18
frame - 235
2
479 439 16 20
903 424 12 18
frame - 236
2
478 438 18 21
903 423 13 18
frame - 237
1
479 438 17 21
frame - 238
1
480 438 17 21
frame - 239
1
480 438 17 21
frame - 240
3
480 438 17 21
962 441 13 17
901 424 14 18
frame - 241
1
480 437 18 22
frame - 242
1
480 436 19 23
frame - 243
1
481 438 18 21
frame - 244
1
481 442 17 21
frame - 245
1
481 439 17 21
frame - 246
1
482 437 18 22
frame - 247
1
482 437 19 22
frame - 248
1
483 437 18 22
frame - 249
1
483 438 18 21
frame - 399
2
562 443 25 33
719 472 20 24
frame - 400
2
562 444 25 32
720 471 19 25
frame - 401
1
563 445 24 32
frame - 402
2
563 444 24 33
724 471 21 26
frame - 403
2
567 443 25 33
724 471 22 26
frame - 404
1
567 443 25 33
frame - 405
1
567 443 25 33
frame - 406
1
567 444 25 32
frame - 407
2
568 443 25 33
1033 449 10 16
frame - 408
2
568 442 26 34
1033 448 12 16
frame - 409
3
569 441 26 35
1031 447 11 18
474 406 18 23
frame - 410
3
569 441 26 35
1031 447 12 17
1028 448 13 17
frame - 411
3
569 441 26 35
1031 447 12 17
1028 448 13 17
frame - 412
2
569 441 26 36
1031 446 11 19
frame - 413
2
1031 446 11 19
570 443 25 34
frame - 414
1
1031 446 11 19
frame - 415
1
1032 445 11 19
frame - 416
1
1032 445 12 19
frame - 417
1
1032 445 12 19
frame - 418
1
1032 446 12 18
frame - 419
2
1032 446 12 18
572 444 25 33
frame - 420
2
1034 446 12 18
572 443 26 34
frame - 421
2
1034 447 12 17
573 444 26 33
frame - 422
2
1035 448 11 17
574 446 24 31
frame - 423
2
1036 448 11 17
574 444 25 33
frame - 424
2
1037 448 11 17
575 445 25 32
frame - 425
2
1038 448 11 17
576 445 25 32
frame - 426
2
1040 448 11 16
576 444 26 33
frame - 427
1
1040 447 12 17
frame - 428
2
1041 448 12 16
578 449 25 33
frame - 429
2
1040 448 12 17
579 449 24 33
frame - 430
2
1041 448 11 17
578 447 25 35
frame - 431
3
1041 449 11 16
526 414 18 23
579 448 24 34
frame - 432
2
1043 449 12 17
526 415 18 22
frame - 433
1
1045 449 11 16
frame - 434
1
1046 448 12 18
frame - 435
1
1047 447 11 19
frame - 436
2
1047 447 12 18
530 416 17 22
frame - 437
2
1048 446 13 19
530 416 17 22
frame - 438
2
1049 446 13 18
531 416 17 22
frame - 439
1
1049 446 13 18
frame - 440
1
1048 446 12 18
frame - 441
1
1048 447 12 17
frame - 442
1
1048 448 13 17
frame - 443
1
1048 447 13 17
frame - 444
1
1051 446 12 18
frame - 445
1
1052 446 12 18
frame - 446
1
1051 446 13 18
frame - 447
2
1051 445 12 18
597 440 28 38
frame - 448
5
1051 444 12 19
597 440 28 37
773 475 22 25
993 430 15 19
534 416 17 23
frame - 449
3
597 440 30 38
1054 445 12 18
535 416 16 22
frame - 450
3
601 441 27 36
1054 448 12 18
535 416 17 22
frame - 451
5
1055 449 11 16
601 443 27 39
536 416 17 22
775 470 23 28
1053 449 11 17
frame - 452
4
1056 449 11 17
602 446 27 36
536 416 17 23
775 471 24 29
frame - 453
3
1057 449 11 16
603 446 27 36
776 469 24 29
frame - 454
3
1058 449 10 16
605 446 25 36
777 468 24 30
frame - 455
3
606 447 25 36
1059 448 11 17
778 471 23 29
frame - 456
3
1060 448 11 17
607 446 26 36
541 418 16 21
frame - 457
3
608 449 25 35
1063 447 11 18
541 418 17 21
frame - 458
5
608 449 26 35
1063 447 10 19
781 470 23 30
296 414 13 16
541 418 17 21
frame - 459
3
1064 447 10 18
609 450 25 35
542 418 17 22
frame - 460
4
1064 447 11 18
611 453 24 33
783 470 23 31
543 418 17 22
frame - 461
3
1064 448 12 18
784 470 23 31
612 455 23 31
frame - 462
1
1064 449 11 17
frame - 463
1
1064 449 12 18
frame - 464
2
1067 447 12 19
787 474 23 28
frame - 465
2
1066 449 12 18
787 475 24 27
frame - 466
1
1067 449 11 18
frame - 467
3
1068 449 11 19
788 475 24 27
494 405 16 19
frame - 468
1
1067 450 11 18
frame - 469
1
1068 450 11 18
frame - 470
2
1067 450 11 18
495 405 15 20
frame - 471
1
1068 449 11 19
frame - 472
2
1065 451 12 18
495 405 16 20
frame - 473
2
1066 450 11 18
495 404 16 21
frame - 474
2
1065 451 11 18
790 477 27 29
frame - 475
3
792 479 26 30
1065 451 11 17
633 462 26 31
frame - 476
3
792 478 26 32
1062 452 11 16
1065 453 11 18
frame - 477
3
793 479 25 30
1064 451 11 17
1066 453 11 18
frame - 478
4
793 480 27 30
1063 451 11 17
1066 453 10 17
636 461 26 33
frame - 479
4
1068 454 10 18
1065 451 10 18
638 459 27 34
794 479 28 30
frame - 480
5
794 479 29 31
1070 455 10 18
638 459 28 35
1066 452 10 17
597 432 16 24
frame - 481
5
795 479 29 32
1071 455 10 17
638 460 29 35
1067 452 11 17
597 432 16 24
frame - 482
6
795 480 29 31
1074 455 10 18
1072 452 10 17
828 440 23 33
640 467 29 30
597 432 17 24
frame - 483
4
796 481 29 30
1075 454 11 18
1074 451 10 18
827 440 24 33
frame - 484
4
1075 455 11 18
796 481 29 30
644 465 29 34
1074 452 11 17
frame - 485
3
1076 455 12 18
797 481 29 30
644 464 31 35
frame - 486
3
1077 454 12 19
645 465 31 35
798 483 28 29
frame - 487
4
1078 454 11 19
646 465 31 35
828 437 21 30
800 483 26 29
frame - 488
4
1078 455 11 18
648 465 30 35
800 485 27 28
1076 452 11 18
frame - 489
4
1078 455 12 18
648 467 31 34
800 485 27 29
828 438 21 29
frame - 490
3
1078 455 12 18
648 469 31 33
801 486 27 29
frame - 491
3
1078 454 12 20
649 466 32 35
801 486 27 29
frame - 492
4
1079 454 11 19
651 466 31 35
802 487 26 28
1076 452 11 18
frame - 493
2
1078 454 11 19
803 487 26 28
frame - 494
2
1078 453 11 20
805 488 26 31
frame - 495
2
805 487 26 32
1080 453 11 20
frame - 496
3
1081 452 10 21
805 487 26 32
1079 451 11 19
frame - 497
2
805 488 27 31
1080 452 12 21
frame - 498
4
806 488 26 31
1080 452 12 22
659 458 33 40
1083 452 13 22
frame - 499
4
806 488 26 31
660 457 33 41
1079 452 13 21
1082 451 14 23
frame - 500
4
660 456 34 41
806 487 26 32
1079 451 13 22
1082 451 14 23
frame - 501
4
662 458 32 41
807 488 26 31
1083 451 13 22
1079 451 13 22
frame - 502
3
807 488 26 31
1080 451 12 21
1083 451 13 21
frame - 503
2
1081 451 11 21
1084 451 12 21
frame - 504
1
1085 452 12 21
frame - 505
1
1086 452 12 21
frame - 506
1
1085 451 13 21
frame - 507
1
1086 452 12 21
frame - 508
2
1087 452 12 21
1078 452 11 20
frame - 509
2
1087 453 13 21
814 488 27 32
frame - 510
2
1087 452 13 21
1025 437 14 20
frame - 511
3
815 487 27 33
1087 453 14 20
1026 439 15 19
frame - 512
3
816 486 27 34
1087 453 14 20
1027 439 15 20
frame - 513
3
1088 452 15 21
817 486 27 33
1027 439 15 20
frame - 514
2
1088 451 16 22
818 487 26 33
frame - 515
2
1089 452 14 21
818 488 27 31
frame - 516
3
679 457 29 45
1089 452 14 21
818 486 27 34
frame - 517
1
1090 452 14 21
frame - 518
2
1090 452 14 21
822 486 26 33
frame - 519
3
679 455 33 46
1091 452 14 22
822 485 26 34
frame - 520
3
1091 453 14 20
1033 439 14 18
680 456 32 46
frame - 521
2
1091 453 14 21
1035 440 14 18
frame - 522
2
1034 440 14 17
1092 453 13 21
frame - 523
2
1093 453 13 20
1035 439 14 19
frame - 524
2
1035 440 15 19
1092 454 13 18
frame - 525
2
1093 454 12 18
1035 439 14 19
frame - 526
3
1035 440 14 18
1092 453 13 19
832 487 24 32
frame - 527
2
1035 441 14 17
1092 454 13 18
frame - 528
1
1037 440 14 18
frame - 529
3
1037 438 14 19
1101 453 14 20
1094 453 13 20
frame - 530
3
1038 439 14 18
1095 454 13 19
1101 453 14 20
frame - 531
4
688 461 35 44
1037 440 15 18
835 487 26 33
1100 454 15 20
frame - 532
5
689 461 35 45
1038 439 14 19
837 488 27 33
1101 454 14 19
1094 454 13 20
frame - 533
4
690 463 35 43
1038 439 14 19
1104 457 13 18
40 390 12 14
frame - 534
6
1038 440 14 19
690 464 35 43
1103 458 14 18
840 488 26 33
69 390 11 13
40 390 12 15
frame - 535
6
1039 440 13 18
1104 458 13 18
840 487 28 34
691 465 35 42
69 389 11 14
41 390 11 15
frame - 536
4
1040 439 14 19
1104 458 14 18
692 465 35 43
41 390 12 15
frame - 537
4
1040 441 15 18
1105 458 13 18
694 466 34 43
42 390 11 15
frame - 538
6
1041 440 14 18
694 466 35 44
1104 457 13 19
844 488 27 33
42 391 12 14
69 390 11 14
frame - 539
5
1042 440 14 19
1104 458 13 18
845 491 28 35
42 391 12 14
69 390 11 14
frame - 540
4
700 469 33 43
847 490 29 36
1105 457 14 19
1043 441 13 18
frame - 541
5
701 470 33 42
848 491 28 36
1042 440 13 19
1105 456 13 18
44 391 12 14
frame - 542
3
848 491 29 36
1041 440 14 19
1105 456 14 19
frame - 543
2
1044 444 13 19
852 493 27 35
frame - 544
3
851 493 29 35
705 472 33 41
1045 441 14 19
