frame - 0
2
172 329 26 38
1 311 28 39
frame - 1
2
167 329 27 38
0 309 27 37
frame - 2
3
238 344 25 32
0 306 24 36
158 324 30 41
frame - 3
4
0 306 19 35
160 321 28 40
240 346 22 30
517 166 14 15
frame - 4
5
154 320 30 41
0 307 17 34
237 344 24 33
517 166 14 16
1040 467 11 15
frame - 5
5
150 317 31 44
0 307 16 34
1038 468 11 15
518 166 14 16
235 344 24 32
frame - 6
4
148 316 29 44
0 308 14 33
1040 468 11 15
518 166 14 16
frame - 7
4
148 315 29 42
228 338 23 29
518 166 14 16
1040 468 11 16
frame - 8
3
145 313 27 38
225 335 24 30
519 166 13 16
frame - 9
3
143 313 27 38
225 332 20 26
518 166 14 16
frame - 10
3
139 313 29 39
219 331 21 28
519 166 13 16
frame - 11
4
139 314 27 37
212 327 24 31
385 345 24 31
282 358 17 26
frame - 12
5
210 327 23 30
137 314 26 37
282 357 17 27
383 342 24 33
288 358 19 27
frame - 13
2
207 327 24 31
136 313 26 38
frame - 14
3
204 327 23 30
132 314 29 41
380 337 25 31
frame - 15
3
126 311 32 42
199 327 25 30
380 336 25 32
frame - 16
3
126 310 30 42
196 328 24 30
380 336 25 31
frame - 17
4
125 308 29 42
194 328 22 29
517 166 13 16
279 347 20 28
frame - 18
3
120 305 30 43
192 328 21 29
278 348 21 28
frame - 19
4
116 303 31 41
184 326 24 31
276 350 21 27
378 342 25 33
frame - 20
5
111 299 32 43
181 324 22 32
380 343 23 32
274 354 21 29
517 166 14 15
frame - 21
3
108 297 31 42
380 343 23 32
177 322 23 29
frame - 22
3
103 297 32 42
175 319 21 30
380 343 23 33
frame - 23
3
98 298 31 42
169 317 23 32
381 341 24 33
frame - 24
2
95 297 29 43
165 315 25 33
frame - 25
3
91 297 29 43
381 336 24 31
165 314 24 33
frame - 26
3
85 298 30 43
379 333 25 32
159 314 26 34
frame - 27
3
83 299 28 42
158 316 23 32
379 330 24 31
frame - 28
4
76 298 29 44
157 317 24 32
377 326 24 33
516 166 14 16
frame - 29
4
68 296 32 46
376 325 25 33
156 319 21 31
516 166 14 16
frame - 30
4
63 292 30 43
375 324 25 34
517 166 13 16
151 318 25 32
frame - 31
4
62 290 29 42
375 325 25 33
148 319 23 30
517 166 13 16
frame - 32
5
56 287 32 44
146 317 25 32
236 344 24 31
517 166 13 16
371 329 25 36
frame - 33
6
53 286 31 44
145 316 24 33
235 346 22 30
370 330 26 36
517 166 13 16
790 452 12 17
frame - 34
5
52 285 30 43
143 314 25 34
368 329 27 37
227 345 24 30
517 166 13 16
frame - 35
5
45 283 33 43
142 313 25 35
224 344 25 31
367 331 25 35
516 166 14 16
frame - 36
5
45 282 31 45
138 310 27 38
365 332 25 35
219 342 22 26
516 166 14 16
frame - 37
4
43 282 31 46
137 309 25 37
214 341 21 33
363 331 23 36
frame - 38
3
42 283 31 44
212 338 21 29
135 307 22 34
frame - 39
3
39 285 32 44
128 306 28 36
208 336 23 31
frame - 40
4
37 284 32 47
128 307 27 40
354 322 25 36
206 333 22 33
frame - 41
3
37 283 32 48
354 321 25 38
128 308 24 39
frame - 42
3
36 283 32 48
125 310 23 37
353 319 25 39
frame - 43
3
36 280 31 48
121 310 24 38
351 314 27 36
frame - 44
5
33 278 33 48
350 313 27 38
114 310 26 38
196 329 23 34
596 397 19 26
frame - 45
6
32 277 33 47
110 309 27 40
350 318 26 40
404 377 19 36
195 330 23 36
268 333 22 32
frame - 46
4
28 275 33 46
107 310 26 38
351 319 25 39
194 331 23 34
frame - 47
4
24 272 34 46
192 331 24 34
351 319 25 39
100 305 28 38
frame - 48
4
21 270 34 47
95 301 29 41
190 330 25 35
353 319 23 39
frame - 49
4
18 270 34 46
94 301 28 39
189 331 25 34
353 319 23 38
frame - 50
4
12 270 36 46
187 331 25 35
91 299 29 39
353 317 24 40
frame - 51
5
9 269 36 48
87 298 30 40
186 330 25 35
353 317 24 40
130 458 19 26
frame - 52
5
6 268 35 50
86 299 28 39
185 326 25 34
353 316 24 43
268 333 21 33
frame - 53
4
1 271 34 49
352 311 26 38
84 301 28 38
183 323 25 34
frame - 54
3
1 271 30 50
77 300 30 41
352 310 27 39
frame - 55
5
0 271 27 48
77 301 29 40
352 303 28 39
177 316 25 34
258 324 22 32
frame - 56
5
0 272 20 45
75 303 29 39
352 302 27 38
175 313 25 36
257 320 22 30
frame - 57
6
350 301 29 38
171 312 25 38
73 305 28 39
0 273 17 41
254 320 22 30
516 166 14 16
frame - 58
4
350 301 29 38
168 312 25 38
70 304 28 39
516 166 15 16
frame - 59
5
349 302 29 37
72 304 25 38
245 320 22 30
165 312 25 36
516 166 14 16
frame - 60
5
348 304 29 36
242 319 24 32
160 313 27 36
70 304 25 38
516 166 14 16
frame - 61
3
349 304 26 36
240 323 23 34
159 314 25 35
frame - 62
4
233 325 26 33
347 304 27 36
64 299 25 43
153 315 25 36
frame - 63
3
63 297 27 45
346 304 25 36
516 166 14 16
frame - 64
4
62 293 25 42
145 314 24 35
226 333 24 33
342 302 26 36
frame - 65
4
56 292 27 40
218 323 26 35
141 312 26 39
335 302 28 37
frame - 66
4
56 290 26 39
212 322 23 36
333 300 29 39
135 310 27 39
frame - 67
3
54 290 25 42
209 319 25 38
331 311 28 39
frame - 68
3
329 293 27 39
131 304 23 37
52 291 22 38
frame - 69
5
327 292 28 38
206 316 21 33
129 301 24 37
46 290 26 41
515 166 15 16
frame - 70
5
324 289 29 40
42 291 27 42
127 300 24 38
202 313 23 35
516 166 15 17
frame - 71
4
37 291 29 43
318 285 29 38
124 299 26 39
516 166 15 16
frame - 72
5
318 284 28 38
29 290 30 42
197 307 22 34
122 299 25 40
516 166 15 16
frame - 73
5
28 288 28 44
195 307 23 33
316 285 27 37
119 300 26 38
516 166 15 16
frame - 74
5
20 283 30 40
313 286 29 36
195 307 23 34
116 301 27 39
516 166 15 17
frame - 75
5
15 281 29 42
113 301 27 40
312 287 26 35
193 308 25 34
516 167 15 16
frame - 76
5
191 311 26 37
112 301 27 39
15 279 26 41
312 288 24 35
517 166 14 16
frame - 77
5
110 300 28 42
8 273 29 42
189 313 28 37
309 291 26 37
516 166 15 16
frame - 78
5
109 301 27 38
186 314 29 38
5 267 30 41
517 166 14 16
308 292 26 36
frame - 79
5
106 299 27 40
3 265 29 42
186 313 28 40
517 166 14 16
308 291 26 38
frame - 80
4
186 314 29 38
2 263 28 44
102 296 30 42
517 166 14 16
frame - 81
5
185 312 30 40
100 291 29 43
302 284 27 38
0 263 28 44
517 167 14 15
frame - 82
3
184 311 28 39
96 291 28 39
517 166 14 16
frame - 83
3
93 288 29 42
298 276 28 39
517 166 14 16
frame - 84
3
177 306 25 35
294 273 29 42
89 287 29 44
frame - 85
4
171 301 28 40
287 268 31 45
84 283 29 40
517 166 15 16
frame - 86
3
284 266 33 46
168 301 26 39
80 283 28 40
frame - 87
3
281 266 33 45
77 284 28 39
165 301 25 37
frame - 88
4
277 268 32 45
69 284 33 44
159 300 28 39
516 166 15 16
frame - 89
5
271 269 32 45
157 299 27 42
67 304 30 49
64 285 29 44
516 166 15 16
frame - 90
5
269 272 31 42
61 286 30 44
151 300 29 41
61 301 31 51
516 166 15 16
frame - 91
4
265 272 31 43
54 284 30 45
55 301 30 52
515 166 15 17
frame - 92
3
258 272 32 44
46 283 30 47
142 306 28 40
frame - 93
5
254 271 31 45
41 281 30 43
138 306 27 41
43 300 31 51
516 166 15 17
frame - 94
4
38 280 30 43
248 267 30 46
356 394 19 28
515 167 16 16
frame - 95
5
33 275 31 50
126 301 28 40
242 263 31 44
35 288 32 56
295 257 28 40
frame - 96
4
235 258 33 46
30 272 31 46
122 301 29 39
34 288 31 54
frame - 97
3
225 254 37 47
29 271 31 46
119 301 26 38
frame - 98
4
222 249 37 48
23 271 34 48
111 293 29 39
23 283 36 56
frame - 99
4
219 244 36 47
22 282 33 54
21 270 32 48
111 287 29 43
frame - 100
5
217 243 35 46
109 281 30 43
19 283 32 53
19 267 31 49
901 451 11 16
frame - 101
5
213 243 36 46
109 278 30 43
14 271 31 45
903 450 12 15
17 287 33 53
frame - 102
4
210 243 34 47
12 271 32 46
108 276 31 45
905 450 11 15
frame - 103
5
206 245 37 50
11 273 31 44
107 275 32 42
906 449 13 15
908 445 12 15
frame - 104
5
203 244 36 49
7 273 33 44
105 275 32 43
907 449 13 16
908 446 13 14
frame - 105
6
203 247 34 46
102 278 32 44
7 271 31 44
6 285 34 57
908 450 12 15
908 446 13 14
frame - 106
6
202 248 35 49
99 278 33 44
3 268 31 47
908 450 12 15
4 281 33 54
908 446 13 14
frame - 107
5
200 246 35 49
97 278 33 44
0 264 30 43
3 284 31 52
908 450 12 15
frame - 108
4
198 245 35 46
98 277 32 44
0 262 28 42
908 451 12 14
frame - 109
5
196 242 35 45
96 275 33 46
0 260 26 46
906 451 12 14
908 446 13 14
frame - 110
3
192 236 35 53
95 270 31 47
907 451 13 15
frame - 111
3
188 235 36 50
93 267 33 47
903 452 13 15
frame - 112
4
185 229 36 51
89 265 36 45
901 452 12 15
1056 491 10 14
frame - 113
5
182 226 35 51
87 260 34 44
898 453 13 14
878 508 11 16
1056 495 10 14
frame - 114
4
177 223 35 52
83 256 32 43
898 452 13 15
876 508 11 17
frame - 115
4
169 221 38 52
79 252 30 45
898 451 12 15
875 509 11 16
frame - 116
5
166 219 38 55
74 248 32 45
898 451 12 15
159 397 24 33
873 509 10 16
frame - 117
3
161 218 37 55
66 249 34 44
898 451 12 15
frame - 118
3
153 222 38 59
62 249 32 46
896 451 12 15
frame - 119
3
149 226 36 53
58 251 33 44
896 451 12 15
frame - 120
3
50 251 34 49
143 227 35 52
896 451 11 15
frame - 121
5
135 226 37 51
41 254 36 51
895 451 11 15
32 317 36 48
1050 490 10 15
frame - 122
4
126 224 38 58
39 255 34 48
894 451 11 15
770 440 13 19
frame - 123
6
120 219 37 56
30 254 32 45
895 450 11 16
893 452 11 15
1048 490 8 14
252 310 29 39
frame - 124
7
116 217 35 52
24 250 35 48
249 308 30 41
896 450 11 15
895 445 10 15
893 450 12 16
1048 491 8 13
frame - 125
8
110 211 37 54
245 303 31 45
17 247 34 47
897 450 10 15
895 445 10 15
894 451 10 15
992 449 10 15
610 422 14 19
frame - 126
8
102 208 39 51
11 244 33 43
246 300 27 41
895 451 10 14
893 446 10 14
991 448 12 16
891 451 10 14
610 421 13 20
frame - 127
8
99 202 39 53
5 239 34 43
246 300 26 38
895 450 10 14
894 446 10 14
891 451 10 14
993 448 11 16
608 420 13 21
frame - 128
9
92 198 41 51
2 235 32 43
994 449 11 15
893 446 10 14
895 450 10 14
243 298 28 39
606 420 15 21
890 450 10 14
966 495 9 13
frame - 129
11
88 197 39 51
0 229 29 41
964 497 10 13
994 449 11 16
242 298 28 40
896 451 10 14
890 446 10 14
400 393 22 35
893 451 10 14
605 419 15 21
963 496 8 13
frame - 130
9
84 194 39 53
240 298 29 42
994 450 11 15
896 450 11 15
891 446 10 14
70 385 27 37
963 497 10 13
397 391 22 31
891 450 10 15
frame - 131
7
79 196 40 52
237 298 30 43
885 452 10 13
395 390 22 32
994 450 11 15
890 446 10 14
1050 491 9 12
frame - 132
4
75 197 39 52
235 300 32 41
995 450 11 15
880 452 10 14
frame - 133
4
69 198 40 53
236 299 29 42
995 449 11 16
879 452 10 14
frame - 134
6
65 197 42 59
235 298 29 43
995 448 11 17
876 452 10 14
384 385 23 35
517 167 14 15
frame - 135
3
63 196 40 63
234 296 29 43
995 448 11 16
frame - 136
3
59 195 39 59
231 294 32 45
995 448 11 16
frame - 137
4
56 192 41 61
230 290 30 42
995 448 11 16
380 383 25 36
frame - 138
4
52 190 41 57
228 284 29 45
379 384 26 36
995 449 11 15
frame - 139
4
49 183 39 63
222 280 30 44
378 384 25 36
995 449 11 16
frame - 140
4
43 181 40 56
376 386 25 35
995 450 11 15
220 276 30 43
frame - 141
8
40 173 39 61
216 272 29 45
376 386 25 35
996 451 11 15
885 409 13 18
591 421 15 20
883 407 12 17
516 166 15 16
frame - 142
6
36 169 39 57
211 270 31 45
995 451 11 15
517 167 14 15
590 420 15 20
375 387 25 34
frame - 143
5
28 166 42 56
206 269 33 46
994 451 11 15
589 420 15 20
901 444 10 15
frame - 144
4
22 164 42 56
203 271 32 44
901 447 12 16
993 451 12 15
frame - 145
3
14 164 44 58
200 274 31 43
992 451 11 16
frame - 146
5
8 164 44 58
196 277 30 42
991 451 13 15
898 446 13 15
371 380 22 31
frame - 147
6
2 165 44 59
191 279 30 43
900 447 12 17
369 377 21 34
992 451 11 15
898 444 13 16
frame - 148
5
0 166 36 62
186 278 30 42
898 448 13 15
367 377 22 33
993 451 12 15
frame - 149
5
180 276 30 43
0 166 30 65
899 447 12 16
898 445 12 15
366 377 23 33
frame - 150
6
900 448 12 16
175 272 29 44
176 350 43 52
364 376 23 34
0 165 26 68
898 445 13 15
frame - 151
3
172 272 29 44
900 448 12 17
995 450 11 15
frame - 152
5
167 267 30 50
996 451 11 15
900 450 11 15
518 167 13 15
878 479 10 15
frame - 153
6
165 264 28 44
996 451 11 15
356 377 23 34
900 450 11 15
517 167 14 15
879 480 10 14
frame - 154
5
163 259 28 46
996 452 12 14
900 451 11 14
517 167 14 15
879 479 10 15
frame - 155
4
157 255 32 51
900 450 11 15
997 453 11 14
517 167 14 16
frame - 156
4
156 252 32 43
998 453 11 15
517 167 14 16
900 450 11 14
frame - 157
4
998 455 11 14
898 450 12 14
517 167 14 16
897 446 11 14
frame - 158
4
155 252 30 39
897 451 11 14
517 167 14 16
896 446 10 13
frame - 159
3
897 451 11 14
517 167 14 16
897 446 10 14
frame - 160
4
896 451 12 14
517 167 14 16
896 446 12 14
150 255 29 41
frame - 161
5
896 451 11 14
147 257 30 41
517 167 14 16
896 446 11 14
215 342 24 36
frame - 162
5
143 258 29 39
517 167 14 16
895 451 11 14
895 446 11 14
998 455 12 14
frame - 163
6
139 257 32 39
212 343 23 34
895 450 12 14
517 167 14 16
998 455 12 14
895 446 11 14
frame - 164
6
137 255 32 39
517 167 14 16
893 450 13 14
315 363 23 38
894 446 12 14
998 454 12 14
frame - 165
5
311 361 21 34
137 252 29 39
516 167 15 16
893 451 13 14
894 446 12 14
frame - 166
6
130 247 32 41
894 450 12 14
517 167 14 15
894 446 12 14
310 360 24 35
315 364 25 37
frame - 167
5
895 451 11 14
895 446 11 13
517 167 14 16
204 346 23 39
999 454 10 14
frame - 168
6
122 239 30 40
895 451 11 14
894 446 11 13
517 167 14 15
998 454 10 14
201 347 24 37
frame - 169
6
116 236 30 42
894 451 11 14
199 345 25 39
997 454 10 14
893 446 12 13
517 166 14 17
frame - 170
5
110 236 30 41
894 451 11 14
893 446 12 14
517 167 14 16
995 454 10 14
frame - 171
5
107 235 28 42
894 451 11 14
893 446 10 14
193 341 27 37
517 167 14 16
frame - 172
7
192 339 26 39
893 451 11 14
893 447 10 12
516 167 15 16
100 235 27 41
992 458 10 14
993 455 10 15
frame - 173
7
190 336 25 41
90 236 30 41
893 451 11 14
517 167 13 16
991 458 10 14
893 447 11 13
993 455 10 15
frame - 174
7
82 236 31 43
190 334 24 42
892 450 11 15
517 167 13 15
991 454 10 14
990 457 10 14
893 446 11 14
frame - 175
7
187 336 23 38
892 451 11 14
991 454 10 14
517 167 14 15
76 239 29 41
893 446 11 14
988 456 10 15
frame - 176
5
891 450 12 15
180 335 25 39
991 453 10 15
517 168 13 14
988 455 10 14
frame - 177
8
53 325 39 51
173 335 28 41
891 451 12 14
517 167 14 16
991 453 10 14
54 242 30 42
100 323 31 51
62 325 40 52
frame - 178
6
42 239 35 42
169 335 28 41
892 451 10 14
517 167 14 16
91 322 33 48
991 453 10 14
frame - 179
5
37 236 32 42
167 337 26 39
893 451 10 14
517 167 14 16
990 453 10 14
frame - 180
5
29 234 35 43
163 336 27 41
32 317 42 45
893 451 10 14
517 167 14 15
frame - 181
4
26 231 34 44
158 339 28 39
891 451 12 14
517 167 14 16
frame - 182
4
21 227 33 45
154 339 28 38
891 451 12 14
517 167 14 16
frame - 183
5
16 227 35 45
151 338 27 39
517 167 14 15
892 452 11 13
986 468 10 12
frame - 184
4
10 223 37 48
146 338 26 39
517 167 13 15
892 451 11 14
frame - 185
3
143 337 26 39
517 167 14 15
6 221 37 46
frame - 186
4
2 222 36 45
139 333 26 42
517 167 14 15
277 358 18 36
frame - 187
5
136 329 27 39
1 221 33 48
517 167 14 15
280 359 16 35
986 459 10 14
frame - 188
5
0 221 29 49
134 328 26 39
517 166 14 16
277 359 17 36
986 459 10 13
frame - 189
4
133 327 26 41
0 220 27 55
517 166 14 16
986 459 10 13
frame - 190
4
129 326 28 41
517 167 14 15
986 459 10 13
0 300 22 40
frame - 191
2
128 326 28 39
517 167 14 15
frame - 192
4
128 325 25 35
517 167 14 16
985 455 10 14
983 457 10 13
frame - 193
2
126 326 26 40
517 167 14 16
frame - 194
3
120 326 28 37
517 167 14 15
983 456 10 14
frame - 195
3
517 167 14 15
120 326 25 34
981 459 10 13
frame - 196
3
517 167 14 15
981 459 10 13
983 457 10 14
frame - 197
3
117 329 23 38
241 355 19 30
517 167 14 16
frame - 198
2
113 327 27 42
517 167 14 16
frame - 199
3
111 328 27 38
240 352 19 32
517 167 14 15
frame - 200
2
111 326 24 42
517 166 14 16
frame - 201
4
108 324 26 42
517 166 14 17
229 345 20 32
981 460 10 14
frame - 202
3
105 319 26 42
228 345 20 31
517 166 14 17
frame - 203
2
223 342 23 33
102 318 27 39
frame - 204
3
222 340 24 35
517 166 14 16
100 317 26 38
frame - 205
4
219 342 23 33
98 315 26 36
516 166 15 16
981 459 9 14
frame - 206
3
92 312 28 40
212 341 23 35
517 167 14 15
frame - 207
4
88 311 27 39
210 342 22 33
517 167 14 16
286 370 14 23
frame - 208
4
204 342 25 35
85 311 26 38
73 440 36 53
518 167 13 15
frame - 209
4
78 312 29 40
198 343 27 33
282 370 16 24
517 167 14 15
frame - 210
4
193 344 25 34
75 313 28 40
281 368 16 24
517 167 14 15
frame - 211
4
189 343 26 34
69 316 28 40
282 367 16 24
517 167 14 16
frame - 212
3
281 367 14 24
64 316 28 40
194 348 16 27
frame - 213
2
177 339 23 36
60 315 27 42
frame - 214
3
54 313 26 38
177 339 21 36
267 366 15 26
frame - 215
2
48 310 28 40
172 339 22 35
frame - 216
2
43 308 30 42
166 336 25 40
frame - 217
3
39 304 30 43
33 437 34 53
161 328 26 40
frame - 218
3
38 301 27 41
156 327 27 38
31 433 30 50
frame - 219
3
28 430 32 50
151 325 27 39
36 300 27 39
frame - 220
3
32 297 29 41
148 326 23 38
517 167 14 16
frame - 221
2
29 295 31 39
144 326 27 39
frame - 222
2
27 295 31 40
140 326 28 40
frame - 223
3
25 295 31 41
137 327 28 39
11 429 33 40
frame - 224
2
22 297 31 40
134 327 28 37
frame - 225
2
18 299 32 40
131 327 26 37
frame - 226
2
14 300 32 41
131 325 29 39
frame - 227
3
13 301 31 40
128 322 29 37
232 380 15 23
frame - 228
3
12 300 28 41
127 319 26 38
231 377 15 26
frame - 229
2
8 300 29 40
127 318 25 38
frame - 230
2
5 296 31 41
122 315 28 36
frame - 231
3
3 292 30 42
121 314 26 35
227 374 17 23
frame - 232
4
0 290 30 42
116 310 29 39
228 356 18 27
228 364 16 23
frame - 233
2
111 309 31 43
0 287 27 41
frame - 234
2
110 310 29 40
0 283 23 41
frame - 235
2
106 309 30 42
0 282 19 41
frame - 236
2
101 310 30 41
213 371 17 25
frame - 237
3
96 311 29 40
213 368 19 28
218 359 18 26
frame - 238
3
93 312 30 38
217 358 18 27
214 365 17 27
frame - 239
3
89 311 27 38
216 357 19 29
213 362 18 29
frame - 240
3
85 310 27 38
216 357 19 28
215 361 16 27
