frame - 0
4
176 329 22 37
420 346 20 30
1061 465 8 14
4 312 23 35
frame - 1
3
170 331 23 36
3 309 24 32
418 347 19 29
frame - 2
7
166 328 25 39
1 307 23 33
507 371 20 30
1053 468 8 15
416 350 19 29
502 372 20 30
1050 465 8 14
frame - 3
5
0 306 20 33
163 325 23 34
511 373 18 30
412 350 21 34
244 345 19 30
frame - 4
5
0 306 17 34
161 323 23 37
513 375 18 28
509 377 18 28
410 351 21 33
frame - 5
4
0 307 15 33
156 323 23 35
403 352 22 33
514 373 19 31
frame - 6
4
402 352 20 33
0 308 13 31
153 322 24 35
239 340 16 26
frame - 7
6
399 352 21 33
152 319 25 37
0 309 13 30
237 340 15 25
861 348 19 35
520 164 12 15
frame - 8
4
395 352 22 34
861 349 19 35
231 339 15 23
520 164 12 15
frame - 9
3
144 316 26 41
389 350 26 36
227 333 16 26
frame - 10
3
142 316 26 41
225 332 16 26
531 368 19 34
frame - 11
3
143 318 23 38
215 329 19 29
384 344 24 33
frame - 12
4
213 328 19 29
141 318 22 38
382 341 24 34
517 165 14 18
frame - 13
5
210 328 19 29
140 317 23 40
383 337 23 32
517 165 14 17
536 371 19 32
frame - 14
5
207 328 18 28
381 335 24 32
139 317 22 35
535 376 21 30
661 354 16 31
frame - 15
3
382 335 24 33
203 327 20 30
131 316 25 40
frame - 16
4
130 311 26 42
202 328 17 29
382 336 23 32
662 352 15 31
frame - 17
2
128 309 25 41
660 352 17 31
frame - 18
3
126 307 26 42
193 328 18 29
660 353 19 32
frame - 19
2
121 305 25 39
380 341 20 29
frame - 20
4
116 302 28 41
382 341 21 33
185 324 17 26
276 352 18 26
frame - 21
4
113 299 25 41
180 322 19 27
381 341 22 33
547 380 17 30
frame - 22
3
109 297 26 43
382 341 21 34
177 319 19 30
frame - 23
3
104 298 26 42
172 317 20 31
383 340 20 34
frame - 24
4
100 299 27 42
167 315 22 32
385 338 19 30
547 378 19 32
frame - 25
2
97 300 24 40
385 337 21 31
frame - 26
3
89 300 25 41
382 333 21 33
162 314 22 34
frame - 27
3
84 299 27 42
160 315 22 33
381 330 21 33
frame - 28
4
78 300 27 40
158 315 22 34
379 327 22 32
563 384 17 29
frame - 29
3
72 295 30 48
377 325 23 33
157 318 20 32
frame - 30
5
66 292 31 45
154 317 19 32
376 325 23 33
243 338 20 29
794 453 10 17
frame - 31
5
63 290 29 45
242 337 20 30
153 317 19 32
375 325 24 34
793 453 10 16
frame - 32
5
60 287 28 44
150 317 21 32
374 327 24 37
238 340 20 35
792 453 10 16
frame - 33
6
58 286 27 44
148 314 21 35
372 329 24 36
791 452 10 17
234 343 17 32
517 165 14 17
frame - 34
5
56 284 27 42
369 329 25 36
147 312 21 36
231 343 20 32
672 372 17 30
frame - 35
7
368 330 25 35
51 283 28 43
228 344 19 31
146 311 20 32
672 374 17 29
518 165 13 16
74 343 25 42
frame - 36
5
48 282 29 45
367 332 25 34
0 19 429 579
142 311 21 37
222 341 18 28
frame - 37
5
46 282 29 46
142 308 19 34
363 331 22 35
219 340 17 27
675 374 16 28
frame - 38
5
45 281 28 47
215 337 18 28
138 307 21 34
676 374 17 28
362 329 22 36
frame - 39
5
41 283 29 47
212 336 20 30
134 307 21 34
678 374 16 27
357 324 23 33
frame - 40
6
39 284 29 47
132 306 22 35
208 334 19 31
676 373 18 29
355 321 24 35
602 391 15 29
frame - 41
5
39 282 29 49
131 308 20 33
355 320 24 37
204 331 21 32
603 392 15 29
frame - 42
4
39 283 28 47
353 315 25 35
127 308 21 34
203 329 21 33
frame - 43
4
39 279 28 49
355 320 24 37
203 327 21 31
124 310 21 37
frame - 44
5
36 277 29 49
353 315 23 35
119 310 22 38
200 326 20 32
271 331 20 32
frame - 45
6
33 276 30 50
353 314 23 36
114 309 21 40
199 327 19 31
271 332 19 31
404 378 17 34
frame - 46
6
31 275 30 48
353 314 23 35
197 327 20 31
109 310 22 39
271 332 18 28
49 334 26 46
frame - 47
4
29 272 30 47
353 316 22 34
194 330 20 33
658 442 10 16
frame - 48
5
23 269 32 49
192 331 20 34
99 302 25 40
353 317 22 34
269 336 19 30
frame - 49
5
22 269 30 49
98 301 23 40
353 319 23 37
190 330 21 36
268 336 19 30
frame - 50
6
16 269 34 48
353 315 24 36
188 329 22 37
267 336 18 30
94 300 24 38
605 391 15 24
frame - 51
6
12 270 33 48
88 297 28 42
354 314 24 37
188 326 22 34
267 336 20 30
26 325 34 50
frame - 52
5
12 269 30 48
354 313 23 37
87 297 26 41
186 323 23 37
265 330 19 34
frame - 53
5
5 270 31 49
354 313 23 36
183 323 25 35
86 301 25 38
266 329 21 29
frame - 54
5
3 270 29 50
262 326 21 32
355 308 23 34
81 303 25 39
182 320 23 38
frame - 55
5
353 304 26 37
1 271 27 48
80 301 25 42
179 315 22 35
258 323 22 32
frame - 56
5
1 271 21 46
353 300 27 40
177 312 22 37
258 319 20 31
78 302 25 42
frame - 57
5
352 300 28 39
75 304 24 39
0 272 17 44
173 312 22 38
1024 450 10 17
frame - 58
1
350 299 30 40
frame - 59
2
351 302 27 37
775 450 10 18
frame - 60
5
351 303 26 38
166 312 22 36
245 319 21 32
922 464 9 17
774 451 10 17
frame - 61
2
349 304 25 37
922 464 10 18
frame - 62
5
66 298 24 45
348 305 25 35
238 325 21 33
155 314 22 36
622 397 17 25
frame - 63
2
347 305 23 35
922 464 11 17
frame - 64
6
63 295 20 37
344 304 24 35
228 327 22 31
148 313 20 35
924 466 10 17
775 450 10 17
frame - 65
4
58 292 23 40
222 323 21 34
144 310 20 39
338 303 25 36
frame - 66
5
59 292 21 37
338 299 23 33
139 308 21 34
218 322 18 34
1079 488 9 13
frame - 67
5
58 291 21 38
215 321 18 35
140 307 18 33
1080 489 8 13
1060 470 8 14
frame - 68
6
331 295 24 36
53 291 21 37
212 318 18 31
135 303 20 35
1060 470 9 14
1081 489 8 13
frame - 69
8
51 291 22 39
328 292 25 36
131 301 20 37
1051 471 9 13
209 315 19 33
1079 490 8 13
1028 473 10 14
490 410 15 23
frame - 70
5
326 287 26 37
46 292 22 38
129 299 21 33
1052 471 8 13
1029 474 9 13
frame - 71
6
40 291 24 40
322 287 24 36
127 298 22 40
1054 471 8 14
203 308 18 33
489 410 15 22
frame - 72
4
322 285 25 38
202 307 18 33
34 289 24 41
124 298 21 35
frame - 73
5
318 285 27 38
199 305 21 35
31 289 22 39
486 413 14 20
1052 472 8 13
frame - 74
6
196 305 22 36
314 286 25 36
24 284 24 37
120 302 21 38
1080 490 7 12
485 414 14 20
frame - 75
5
118 301 22 40
196 309 21 39
313 286 23 37
18 280 25 39
599 422 11 16
frame - 76
4
115 301 22 39
194 309 22 40
15 277 24 38
314 288 20 35
frame - 77
4
192 312 23 38
11 272 26 42
113 300 23 39
312 289 23 35
frame - 78
6
8 267 26 40
110 299 23 40
311 288 22 37
191 312 24 40
1081 490 7 13
395 400 17 23
frame - 79
4
6 266 26 40
309 289 24 39
108 298 24 40
189 311 24 42
frame - 80
4
105 294 24 37
5 265 26 40
190 313 21 38
310 285 22 39
frame - 81
4
302 281 27 41
187 310 25 42
103 291 24 38
2 264 25 40
frame - 82
4
185 311 24 38
98 290 25 40
302 279 26 41
1 264 24 38
frame - 83
6
299 275 26 42
95 286 26 37
182 309 22 40
1 265 22 38
384 397 16 24
1060 469 8 14
frame - 84
4
295 274 29 43
178 303 23 41
91 283 24 41
0 266 20 37
frame - 85
7
175 301 22 42
87 283 25 39
292 269 27 45
0 263 17 34
278 420 18 28
597 432 10 15
467 403 17 26
frame - 86
5
0 262 15 33
289 269 27 49
170 301 22 39
86 285 23 37
702 393 13 21
frame - 87
4
288 269 26 45
80 285 23 36
169 300 20 32
0 260 14 35
frame - 88
3
72 284 27 40
282 269 28 43
166 299 22 33
frame - 89
3
161 300 23 41
277 270 27 42
66 286 27 38
frame - 90
3
275 274 23 39
63 287 26 37
156 304 22 36
frame - 91
6
269 274 29 43
57 284 26 40
57 302 27 50
269 283 32 47
816 441 13 18
1065 490 8 13
frame - 92
3
261 273 31 43
147 306 22 35
50 284 26 41
frame - 93
6
255 271 29 42
45 282 26 39
140 308 26 39
46 306 27 44
1064 489 8 13
363 397 16 23
frame - 94
4
248 268 29 46
40 277 26 42
135 307 24 40
361 395 15 25
frame - 95
4
243 263 28 45
36 275 24 39
131 303 22 37
38 297 27 47
frame - 96
3
237 259 28 45
32 272 28 43
127 302 24 39
frame - 97
2
229 256 31 45
31 270 28 44
frame - 98
3
227 251 29 47
27 269 28 43
117 294 23 38
frame - 99
4
224 246 30 46
26 269 26 46
118 291 20 37
901 452 9 16
frame - 100
6
221 244 30 47
115 283 23 40
20 286 29 49
20 267 27 45
903 451 9 16
774 449 10 16
frame - 101
5
215 245 33 46
16 270 28 41
114 283 22 38
911 450 9 15
774 449 10 16
frame - 102
5
212 246 31 46
15 272 27 39
114 276 23 39
909 450 10 15
773 450 10 15
frame - 103
5
209 246 31 50
13 273 28 39
111 277 26 45
909 450 10 16
773 449 10 16
frame - 104
5
208 245 31 48
10 271 28 41
108 276 28 45
908 450 11 16
451 403 17 26
frame - 105
4
208 248 29 47
107 276 26 45
9 271 27 40
906 450 10 16
frame - 106
4
208 249 29 51
103 276 29 46
6 268 28 41
910 449 10 16
frame - 107
4
204 246 31 52
100 277 30 46
3 263 28 43
910 449 10 15
frame - 108
5
203 245 29 50
104 278 25 43
1 263 26 40
909 449 10 16
912 446 9 14
frame - 109
6
199 244 30 49
101 275 28 47
1 259 24 45
910 449 10 16
911 447 9 14
786 441 11 17
frame - 110
5
196 242 29 51
99 272 28 45
1 256 22 40
909 449 10 16
530 414 12 17
frame - 111
5
192 237 31 48
98 268 27 48
909 451 10 15
441 398 17 26
529 414 13 17
frame - 112
4
186 232 33 49
93 267 31 47
906 451 10 15
1054 496 8 14
frame - 113
4
183 228 33 48
89 260 30 46
901 452 10 15
1055 497 8 14
frame - 114
8
179 225 31 48
85 255 29 46
878 508 9 16
901 452 9 14
880 506 9 16
1053 498 7 13
770 441 11 18
435 399 20 30
frame - 115
7
174 222 33 50
82 251 29 45
899 451 10 15
1053 498 8 14
875 509 9 16
362 431 10 16
770 441 12 19
frame - 116
6
167 221 35 50
77 248 29 45
899 451 10 15
1054 498 8 14
770 441 12 19
1051 500 9 14
frame - 117
7
162 222 35 50
67 248 33 44
898 451 10 15
1054 498 9 14
432 399 17 24
1052 500 8 14
997 451 8 16
frame - 118
6
159 224 34 51
65 249 31 46
897 450 10 16
893 445 9 15
993 451 9 17
1053 497 8 14
frame - 119
6
152 226 35 53
61 251 31 47
898 449 10 16
893 445 10 15
431 396 16 25
1051 496 8 14
frame - 120
6
146 227 33 50
52 252 32 46
897 449 10 16
892 451 10 15
893 444 10 16
1051 495 9 15
frame - 121
8
137 228 35 49
48 257 30 49
897 449 10 16
893 450 11 15
894 444 10 16
975 449 10 18
1047 492 9 13
1050 494 9 14
frame - 122
9
131 226 33 51
41 257 31 48
895 449 11 16
892 450 11 15
895 445 9 15
990 443 10 17
772 440 12 19
991 447 10 18
1048 491 9 14
frame - 123
9
125 221 33 54
33 256 31 47
894 449 11 16
890 445 10 15
889 451 10 16
991 444 10 16
256 316 22 32
772 440 11 18
1046 491 9 14
frame - 124
9
117 217 35 53
28 252 30 47
250 309 25 38
891 444 10 16
894 449 10 16
890 450 10 16
992 446 10 17
1047 491 8 14
991 444 10 16
frame - 125
6
113 210 33 58
19 250 32 45
250 303 23 37
892 449 10 15
891 445 9 15
1047 492 8 13
frame - 126
9
107 207 35 55
15 245 30 43
894 445 9 14
892 448 9 14
1046 493 8 12
888 450 8 14
993 450 9 15
248 303 23 34
609 421 12 20
frame - 127
7
100 202 35 52
7 241 31 40
893 446 9 13
246 302 25 36
890 449 9 14
608 420 13 20
886 450 9 14
frame - 128
10
94 198 37 53
5 237 30 41
892 446 9 14
891 449 9 14
966 497 7 12
246 300 23 36
764 460 11 16
607 419 13 20
885 450 9 14
996 451 9 15
frame - 129
8
91 194 38 55
3 231 30 41
965 498 8 12
890 446 9 14
889 449 9 14
246 300 23 32
963 499 8 12
607 418 13 21
frame - 130
10
86 195 38 54
1 224 25 36
890 450 9 15
889 446 9 14
962 497 8 12
887 451 9 15
398 394 18 27
244 299 25 38
607 419 13 21
1047 498 8 12
frame - 131
11
83 196 36 52
895 446 8 14
892 450 8 13
996 451 10 15
238 299 26 38
972 480 9 14
395 390 22 31
1048 498 8 11
887 452 8 13
606 418 14 21
1051 493 8 11
frame - 132
9
77 197 38 54
237 300 27 39
967 480 9 14
885 451 9 14
1049 499 7 10
881 453 9 14
606 419 13 21
394 390 23 31
882 447 8 13
frame - 133
8
72 197 40 58
237 299 27 40
880 451 9 14
964 473 8 13
605 421 13 20
1050 499 7 10
877 447 9 13
996 452 9 14
frame - 134
8
66 196 41 56
237 298 26 41
965 477 9 14
997 451 9 14
964 472 9 14
604 422 14 20
875 450 9 15
1049 497 8 12
frame - 135
6
63 196 40 57
236 294 27 41
996 451 9 15
936 527 7 12
967 469 9 13
604 423 13 19
frame - 136
6
60 195 40 59
233 293 26 38
996 451 9 14
979 467 8 12
384 384 21 28
996 456 9 14
frame - 137
4
58 190 39 63
231 291 27 39
383 385 19 28
996 451 9 14
frame - 138
6
54 189 39 58
229 285 27 40
995 451 9 14
381 385 21 29
600 423 13 19
899 409 11 18
frame - 139
8
49 183 40 62
224 281 28 41
994 450 9 15
599 423 13 19
379 385 21 29
993 456 9 13
895 408 12 20
993 467 8 12
frame - 140
5
46 179 37 62
222 277 28 39
996 452 10 14
279 416 14 22
989 456 9 14
frame - 141
5
41 172 40 60
219 274 26 41
885 407 13 22
997 452 9 14
594 422 13 19
frame - 142
4
37 168 36 60
215 274 26 39
996 452 10 15
592 420 12 20
frame - 143
5
29 166 39 59
211 273 28 40
902 444 9 15
592 420 12 21
994 452 9 15
frame - 144
8
26 162 38 60
208 273 26 41
903 445 9 15
994 453 9 15
993 457 9 15
994 466 8 13
1042 497 9 14
591 420 13 21
frame - 145
7
18 161 39 62
904 445 9 15
993 453 10 15
205 275 26 40
375 380 19 32
992 457 10 15
588 420 13 21
frame - 146
9
13 161 39 62
199 278 26 38
903 444 10 15
374 380 20 32
993 453 10 14
992 457 9 15
1041 497 8 13
282 362 15 31
992 463 8 13
frame - 147
7
5 163 40 60
372 377 21 34
902 444 11 16
993 453 10 14
992 458 9 15
994 465 8 13
1041 497 8 13
frame - 148
7
2 165 34 63
902 444 11 15
188 279 28 37
370 378 21 33
994 453 9 14
994 459 8 13
994 464 8 13
frame - 149
9
1 168 31 63
901 445 10 15
996 453 8 14
369 379 21 32
184 276 26 39
995 458 8 14
255 361 19 33
990 464 7 12
245 361 19 33
frame - 150
9
1 167 26 62
901 445 9 15
176 276 27 38
366 374 21 30
995 452 9 14
973 465 7 12
996 458 8 14
574 428 12 20
1042 495 8 14
frame - 151
7
240 360 20 34
903 448 10 16
902 446 9 14
996 452 8 14
364 374 23 31
966 466 7 13
996 458 8 14
frame - 152
8
360 371 24 32
902 449 9 15
998 453 8 13
994 460 8 13
965 465 8 13
566 429 12 20
901 447 9 13
172 267 23 38
frame - 153
5
902 450 9 14
960 465 8 14
997 453 9 14
901 446 9 13
996 458 9 14
frame - 154
7
902 450 9 14
997 453 9 14
962 464 8 13
994 459 9 13
901 446 9 14
879 479 9 14
359 374 21 30
frame - 155
6
164 256 27 40
999 454 9 14
979 463 8 13
998 457 9 14
901 449 9 14
900 446 9 14
frame - 156
6
999 454 9 14
900 446 9 14
159 253 29 39
994 462 9 13
998 457 9 14
902 448 9 14
frame - 157
3
1000 455 10 14
900 446 9 14
996 463 9 13
frame - 158
6
900 446 9 13
1001 456 9 13
1000 458 9 14
997 463 9 14
157 251 27 39
899 450 9 13
frame - 159
5
223 347 17 29
899 445 9 14
1001 456 9 13
997 463 9 14
898 450 8 13
frame - 160
7
221 346 18 29
898 446 9 13
996 464 9 14
999 460 9 13
898 450 9 12
1000 456 9 13
894 451 9 13
frame - 161
6
996 463 9 14
221 348 17 28
898 445 9 14
898 451 9 13
999 459 9 14
1000 456 9 14
frame - 162
2
897 445 9 13
898 450 9 13
frame - 163
8
145 258 24 37
897 445 10 14
214 347 20 29
898 448 9 13
1000 456 9 13
835 434 12 16
997 462 10 14
999 458 9 14
frame - 164
6
140 255 26 38
896 446 11 13
1001 455 9 13
836 434 12 16
897 450 10 13
999 463 9 13
frame - 165
7
138 252 26 36
896 446 11 13
1000 454 9 14
836 434 12 16
895 450 10 13
999 463 8 13
1000 457 9 14
frame - 166
9
896 446 10 14
135 250 25 35
897 448 11 15
894 450 10 14
999 453 9 14
999 458 9 15
836 434 12 16
998 464 9 14
533 432 13 17
frame - 167
9
896 446 10 14
895 450 10 14
999 454 9 14
998 464 10 14
999 458 9 15
837 434 11 16
532 431 13 18
132 246 22 33
1038 491 8 12
frame - 168
7
896 445 10 15
124 241 26 37
999 465 9 14
895 450 10 14
998 454 10 14
999 459 9 14
837 434 11 16
frame - 169
8
118 238 28 40
895 446 10 14
896 449 11 15
839 433 11 16
997 465 9 13
997 456 9 13
783 433 10 16
678 451 12 21
frame - 170
7
112 236 28 40
895 446 9 14
895 449 10 15
840 434 10 16
996 463 9 13
996 458 9 14
784 433 10 17
frame - 171
7
109 236 26 40
895 449 10 15
894 446 10 14
840 433 11 16
194 344 24 40
996 459 8 13
997 462 8 13
frame - 172
7
895 449 10 16
193 339 24 40
894 446 10 14
994 460 8 13
98 236 29 40
842 432 10 16
1015 483 7 11
frame - 173
6
192 340 21 35
894 450 11 14
894 446 10 14
993 459 9 13
1071 507 7 11
1038 499 8 12
frame - 174
6
84 237 28 41
894 450 10 14
894 446 9 14
992 458 9 14
41 609 10 12
995 461 8 13
frame - 175
5
77 240 28 40
894 450 10 14
894 446 9 14
992 457 8 14
994 462 8 13
frame - 176
6
894 450 9 14
894 446 9 14
989 457 8 14
992 455 8 14
993 463 8 13
793 460 9 14
frame - 177
10
895 450 9 14
987 466 7 12
59 244 22 35
176 337 24 38
794 459 9 15
894 446 9 14
102 325 28 48
986 462 9 13
991 455 8 13
791 459 10 15
frame - 178
8
93 329 32 48
46 241 29 39
894 450 9 14
172 336 24 38
985 467 8 12
893 446 9 14
795 460 10 15
986 462 8 13
frame - 179
6
38 237 30 41
169 338 24 37
893 450 9 14
990 468 7 12
893 447 9 13
792 434 11 16
frame - 180
7
34 234 30 44
165 339 24 36
987 470 8 13
890 449 9 14
986 462 7 13
892 446 9 14
888 450 9 13
frame - 181
10
30 232 28 43
162 339 24 38
982 470 7 12
892 449 9 15
984 462 8 13
892 446 10 14
890 450 9 13
1017 473 7 12
853 433 12 16
798 432 12 18
frame - 182
10
20 226 31 46
156 341 23 35
985 469 8 13
892 449 10 15
984 463 8 13
853 432 13 18
892 446 11 15
797 431 14 19
986 473 7 12
1017 473 7 12
frame - 183
11
20 225 30 44
153 339 24 36
987 473 8 12
892 450 10 14
892 446 10 14
981 462 8 13
989 475 8 12
854 432 13 17
890 450 9 13
1016 474 8 11
283 364 18 30
frame - 184
11
14 221 34 48
148 338 23 37
987 471 8 12
892 450 10 14
987 474 8 12
854 431 14 18
983 462 8 13
1017 474 7 12
892 446 10 14
889 450 10 13
282 369 15 32
frame - 185
11
10 220 33 47
985 469 8 12
985 462 8 13
892 450 11 14
146 333 23 37
1016 473 8 12
988 475 7 11
891 446 10 14
890 450 10 13
854 432 13 17
329 411 11 19
frame - 186
11
5 221 32 44
985 466 8 13
142 333 22 37
985 462 9 13
1016 473 7 12
280 360 16 34
889 445 11 15
989 473 8 12
891 449 10 14
854 430 14 18
800 429 15 20
frame - 187
10
138 329 25 39
4 222 30 42
985 466 8 12
985 462 9 13
1016 473 8 13
333 411 10 18
327 415 9 18
802 430 14 19
334 403 9 18
988 473 8 11
frame - 188
8
137 329 23 37
2 222 27 45
986 466 8 12
1016 474 8 12
986 462 9 13
331 408 11 20
327 410 11 19
804 431 14 19
frame - 189
8
1 223 25 46
986 467 8 13
987 461 9 13
1016 474 8 12
330 409 12 20
804 430 13 20
136 328 21 37
1 302 26 38
frame - 190
6
986 469 8 13
133 327 22 37
1014 473 8 13
804 432 13 19
328 410 12 20
330 415 12 20
frame - 191
8
131 325 23 33
987 467 9 13
804 432 14 20
1014 473 8 13
327 412 11 19
2 306 13 35
986 460 8 14
854 429 13 19
frame - 192
8
131 325 22 32
985 458 8 14
985 462 7 12
327 416 9 16
806 434 12 18
321 420 10 16
1016 473 8 13
853 392 15 27
frame - 193
3
130 326 21 31
984 459 8 14
982 462 8 12
frame - 194
5
122 326 25 38
984 460 8 13
1017 497 8 12
855 430 12 18
259 361 17 33
frame - 195
8
105 449 35 55
63 414 29 47
119 327 26 37
983 461 9 13
256 361 19 33
854 430 13 19
1018 497 8 13
805 434 12 18
frame - 196
9
59 411 31 51
103 453 33 53
984 461 8 13
118 328 25 37
248 361 16 31
1018 497 7 12
805 434 11 17
854 431 12 18
987 473 7 12
frame - 197
7
983 458 9 15
119 330 21 35
1017 497 7 12
805 432 11 17
854 433 12 16
1016 490 7 12
852 393 15 26
frame - 198
4
118 329 21 36
983 459 8 15
1017 497 7 12
805 432 11 17
frame - 199
5
113 328 24 38
982 464 8 12
292 441 17 36
240 351 18 34
804 431 13 18
frame - 200
6
111 327 23 38
981 461 9 14
977 464 8 13
290 441 18 34
804 430 13 19
987 474 7 12
frame - 201
6
978 464 8 13
981 461 8 14
108 324 24 37
230 346 21 37
989 478 7 12
1016 499 6 11
frame - 202
4
229 341 22 35
107 321 23 38
982 460 8 14
991 477 7 12
frame - 203
7
225 340 21 37
104 319 24 36
294 369 13 25
983 464 8 12
982 460 8 14
996 481 7 11
1001 484 6 10
frame - 204
6
224 341 20 34
983 465 7 13
981 460 8 14
102 317 22 34
986 476 7 12
804 429 13 20
frame - 205
7
221 340 21 35
98 314 25 37
983 464 7 12
804 430 14 19
84 443 30 48
981 459 8 14
51 436 31 48
frame - 206
6
94 310 26 40
214 340 22 36
984 463 7 12
805 429 13 20
982 458 8 14
1018 500 6 10
frame - 207
6
88 310 25 39
211 340 22 36
984 465 7 12
1019 502 6 10
982 458 8 14
806 430 13 20
frame - 208
7
205 342 24 35
86 311 23 38
984 467 7 12
982 457 8 14
986 477 7 12
806 432 12 18
1019 502 6 11
frame - 209
6
200 343 24 34
81 313 25 36
984 467 7 13
985 477 7 13
982 457 8 14
1018 502 6 12
frame - 210
7
78 312 24 39
195 342 24 37
984 464 8 13
983 458 8 14
987 477 8 13
1018 501 7 13
282 368 16 27
frame - 211
6
189 341 25 37
72 313 25 39
984 464 8 13
983 458 8 15
986 477 7 12
1019 502 7 12
frame - 212
7
187 342 22 35
182 342 21 35
65 314 27 38
984 465 7 13
280 366 15 27
983 459 8 14
987 477 7 12
frame - 213
4
178 340 22 37
63 314 23 37
984 460 8 14
988 480 6 12
frame - 214
6
55 314 26 36
176 338 24 38
985 465 7 13
988 480 7 11
984 461 7 13
1018 501 6 11
frame - 215
5
51 312 24 36
174 337 20 31
983 464 8 13
983 461 7 14
988 476 7 11
frame - 216
5
167 337 24 39
985 466 7 12
45 308 26 39
983 463 8 13
990 476 7 11
frame - 217
5
34 442 36 51
41 306 25 36
167 330 23 36
985 468 7 13
988 478 6 11
frame - 218
6
38 303 27 38
158 328 26 37
30 441 32 45
985 464 8 13
984 461 8 14
54 460 32 59
frame - 219
6
28 437 32 42
154 327 25 37
984 466 7 13
37 302 24 37
983 461 8 14
985 474 7 12
frame - 220
3
34 298 26 41
149 328 21 37
984 468 7 13
frame - 221
3
147 328 23 37
32 296 27 38
984 468 7 12
frame - 222
3
144 327 26 39
30 295 27 38
983 469 8 13
frame - 223
3
141 328 25 38
27 295 27 39
983 470 8 13
frame - 224
3
136 328 27 38
26 296 25 39
984 470 8 13
frame - 225
5
135 327 25 37
984 469 9 14
20 299 28 39
806 429 14 19
984 475 8 12
frame - 226
6
16 299 30 41
133 324 28 37
805 429 14 20
980 465 9 15
981 461 9 16
983 474 8 13
frame - 227
7
13 300 30 40
129 321 28 38
982 461 8 16
237 362 15 23
805 429 14 20
237 376 14 23
984 471 7 13
frame - 228
5
14 300 26 39
235 361 15 24
127 318 27 41
804 430 14 19
235 376 15 24
frame - 229
4
126 314 27 45
11 298 26 40
233 377 15 26
234 360 16 24
frame - 230
4
121 311 30 43
6 295 30 41
230 377 16 24
232 362 17 23
frame - 231
4
6 292 27 42
120 310 30 42
229 376 15 25
231 361 17 24
frame - 232
5
3 289 27 43
115 309 30 42
230 357 16 26
975 472 8 13
982 478 7 12
frame - 233
5
112 309 29 42
228 357 17 27
1 286 26 39
980 472 7 13
981 477 7 12
frame - 234
7
109 309 31 43
1 283 23 41
224 354 19 30
981 468 7 12
981 476 7 11
979 461 8 14
796 422 16 21
frame - 235
6
109 309 26 41
0 281 19 41
223 356 18 28
981 469 7 13
982 475 6 12
253 383 11 19
frame - 236
6
102 310 29 42
217 376 15 26
981 470 7 13
0 281 15 40
221 358 16 27
981 475 7 12
frame - 237
5
99 311 29 40
217 368 16 27
220 360 16 26
980 470 8 13
982 478 7 12
frame - 238
5
95 311 28 40
220 361 15 24
218 366 13 22
981 479 8 12
977 472 8 13
frame - 239
4
90 311 26 39
217 358 17 27
974 472 7 13
979 478 7 12
frame - 240
6
88 310 24 39
219 359 15 26
976 472 7 13
979 476 8 13
218 372 12 24
13 352 18 26
