frame - 0
3
1206 540 15 18
1217 512 14 17
1244 543 17 19
frame - 1
3
1203 538 16 18
1219 513 14 16
1049 447 25 36
frame - 2
2
1224 513 13 15
1046 447 28 37
frame - 3
2
1214 514 12 15
1207 540 15 18
frame - 4
3
1227 513 14 16
1208 540 15 19
1050 449 23 29
frame - 5
3
1208 540 16 19
1212 515 14 16
1050 448 26 36
frame - 6
4
1222 512 16 18
1212 539 17 20
1216 536 17 20
1049 448 27 36
frame - 7
4
1048 448 29 42
1214 539 16 19
1223 514 12 14
1259 478 17 25
frame - 8
3
1213 539 15 18
1049 444 27 42
1228 514 12 15
frame - 9
3
1217 536 15 20
1052 451 24 40
1260 486 17 25
frame - 10
2
1229 511 15 19
1051 450 24 41
frame - 11
2
1213 540 16 18
1229 511 15 18
frame - 12
1
1215 540 15 20
frame - 13
2
1216 540 16 18
1267 481 13 20
frame - 14
1
1216 542 16 19
frame - 15
2
1222 542 15 18
1231 519 15 18
frame - 16
1
1225 541 16 19
frame - 17
2
1226 541 15 19
1253 540 14 17
frame - 18
4
1226 542 16 19
1227 522 15 17
1252 540 14 18
308 441 18 32
frame - 19
2
1227 543 16 18
1065 447 24 37
frame - 20
3
1223 543 15 19
543 447 13 19
1065 448 25 37
frame - 21
3
1225 543 16 18
912 455 8 11
543 446 13 20
frame - 22
3
918 456 7 10
1224 543 15 18
544 445 13 20
frame - 23
2
1224 544 15 18
1068 450 22 35
frame - 24
4
1068 449 24 36
941 336 14 17
1224 543 15 18
704 442 10 15
frame - 25
2
1068 450 24 35
1224 543 16 19
frame - 26
2
1226 544 16 19
1070 451 23 34
frame - 27
3
1069 453 25 36
549 447 12 20
923 419 8 11
frame - 28
2
1067 452 25 39
549 447 13 20
frame - 29
2
1068 453 25 37
550 448 12 19
frame - 30
1
550 448 13 20
frame - 31
5
924 420 8 10
551 449 12 19
886 431 8 11
1069 453 24 38
1067 458 20 29
frame - 32
5
1072 454 23 38
924 419 8 11
551 448 12 20
886 430 9 12
1070 458 20 29
frame - 33
5
924 419 8 11
1068 458 19 29
1072 454 23 37
551 448 12 20
889 429 8 12
frame - 34
3
550 447 14 20
1074 454 23 38
923 420 8 11
frame - 35
1
551 447 13 21
frame - 36
3
1071 449 25 43
550 447 14 20
882 434 8 12
frame - 37
3
1074 452 24 41
550 446 14 21
881 434 9 12
frame - 38
3
1074 452 24 41
883 434 8 12
550 446 14 21
frame - 39
2
1073 451 25 42
883 435 9 11
frame - 40
2
1072 450 26 44
1233 524 11 14
frame - 41
1
1073 451 26 42
frame - 42
1
1077 452 27 41
frame - 43
0
frame - 44
0
frame - 45
1
1085 449 23 36
frame - 46
1
1088 449 22 35
frame - 47
1
1089 449 21 35
frame - 48
1
1089 449 20 35
frame - 49
2
1090 449 20 35
884 436 9 13
frame - 50
1
1088 446 22 38
frame - 51
1
1089 448 21 36
frame - 52
0
frame - 53
0
frame - 54
1
1085 448 26 36
frame - 55
1
1086 449 26 35
frame - 56
1
1087 449 26 37
frame - 57
1
1086 448 26 37
frame - 58
1
1087 447 25 38
frame - 59
1
1086 448 26 38
frame - 60
3
1087 450 27 44
950 332 13 17
1096 452 26 42
frame - 61
3
1091 448 25 38
950 332 14 17
1095 450 26 41
frame - 62
2
1096 451 25 42
952 332 14 17
frame - 63
3
1098 451 24 43
952 331 14 18
848 423 14 19
frame - 64
1
1097 449 25 44
frame - 65
2
1098 447 25 40
953 332 14 17
frame - 66
3
1098 449 25 42
952 332 15 18
563 439 15 21
frame - 67
2
1097 449 26 42
953 332 15 17
frame - 68
3
953 332 15 17
1099 446 25 41
563 439 15 21
frame - 69
2
954 332 15 18
562 439 16 21
frame - 70
2
954 332 14 18
562 439 16 21
frame - 71
2
955 332 14 18
563 438 16 21
frame - 72
4
955 332 15 18
564 440 15 20
1098 447 26 39
421 423 21 28
frame - 73
4
955 332 15 18
1099 448 25 36
564 440 16 20
421 424 21 26
frame - 74
4
956 332 14 18
1098 449 26 35
564 440 16 20
421 424 21 26
frame - 75
3
956 331 15 18
1100 449 25 35
422 424 20 27
frame - 76
3
956 331 15 18
1098 449 25 36
1163 455 23 37
frame - 77
2
956 331 15 17
564 438 16 22
frame - 78
2
958 331 14 18
564 438 16 22
frame - 79
2
957 331 15 17
564 438 16 22
frame - 80
2
957 331 15 17
564 437 16 23
frame - 81
2
960 331 14 17
565 438 15 22
frame - 82
1
960 331 14 18
frame - 83
1
564 438 16 22
frame - 84
1
962 332 14 17
frame - 85
2
962 332 15 17
884 441 10 16
frame - 86
2
963 331 14 18
881 442 11 16
frame - 87
1
964 332 13 17
frame - 88
1
966 332 14 18
frame - 89
2
967 332 14 17
877 441 10 15
frame - 90
2
967 331 14 19
1107 448 22 36
frame - 91
2
1110 445 26 39
1106 447 24 36
frame - 92
2
900 436 10 13
1106 447 23 37
frame - 93
3
1181 457 22 36
1112 446 25 38
968 332 14 16
frame - 94
2
1110 446 28 38
1182 458 23 36
frame - 95
4
1112 447 26 37
969 331 13 18
965 332 13 17
1183 462 24 38
frame - 96
3
1111 447 27 38
1184 459 22 35
902 436 10 13
frame - 97
1
1114 447 25 39
frame - 98
1
575 443 17 21
frame - 99
2
1121 450 22 28
575 443 18 22
frame - 100
3
1122 450 20 28
1144 467 19 27
969 334 14 18
frame - 101
1
1122 450 20 28
frame - 102
2
1121 449 21 29
577 443 18 22
frame - 103
3
1122 450 18 28
1210 447 23 37
577 443 18 22
frame - 104
3
1123 449 20 29
906 436 10 12
1211 448 22 36
frame - 105
2
1127 448 25 37
1193 460 25 40
frame - 106
2
1123 450 22 29
1213 447 24 37
frame - 107
4
1129 448 25 38
909 438 12 17
908 434 12 16
580 444 17 22
frame - 108
4
908 439 12 16
1127 450 26 36
908 436 12 14
580 444 16 22
frame - 109
4
1128 457 21 29
908 435 11 15
907 440 12 14
977 331 15 18
frame - 110
3
1128 457 21 29
909 435 10 13
580 444 17 23
frame - 111
5
1133 458 21 28
909 434 10 14
902 438 10 13
884 443 10 13
581 445 16 22
frame - 112
6
1126 458 19 27
980 330 14 19
868 422 16 20
1199 461 27 41
910 433 11 15
1135 451 19 27
frame - 113
5
909 433 12 16
910 438 11 15
1132 458 20 28
1198 461 29 40
979 331 15 18
frame - 114
4
911 433 10 14
1127 458 19 28
1136 451 20 27
1228 447 26 37
frame - 115
2
910 433 12 16
1128 458 19 28
frame - 116
5
1230 446 24 38
910 434 11 15
911 438 12 15
981 331 15 18
1125 458 18 27
frame - 117
4
1132 457 18 28
908 439 11 15
1206 462 26 37
1136 450 21 34
frame - 118
5
1205 462 27 38
908 438 13 17
885 444 11 15
1137 450 22 34
912 434 12 17
frame - 119
4
1210 461 24 35
883 447 11 16
904 439 11 17
1136 450 21 34
frame - 120
4
881 448 10 16
911 439 12 17
887 432 13 17
1152 448 21 37
frame - 121
1
878 451 11 16
frame - 122
2
1153 449 21 36
884 449 10 15
frame - 123
4
893 442 10 14
889 443 10 14
1154 448 20 37
887 435 10 14
frame - 124
2
893 441 10 15
883 434 11 14
frame - 125
4
882 432 10 14
879 426 11 15
891 442 10 13
770 437 10 13
frame - 126
6
883 434 11 14
893 440 9 14
891 442 9 13
880 426 11 15
771 437 10 14
1131 454 21 39
frame - 127
5
884 432 11 16
896 440 10 15
894 441 9 14
879 425 11 16
771 436 10 14
frame - 128
6
883 431 11 15
890 446 10 15
897 442 10 14
879 425 11 16
772 436 9 14
590 445 14 20
frame - 129
5
880 429 12 16
878 424 13 17
1168 447 22 37
771 436 11 14
897 437 11 16
frame - 130
6
887 431 11 16
899 440 10 16
878 424 13 17
1170 447 20 37
898 442 10 15
772 436 10 14
frame - 131
5
898 439 11 16
894 434 11 16
1170 448 20 36
773 436 10 14
1225 459 26 41
frame - 132
6
900 438 11 18
886 433 11 17
1170 447 21 36
1227 457 25 38
877 423 12 17
771 436 10 13
frame - 133
6
905 434 11 16
901 438 11 17
1227 457 26 38
898 442 11 16
877 424 12 17
772 437 10 12
frame - 134
7
901 437 12 19
890 434 11 17
926 435 15 21
1228 456 25 39
898 443 11 16
772 436 10 13
592 443 15 22
frame - 135
6
902 437 13 19
892 434 11 17
926 435 15 21
1229 456 26 40
879 423 13 17
902 443 11 16
frame - 136
6
903 436 12 20
892 434 12 17
927 435 14 22
1169 448 21 35
880 422 13 17
901 442 11 17
frame - 137
7
903 436 13 20
1229 457 28 38
899 434 12 17
773 436 9 13
902 442 11 17
928 435 14 21
1169 447 21 37
frame - 138
6
903 436 13 20
928 435 15 21
897 434 12 17
774 436 9 13
1230 455 26 40
1170 448 20 35
frame - 139
6
905 436 12 20
928 434 15 23
1171 449 20 34
896 434 12 17
775 437 9 12
882 420 13 18
frame - 140
6
903 436 13 20
1171 449 20 34
900 434 11 17
775 436 9 13
926 436 15 22
885 422 11 17
frame - 141
6
906 437 13 18
776 436 9 13
900 433 12 17
885 422 12 17
1172 449 20 34
594 441 15 19
frame - 142
5
907 437 11 16
901 434 11 16
887 423 12 16
594 441 16 19
777 437 8 12
frame - 143
6
909 437 12 18
903 434 10 16
887 424 11 16
929 437 13 19
594 441 17 22
776 436 8 13
frame - 144
4
910 439 11 16
905 435 11 14
1240 455 27 38
887 425 10 15
frame - 145
6
910 438 11 17
909 433 11 16
958 471 9 15
931 437 13 19
955 473 9 15
777 437 8 12
frame - 146
5
910 439 11 17
1245 456 25 37
931 437 13 19
906 434 11 15
776 436 9 13
frame - 147
5
1181 446 23 38
910 439 11 16
906 435 11 15
1246 454 26 40
886 424 12 16
frame - 148
3
1182 447 23 36
908 434 11 15
910 439 11 16
frame - 149
4
1182 447 24 36
907 434 11 15
1246 454 27 40
909 438 11 17
frame - 150
4
1184 448 23 35
909 438 12 17
907 434 11 16
909 443 10 16
frame - 151
3
1184 448 23 35
910 440 10 15
908 435 11 15
frame - 152
4
1183 448 24 35
910 440 10 15
908 435 11 15
1248 455 27 38
frame - 153
5
909 436 11 15
960 471 11 14
1186 448 23 35
910 440 10 14
957 472 10 16
frame - 154
5
909 435 11 15
910 438 11 16
1248 455 28 39
960 471 11 14
1186 449 23 34
frame - 155
5
911 436 11 15
911 439 11 15
1248 455 27 39
1194 448 25 36
960 471 9 14
frame - 156
5
911 439 11 16
910 436 11 14
912 443 10 15
1005 324 16 18
97 391 7 10
frame - 157
4
910 435 11 15
911 440 10 14
1006 324 16 17
1194 450 25 34
frame - 158
5
911 439 11 15
911 436 11 14
1006 324 15 17
283 422 22 35
1194 449 25 35
frame - 159
6
912 440 11 15
911 443 9 14
282 422 22 36
1007 324 15 17
912 436 10 15
1200 451 20 27
frame - 160
6
913 440 11 16
284 423 21 35
1008 324 15 17
912 436 11 15
1196 450 26 34
1201 457 20 26
frame - 161
4
914 441 12 15
1196 449 27 35
912 443 11 15
283 419 23 40
frame - 162
4
914 440 11 16
1196 449 28 35
913 443 10 14
602 441 19 24
frame - 163
4
917 440 11 16
915 445 11 14
1202 456 21 28
603 441 19 24
frame - 164
6
916 440 11 15
913 435 10 15
287 423 20 35
915 445 10 15
603 441 19 24
1203 457 19 27
frame - 165
6
916 440 11 16
914 444 11 15
1198 449 26 36
603 441 19 24
912 435 11 15
898 457 10 15
frame - 166
6
916 440 10 15
914 436 10 14
288 422 20 37
913 445 10 15
902 458 10 15
605 442 18 22
frame - 167
5
916 439 11 16
914 443 10 15
605 441 19 24
914 435 10 15
1206 451 22 34
frame - 168
6
1223 542 13 22
918 440 10 16
1229 582 13 18
605 442 18 23
1207 457 18 29
914 446 11 15
frame - 169
4
918 441 11 15
908 434 10 13
606 442 18 23
1226 543 13 22
frame - 170
4
919 440 11 17
909 433 11 15
606 442 18 22
1200 457 22 29
frame - 171
5
918 440 12 16
916 443 11 16
1207 452 23 34
906 432 12 16
606 442 18 23
frame - 172
5
920 440 10 16
908 434 11 15
1204 457 21 29
1210 451 23 35
607 442 17 22
frame - 173
7
920 439 11 17
1208 453 25 37
907 434 11 16
607 443 17 22
96 392 8 10
918 442 10 16
475 433 19 25
frame - 174
4
920 440 11 17
607 442 17 23
1209 457 23 30
903 431 11 15
frame - 175
8
920 440 11 16
1209 454 24 37
606 442 19 23
906 433 10 15
474 433 19 25
918 442 11 15
1228 541 14 24
97 392 8 10
frame - 176
5
920 439 11 17
1212 454 23 37
476 432 19 27
608 443 17 23
910 434 12 15
frame - 177
7
1212 453 24 38
1235 585 15 22
921 439 11 17
475 432 20 27
608 443 17 23
912 434 10 16
1228 541 14 24
frame - 178
7
1214 456 23 36
1235 587 14 20
921 440 11 17
475 434 18 25
608 443 17 23
893 424 11 17
906 431 11 15
frame - 179
6
1215 455 24 37
921 441 11 16
475 431 21 28
893 425 11 16
896 427 11 15
609 444 17 23
frame - 180
6
920 441 11 17
1238 588 13 19
1220 459 21 28
895 426 11 16
612 446 15 22
906 457 11 16
frame - 181
8
920 440 11 17
1221 459 21 28
894 427 12 16
612 445 16 23
1237 589 14 18
918 443 11 16
904 456 11 16
474 431 19 27
frame - 182
6
611 445 16 23
1218 456 24 36
919 441 12 17
892 426 11 17
475 432 18 26
99 391 9 12
frame - 183
6
918 441 13 17
1217 457 25 35
611 445 17 24
475 432 19 27
98 391 10 13
888 428 11 15
frame - 184
8
1218 457 24 36
890 428 11 14
919 441 12 16
611 445 17 24
475 431 19 28
887 428 11 15
98 391 9 12
1240 590 12 18
frame - 185
7
920 441 12 17
891 428 10 14
1218 457 25 35
475 432 18 27
887 427 11 15
612 445 16 24
925 441 13 17
frame - 186
6
1222 455 27 37
920 441 12 17
475 432 18 27
925 441 13 18
612 445 16 24
893 427 11 15
frame - 187
7
925 440 14 18
476 433 18 27
1223 455 26 38
1218 456 24 37
920 441 11 17
612 446 16 23
896 428 11 15
frame - 188
6
925 440 13 19
920 441 11 17
475 433 19 27
611 446 17 23
1219 456 23 37
1224 455 25 38
frame - 189
6
612 446 16 23
475 433 18 26
927 442 12 18
1226 455 25 38
920 441 11 17
99 391 9 12
frame - 190
6
1248 589 14 21
1227 456 24 37
474 433 18 26
912 468 10 14
612 446 16 23
914 471 9 13
frame - 191
6
1249 589 14 20
1227 456 25 37
475 433 19 26
913 468 10 14
612 447 17 22
928 443 12 17
frame - 192
7
1247 590 15 20
1228 456 26 37
474 432 20 27
914 468 10 14
894 426 12 16
1022 327 16 20
917 472 9 13
frame - 193
6
1229 456 26 37
474 432 21 28
894 426 13 16
913 468 10 13
926 443 14 17
916 470 9 13
frame - 194
5
1229 457 25 37
474 432 20 27
894 425 13 17
926 443 13 16
913 467 10 13
frame - 195
3
1230 458 25 36
474 432 20 27
895 425 12 17
frame - 196
8
475 433 19 26
1214 464 23 40
897 427 12 16
1251 590 15 21
1230 458 25 37
62 385 8 11
916 464 10 13
928 443 12 16
frame - 197
7
474 433 20 26
1231 458 25 37
62 384 8 12
897 428 11 15
1214 464 24 39
917 465 10 14
916 462 10 14
frame - 198
4
474 433 19 26
62 385 8 12
899 428 10 15
1231 456 25 39
frame - 199
5
473 434 21 26
62 385 8 11
899 428 10 15
1233 457 23 37
1212 462 22 40
frame - 200
5
474 434 19 26
932 442 13 18
62 384 8 12
921 469 9 13
919 473 9 14
frame - 201
7
932 442 12 18
474 434 20 26
921 470 9 14
919 473 9 14
1215 463 22 39
1232 459 23 36
62 386 8 11
frame - 202
5
932 442 13 18
474 433 20 27
1211 463 22 40
921 471 9 14
919 473 9 15
frame - 203
4
932 442 13 17
474 432 20 27
1211 463 22 40
921 472 9 13
frame - 204
2
1209 464 20 40
475 433 18 26
frame - 205
2
475 433 19 26
936 442 11 17
frame - 206
4
936 443 12 16
475 433 19 26
898 424 12 17
1206 460 23 44
frame - 207
5
936 442 12 17
1209 461 21 43
474 432 20 27
953 440 12 16
899 424 12 17
frame - 208
4
937 443 11 17
1209 461 22 43
474 432 20 27
899 424 11 17
frame - 209
5
1212 463 22 41
898 424 12 17
939 443 11 16
474 432 20 27
1247 457 23 37
frame - 210
5
1211 463 22 41
939 443 11 16
898 426 11 16
474 432 20 26
624 449 18 24
frame - 211
6
1212 463 22 41
938 442 11 17
624 447 18 26
899 427 10 16
475 433 20 25
954 435 11 15
frame - 212
5
1212 462 22 42
898 428 11 16
475 432 20 26
625 449 18 24
956 439 12 16
frame - 213
5
1212 461 22 43
898 424 12 17
475 432 20 26
624 447 19 26
955 435 10 15
frame - 214
5
898 425 11 17
625 448 18 26
1214 462 21 42
475 431 21 27
955 440 10 15
frame - 215
5
898 424 13 17
626 449 19 25
953 441 11 15
475 431 21 27
943 442 11 17
frame - 216
4
627 449 18 25
898 425 11 16
475 430 20 28
956 439 11 16
frame - 217
4
897 427 12 17
627 449 19 25
955 439 12 17
475 430 21 28
frame - 218
6
1216 463 20 41
896 424 12 17
955 439 12 17
628 450 18 25
945 440 12 18
476 430 20 27
frame - 219
7
897 424 12 17
945 439 12 19
1217 463 20 41
955 439 11 17
628 449 18 25
957 435 10 15
476 430 21 27
frame - 220
7
1215 464 21 41
897 424 11 16
628 449 19 25
954 439 12 17
947 439 12 18
955 435 11 15
116 394 8 14
frame - 221
7
954 439 12 18
897 424 11 16
1215 465 21 40
947 441 13 18
629 450 18 24
114 393 8 14
1032 324 13 16
frame - 222
8
947 441 11 18
954 440 11 17
897 424 11 16
1033 323 15 18
957 434 11 15
111 395 8 14
630 450 18 24
476 429 21 28
frame - 223
8
960 434 11 15
898 424 11 16
957 438 11 17
1034 323 15 18
946 440 12 18
111 395 8 14
631 451 19 24
474 427 23 30
frame - 224
6
958 439 12 17
947 441 12 18
898 424 11 16
961 435 12 15
1034 324 14 17
631 450 19 25
frame - 225
6
959 439 13 18
1035 324 15 18
960 436 12 15
947 441 12 17
898 424 11 16
631 449 20 25
frame - 226
5
959 440 12 17
1036 323 15 18
946 441 12 18
898 425 11 15
475 426 22 30
frame - 227
4
961 440 12 17
1036 323 16 19
899 425 11 15
475 426 22 30
frame - 228
3
962 440 13 19
1037 324 15 17
898 424 11 16
frame - 229
3
1037 323 16 19
959 441 11 16
899 424 11 16
frame - 230
4
1037 323 16 19
960 440 11 17
900 424 12 16
636 450 18 23
frame - 231
4
957 441 11 16
899 424 12 17
1036 323 17 19
636 450 18 23
frame - 232
5
899 423 12 17
960 440 11 16
1037 323 16 19
1234 464 23 40
636 447 19 26
frame - 233
7
1039 322 16 19
900 422 13 18
638 448 19 25
898 425 11 17
958 440 11 16
959 437 10 13
1230 464 24 41
frame - 234
6
639 448 19 25
901 424 11 16
898 427 11 15
957 436 10 13
1042 322 15 18
478 430 22 27
frame - 235
7
640 448 19 26
901 424 11 16
898 427 11 15
956 441 10 15
1043 322 14 17
477 430 22 27
957 436 10 14
frame - 236
7
640 448 19 26
899 422 13 18
897 425 12 17
1042 322 15 18
957 437 9 13
956 440 9 14
478 430 21 27
frame - 237
5
641 448 19 26
1043 322 15 19
900 424 12 17
898 427 11 16
478 430 22 28
frame - 238
5
642 449 18 25
1045 323 15 19
902 425 11 16
900 427 11 15
956 442 10 15
frame - 239
5
643 449 19 26
1047 323 14 18
902 425 12 16
963 441 11 16
1161 486 8 13
frame - 240
5
963 442 11 16
1046 323 14 18
643 449 19 25
900 426 12 16
1210 443 11 16
frame - 241
5
901 425 12 16
1047 323 15 18
644 449 19 25
965 441 11 16
961 437 10 13
frame - 242
5
902 425 12 17
1048 323 16 19
645 449 19 25
965 437 9 12
964 439 10 15
frame - 243
5
903 425 12 17
966 436 9 13
646 450 19 25
1047 326 15 20
966 438 10 14
frame - 244
5
902 425 13 17
967 436 9 13
645 449 19 25
1049 323 14 19
969 438 10 15
frame - 245
4
903 425 12 17
1049 323 15 19
646 449 20 25
969 438 10 15
frame - 246
5
905 427 11 14
904 429 10 14
647 449 20 25
1048 326 17 21
961 441 9 14
frame - 247
3
905 426 11 16
647 448 20 25
956 442 10 15
frame - 248
5
903 425 11 16
647 448 20 25
956 440 9 15
1051 322 16 20
980 478 9 16
frame - 249
5
904 425 12 17
958 443 9 15
1050 322 17 20
648 449 20 25
484 432 21 27
frame - 250
5
906 425 12 17
1051 325 16 22
648 450 19 24
958 442 10 15
484 432 21 27
frame - 251
5
905 426 11 16
1052 323 15 19
961 442 10 16
649 450 19 24
984 478 8 17
frame - 252
5
1052 326 15 20
905 428 12 17
960 441 10 15
649 450 18 24
963 437 9 13
frame - 253
5
905 426 12 16
1052 325 15 20
650 451 19 24
963 442 10 14
485 434 22 26
frame - 254
4
906 429 10 15
1052 326 15 20
650 450 20 24
992 478 9 16
frame - 255
6
906 428 11 16
1053 326 15 19
651 450 20 25
969 476 9 18
956 465 9 18
961 443 10 14
frame - 256
6
906 428 11 17
1053 326 16 20
978 477 8 17
652 451 19 24
486 433 22 27
979 482 9 18
frame - 257
7
909 426 11 16
1054 326 16 21
907 428 11 16
487 433 21 27
970 477 9 17
962 442 10 15
653 451 18 23
frame - 258
8
1055 326 15 19
910 427 10 15
964 477 9 18
907 430 10 14
653 451 19 24
965 443 9 14
978 483 9 18
488 434 21 26
frame - 259
6
910 426 11 15
1056 326 15 19
653 451 19 24
908 428 11 16
489 434 21 25
997 484 8 17
frame - 260
6
654 451 20 24
1054 324 16 19
911 426 11 16
908 428 12 16
488 434 22 26
960 442 10 16
frame - 261
6
910 425 11 16
1055 324 16 19
654 451 20 24
908 427 11 17
961 443 10 15
989 480 8 16
frame - 262
4
1055 324 16 19
912 425 11 15
655 451 20 24
965 443 10 16
frame - 263
5
1057 325 16 20
655 451 20 24
912 426 11 15
971 476 8 18
965 443 9 15
frame - 264
5
1058 325 15 20
912 425 11 16
655 451 20 25
966 443 9 16
492 434 21 26
frame - 265
4
1058 325 16 21
912 425 10 16
656 451 19 25
963 444 9 15
frame - 266
4
1058 326 16 19
911 425 11 16
657 452 19 25
963 444 9 15
frame - 267
3
1059 325 16 20
657 453 19 24
912 426 11 15
frame - 268
4
1059 325 16 20
914 426 11 16
658 454 19 23
967 443 9 15
frame - 269
5
1061 325 15 20
913 425 11 15
659 453 18 24
959 474 10 17
494 434 23 30
frame - 270
4
1060 324 16 19
912 426 10 15
660 454 18 23
495 442 20 25
frame - 271
3
911 426 11 15
1060 324 15 18
661 454 17 23
frame - 272
3
912 425 11 16
1061 324 16 18
661 454 17 23
frame - 273
3
912 426 11 16
1062 323 16 18
661 454 17 23
frame - 274
4
914 428 11 17
1062 323 16 18
662 451 17 25
497 438 22 28
frame - 275
3
913 428 12 17
1062 323 16 18
661 452 18 25
frame - 276
5
1211 548 24 29
914 429 10 15
662 451 18 25
967 466 10 18
498 440 22 26
frame - 277
4
1064 322 16 19
915 430 10 16
1213 549 20 27
661 453 19 25
frame - 278
6
914 429 12 17
1064 322 17 19
1213 549 21 27
662 453 18 25
915 427 12 16
978 443 9 15
frame - 279
4
1064 322 17 18
913 429 11 17
662 453 19 25
915 427 11 15
frame - 280
4
1064 322 17 19
913 429 11 17
663 453 18 25
915 427 11 15
frame - 281
4
1066 322 16 19
663 453 19 25
914 430 10 15
916 428 10 14
frame - 282
4
914 427 13 18
1066 322 16 19
917 426 11 16
664 453 18 25
frame - 283
4
915 427 12 18
917 425 11 17
664 453 18 25
503 441 22 27
frame - 284
5
915 426 12 20
1067 323 16 18
916 424 13 18
664 453 19 25
504 441 20 27
frame - 285
4
915 426 13 19
665 454 19 24
505 441 20 27
0 417 19 43
frame - 286
3
917 422 13 19
916 426 12 19
667 454 19 24
frame - 287
2
919 425 12 17
667 454 20 24
frame - 288
4
919 423 12 18
666 454 19 24
0 414 18 45
508 440 23 32
frame - 289
3
919 424 12 18
667 454 19 24
0 413 18 47
frame - 290
2
920 424 12 17
668 454 19 24
frame - 291
2
919 423 12 18
668 453 20 25
frame - 292
2
919 423 12 18
669 453 19 25
frame - 293
2
918 426 13 19
670 454 19 24
frame - 294
3
919 425 11 16
670 454 20 25
985 435 10 13
frame - 295
2
919 429 11 16
670 453 20 25
frame - 296
2
919 429 11 17
671 453 20 26
frame - 297
3
671 453 20 26
919 431 11 15
87 407 28 44
frame - 298
2
671 454 20 25
919 430 11 16
frame - 299
2
671 455 20 24
43 379 24 44
frame - 300
3
42 379 25 45
671 455 20 27
522 433 24 32
frame - 301
1
672 455 20 27
frame - 302
2
672 455 19 27
522 431 25 33
frame - 303
3
673 456 19 26
523 432 24 33
926 422 15 19
frame - 304
3
988 434 10 15
524 433 24 32
673 458 19 23
frame - 305
4
673 456 20 26
988 434 11 15
27 389 29 53
525 431 24 33
frame - 306
2
673 455 21 27
525 431 25 33
frame - 307
2
674 455 21 27
527 431 24 33
frame - 308
3
674 456 20 27
528 432 24 32
990 433 11 16
frame - 309
2
675 456 20 27
529 430 24 34
frame - 310
2
676 457 20 26
74 381 12 21
frame - 311
2
677 457 20 26
73 381 12 21
frame - 312
2
676 457 20 27
72 383 10 18
frame - 313
1
676 457 20 27
frame - 314
1
676 457 20 27
frame - 315
1
677 458 20 26
frame - 316
2
934 426 14 20
678 459 20 25
frame - 317
2
678 459 20 25
934 428 14 19
frame - 318
2
933 426 14 20
678 458 20 26
frame - 319
1
678 458 20 26
frame - 320
1
677 458 21 26
frame - 321
1
677 459 22 26
frame - 322
1
678 460 21 25
frame - 323
1
678 460 21 25
frame - 324
1
677 459 21 26
frame - 325
1
678 459 21 26
frame - 326
2
677 459 22 26
935 427 12 19
frame - 327
2
677 459 22 26
935 427 12 19
frame - 328
2
935 427 13 19
678 459 21 26
frame - 329
1
678 459 21 26
frame - 330
3
677 460 22 26
542 435 22 31
937 428 12 19
frame - 331
2
678 460 22 26
938 429 11 19
frame - 332
2
678 460 22 26
1089 320 16 21
frame - 333
3
679 460 21 26
1089 320 17 21
544 436 23 30
frame - 334
2
679 461 22 25
1090 320 16 21
frame - 335
2
679 461 22 25
1215 415 19 24
frame - 336
4
681 461 21 24
1090 321 16 20
545 437 24 34
1001 434 10 15
frame - 337
1
682 461 21 24
frame - 338
1
684 461 20 25
frame - 339
2
683 462 20 24
969 335 14 16
frame - 340
2
684 461 20 25
1091 321 16 21
frame - 341
2
685 461 20 25
1091 321 16 21
frame - 342
1
686 462 20 25
frame - 343
1
686 461 21 25
frame - 344
1
686 461 21 25
frame - 345
1
686 461 21 26
frame - 346
2
685 460 22 26
1098 321 18 21
frame - 347
2
1099 320 17 21
686 460 21 26
frame - 348
3
686 460 21 26
1099 321 17 20
1255 545 12 16
frame - 349
1
686 460 21 26
frame - 350
1
687 462 21 26
frame - 351
1
686 462 21 26
frame - 352
2
687 462 21 26
1099 319 19 21
frame - 353
2
687 462 21 25
1100 319 18 21
frame - 354
1
690 463 19 24
frame - 355
1
691 462 21 25
frame - 356
1
691 462 21 25
frame - 357
1
691 462 22 25
frame - 358
1
691 462 22 25
frame - 359
1
550 437 25 34
frame - 360
0
frame - 361
2
945 428 14 21
553 439 23 34
frame - 362
1
554 440 23 33
frame - 363
1
554 441 23 33
frame - 364
1
554 440 23 35
frame - 365
2
554 440 24 35
314 417 8 12
frame - 366
1
555 440 23 34
frame - 367
1
556 441 22 34
frame - 368
1
557 442 22 33
frame - 369
1
556 443 23 32
frame - 370
2
557 444 23 31
998 503 10 17
frame - 371
1
558 444 23 31
frame - 372
2
557 441 23 34
698 463 22 30
frame - 373
1
557 441 23 34
frame - 374
3
558 442 23 33
952 431 10 16
700 463 21 29
frame - 375
4
557 442 24 34
699 463 23 30
953 432 9 15
954 428 10 14
frame - 376
3
558 442 23 34
699 463 23 30
953 433 9 14
frame - 377
2
558 441 24 35
702 464 21 28
frame - 378
2
557 440 25 36
702 464 21 29
frame - 379
2
558 441 24 35
703 464 20 29
frame - 380
3
704 463 21 30
953 433 10 15
560 440 23 36
frame - 381
3
952 432 10 16
559 440 24 36
705 464 21 30
frame - 382
4
954 433 10 15
558 442 25 35
705 464 21 31
961 438 9 14
frame - 383
3
954 433 10 15
705 464 22 31
559 448 24 34
frame - 384
4
956 432 9 16
1016 438 10 15
558 442 25 34
706 464 22 31
frame - 385
3
955 433 10 15
560 449 24 34
1112 317 21 21
frame - 386
4
1237 525 11 13
559 443 25 34
709 466 21 29
953 433 9 15
frame - 387
3
559 443 24 34
709 466 22 30
955 432 10 16
frame - 388
3
957 431 11 17
710 466 22 29
1236 557 9 10
frame - 389
3
712 466 23 29
959 432 10 16
1237 558 8 10
frame - 390
4
713 466 23 30
559 441 26 36
960 431 10 17
1116 317 20 22
frame - 391
3
713 467 24 29
960 431 11 17
1118 317 19 21
frame - 392
5
711 467 26 32
962 432 10 16
1042 441 10 14
1060 488 9 15
560 448 27 35
frame - 393
2
712 466 26 33
961 432 10 16
frame - 394
2
712 467 25 33
958 433 9 15
frame - 395
3
714 468 24 32
560 448 27 35
960 432 10 16
frame - 396
3
715 469 24 32
960 434 9 14
560 447 26 35
frame - 397
2
716 469 25 33
961 433 10 15
frame - 398
2
717 470 24 31
964 432 10 16
frame - 399
2
718 470 25 32
966 432 10 15
frame - 400
1
718 470 26 32
frame - 401
2
720 470 24 33
963 433 9 14
frame - 402
2
721 471 24 31
962 431 10 15
frame - 403
3
721 470 25 32
563 446 28 37
964 427 10 14
frame - 404
2
723 472 24 30
564 448 28 35
frame - 405
1
724 472 24 30
frame - 406
1
725 471 26 32
frame - 407
2
729 471 24 32
568 443 26 32
frame - 408
4
567 441 27 35
1058 442 9 15
731 471 23 33
967 433 8 15
frame - 409
4
731 471 25 33
568 441 26 35
966 433 9 15
1045 442 10 15
frame - 410
4
731 472 26 36
567 441 27 35
966 431 9 16
1042 443 9 14
frame - 411
4
731 471 27 37
566 441 28 36
967 432 9 15
1046 443 10 15
frame - 412
5
567 440 28 38
968 433 9 16
734 471 24 34
1046 442 10 15
968 438 9 14
frame - 413
4
567 440 28 38
967 431 10 17
733 472 27 36
1042 443 10 15
frame - 414
4
567 445 29 38
969 431 10 17
734 472 27 36
1038 442 10 16
frame - 415
5
568 444 29 39
736 471 26 33
1044 442 10 15
969 433 10 15
970 437 9 14
frame - 416
6
568 443 30 40
1041 443 9 14
738 472 24 32
968 434 10 15
900 471 10 17
898 469 10 16
frame - 417
4
568 441 31 41
1045 442 10 15
739 472 24 31
970 434 11 15
frame - 418
6
569 442 30 41
1045 442 10 15
970 431 11 17
1078 492 11 17
741 471 25 32
1036 444 11 16
frame - 419
5
570 442 30 40
1047 442 10 15
971 431 11 16
742 470 25 33
1043 444 10 15
frame - 420
6
571 440 29 38
1038 442 11 16
742 470 27 34
976 434 10 15
899 469 9 14
901 470 9 15
frame - 421
5
976 431 12 17
574 445 27 38
745 470 25 33
1042 442 10 17
1042 445 11 19
frame - 422
8
747 471 24 33
574 445 27 38
976 433 10 15
1050 443 11 16
896 464 9 13
902 470 9 14
1046 445 11 17
899 468 10 14
frame - 423
5
749 471 23 32
976 433 10 15
1048 442 11 17
1045 445 10 18
897 464 9 13
frame - 424
5
977 431 11 17
749 472 24 34
1046 446 10 18
1052 443 10 16
900 468 10 14
frame - 425
5
750 470 26 34
1040 446 12 18
977 429 12 18
1046 443 10 16
124 394 8 10
frame - 426
4
750 470 26 37
978 431 12 17
1039 446 12 19
1040 442 11 17
frame - 427
4
751 470 26 37
979 431 12 17
314 415 10 13
1039 445 11 18
frame - 428
6
752 469 25 35
980 430 13 18
313 415 10 13
1041 445 11 19
1040 442 11 17
130 400 8 11
frame - 429
5
980 428 14 20
753 469 25 35
313 415 10 13
1042 445 11 20
576 445 28 37
frame - 430
5
980 428 15 20
755 470 23 33
313 415 10 13
1041 445 12 19
1046 441 11 17
frame - 431
7
981 428 14 20
755 468 23 34
312 415 10 13
1059 441 11 16
579 446 29 37
1045 446 10 17
1145 317 21 22
frame - 432
5
980 428 14 20
755 468 25 34
1045 446 11 18
1064 442 12 17
311 415 10 13
frame - 433
6
756 468 28 33
980 430 12 18
1065 441 11 17
1060 445 11 18
310 415 10 13
581 449 28 34
frame - 434
6
757 467 27 34
981 432 11 17
1056 440 11 16
1043 437 10 14
1063 443 11 17
310 415 10 13
frame - 435
6
758 467 27 35
985 429 12 19
1047 440 11 16
1044 437 11 14
583 446 29 37
1048 444 10 15
frame - 436
7
759 468 26 34
982 428 13 19
1046 441 11 16
585 447 28 36
1042 446 11 17
1043 437 11 14
311 416 10 12
frame - 437
6
761 467 25 35
984 429 12 18
1042 447 11 17
1043 441 11 16
890 444 10 13
1044 437 10 14
frame - 438
5
761 467 26 34
983 430 12 18
1044 447 11 17
1042 442 11 16
586 443 27 34
frame - 439
5
763 466 25 36
988 428 13 19
1042 447 11 18
1041 443 11 16
587 442 28 36
frame - 440
6
764 465 24 36
988 428 13 20
1044 446 12 19
1044 443 11 16
591 446 30 33
986 433 11 17
frame - 441
6
765 465 25 36
985 429 12 18
1045 446 12 19
1043 442 12 17
588 443 27 34
982 433 11 16
frame - 442
5
766 465 25 37
1044 447 12 18
986 429 11 18
591 446 29 38
1044 442 11 17
frame - 443
5
766 465 26 37
1045 448 11 17
1045 442 11 17
591 444 30 39
986 430 11 17
frame - 444
5
767 466 26 36
592 444 29 40
1046 449 11 16
992 434 10 14
1044 443 10 16
frame - 445
4
768 466 25 36
1044 448 11 17
1044 441 11 17
129 398 8 12
frame - 446
6
768 466 26 36
594 441 31 41
1043 446 12 19
1044 441 12 18
994 431 11 16
129 398 8 12
frame - 447
6
595 441 31 42
768 466 27 36
1046 441 12 17
993 429 12 18
1045 446 11 18
129 398 9 12
frame - 448
6
596 442 30 41
1043 447 11 17
770 467 25 34
993 430 11 17
1046 441 11 17
129 397 9 13
frame - 449
5
597 442 31 42
992 431 11 16
769 465 27 36
1049 448 10 18
1050 441 11 16
frame - 450
7
598 441 31 43
772 466 26 36
1048 448 10 17
1059 443 10 15
990 431 10 16
128 397 9 13
1058 484 9 18
frame - 451
7
598 440 32 43
772 465 28 37
1046 447 10 17
1058 443 10 16
128 397 9 13
991 429 11 17
254 416 11 14
frame - 452
7
599 440 31 44
773 466 27 36
1045 448 10 16
1051 444 11 16
127 397 10 13
254 416 11 14
991 430 11 16
frame - 453
6
601 440 31 43
774 466 27 36
1054 442 10 16
253 416 12 15
1053 446 10 16
128 397 9 12
frame - 454
6
774 466 27 36
603 442 31 40
1051 443 10 16
1049 447 10 17
253 416 11 14
994 431 11 17
frame - 455
7
776 466 26 35
605 442 31 40
1051 442 11 17
994 429 12 18
1058 484 9 16
1050 479 9 16
253 416 11 15
frame - 456
9
778 467 25 34
607 444 30 39
1058 445 11 20
253 415 12 15
1054 443 11 18
1059 500 10 17
996 428 12 19
251 418 13 17
126 397 10 13
frame - 457
9
779 466 25 36
609 445 29 40
1056 447 11 18
253 416 12 15
998 429 12 18
1092 443 11 17
1054 444 10 16
127 397 10 13
251 418 13 17
frame - 458
8
780 467 26 35
608 444 30 40
1057 447 10 19
253 415 12 16
998 429 12 19
1051 444 10 16
1093 443 11 17
126 397 10 13
frame - 459
6
781 467 26 35
1053 449 10 17
1094 442 10 17
253 415 12 15
126 397 10 13
610 446 27 37
frame - 460
7
612 446 29 38
782 467 26 35
1057 448 11 18
254 416 11 14
126 396 10 13
1053 449 11 17
1051 445 10 16
frame - 461
6
613 446 29 38
783 467 26 36
1058 449 11 18
127 396 10 14
253 416 12 14
1049 529 10 18
frame - 462
6
615 447 29 38
782 467 27 36
1058 448 11 18
254 416 11 14
126 396 11 14
1049 529 12 17
frame - 463
7
615 446 31 40
783 469 26 34
1058 449 11 17
253 416 11 14
126 396 11 13
283 424 11 16
1095 443 10 15
frame - 464
7
615 445 32 44
784 468 27 36
1052 531 11 16
1058 449 10 17
127 396 10 13
282 425 11 15
1048 444 10 15
frame - 465
6
1059 450 10 16
786 470 25 33
621 456 28 39
997 431 11 17
127 396 10 13
283 425 10 15
frame - 466
7
1058 450 10 16
620 455 30 39
283 426 10 14
785 472 26 35
997 433 11 15
127 396 10 13
254 417 10 13
frame - 467
5
1058 448 11 17
127 396 10 13
283 426 10 14
785 472 26 34
1052 445 10 15
frame - 468
6
1059 450 10 16
788 471 28 36
282 425 11 16
1106 443 11 16
998 431 12 17
126 396 11 14
frame - 469
5
788 471 29 36
1058 452 10 15
281 425 12 16
1106 445 10 14
126 396 12 13
frame - 470
6
788 472 29 36
1057 451 11 15
1106 445 10 14
282 426 11 15
127 396 11 13
1047 446 9 13
frame - 471
6
788 472 29 36
1058 450 10 16
914 463 10 13
128 396 10 13
1050 445 9 14
282 425 11 16
frame - 472
2
790 473 28 36
1058 451 10 16
frame - 473
4
789 473 28 36
1057 450 11 17
629 466 28 34
913 463 10 13
frame - 474
5
790 474 28 36
629 466 30 34
1058 452 10 16
914 463 9 13
495 404 15 19
frame - 475
3
792 476 27 35
1059 452 10 15
128 397 10 12
frame - 476
5
792 476 27 35
1061 452 10 15
128 397 11 13
1069 443 8 12
1069 440 8 12
frame - 477
6
793 476 27 36
129 397 10 12
1060 454 10 16
1062 453 9 15
1070 443 8 12
1069 440 8 11
frame - 478
4
793 477 27 36
1060 455 10 16
129 397 10 12
1062 452 10 16
frame - 479
5
794 477 28 35
1062 452 10 16
130 397 10 12
640 466 28 29
1180 316 23 22
frame - 480
6
794 478 28 37
1067 455 11 18
637 470 29 33
128 397 11 13
1180 316 24 24
1064 453 11 16
frame - 481
6
795 479 28 38
1067 455 11 18
638 465 29 36
128 397 11 12
1064 452 10 17
1180 316 24 23
frame - 482
3
1069 455 11 18
796 481 27 37
128 398 10 11
frame - 483
3
643 456 31 40
797 482 27 36
1070 454 12 18
frame - 484
4
643 455 32 42
797 481 27 37
1073 438 8 12
128 398 10 12
frame - 485
5
644 461 30 39
797 481 28 37
1075 438 8 12
1065 450 11 17
128 397 10 12
frame - 486
4
647 460 29 39
798 482 27 37
1065 450 10 16
1067 453 10 16
frame - 487
5
646 458 31 43
798 483 27 36
1070 453 11 18
1013 437 12 18
1016 437 12 17
frame - 488
4
798 484 28 36
647 462 30 41
1072 453 11 20
1013 437 12 18
frame - 489
4
798 483 27 37
647 459 33 44
1074 455 10 18
1012 438 11 17
frame - 490
5
799 484 27 37
1074 454 11 19
650 463 31 40
1013 437 12 18
1066 451 11 18
frame - 491
6
650 461 33 41
798 484 30 38
1073 454 12 20
1013 437 12 18
1018 437 12 18
1071 448 11 18
frame - 492
6
649 459 34 44
800 483 29 39
1072 453 12 20
1020 436 13 20
1065 449 11 19
1014 436 12 19
frame - 493
5
651 462 32 42
801 484 28 37
1072 454 12 19
1014 436 11 19
1065 450 10 18
frame - 494
4
652 456 34 46
1072 454 11 19
802 486 26 36
1066 450 10 17
frame - 495
5
652 453 36 48
804 485 27 38
1074 455 11 18
1014 437 11 17
1072 448 10 17
frame - 496
4
654 454 36 46
805 485 27 38
1073 454 11 18
1014 438 11 17
frame - 497
3
655 455 37 46
805 485 28 38
1073 454 13 20
frame - 498
4
657 455 36 46
806 486 27 37
1073 453 13 21
1014 437 12 18
frame - 499
4
656 455 37 47
805 485 28 38
1073 454 13 21
1014 436 12 19
frame - 500
5
658 455 36 46
806 487 28 39
1075 452 14 23
1013 436 13 19
915 446 9 12
frame - 501
4
660 457 34 45
806 487 28 40
1013 436 13 19
1077 454 13 20
frame - 502
3
661 456 34 46
807 487 28 41
1014 436 12 19
frame - 503
3
661 458 35 46
808 487 28 39
1015 437 12 19
frame - 504
5
663 460 34 41
809 486 27 37
1014 438 12 18
1077 449 11 18
1078 452 12 19
frame - 505
5
666 460 32 43
809 487 28 40
1014 438 12 18
1077 449 11 19
1078 452 12 20
frame - 506
5
667 460 32 42
810 487 29 41
1078 444 12 19
1119 454 13 19
932 472 14 20
frame - 507
4
666 460 33 43
811 487 29 41
1076 444 12 19
1119 455 12 19
frame - 508
6
667 458 33 41
811 487 30 40
1118 454 15 21
1075 447 12 20
1023 437 13 19
882 436 8 11
frame - 509
5
668 458 33 43
812 486 30 41
880 435 9 12
1077 447 11 19
1120 455 13 19
frame - 510
5
812 486 30 41
668 461 33 41
1078 447 11 19
879 435 8 12
1090 452 12 20
frame - 511
6
812 485 31 40
669 460 32 42
1024 437 13 20
878 434 8 11
1066 441 10 16
1078 446 10 18
frame - 512
5
814 484 30 40
669 458 34 43
1074 440 10 15
1076 438 9 13
1025 439 12 17
frame - 513
3
815 484 29 40
672 460 33 43
1079 441 10 15
frame - 514
6
673 457 33 45
816 483 29 41
1073 441 10 15
879 440 8 12
1079 444 11 17
882 434 7 11
frame - 515
5
674 459 32 43
816 483 29 41
1081 441 10 15
880 434 8 11
1080 479 11 16
frame - 516
4
676 459 32 42
818 483 30 41
1081 441 10 15
886 432 9 11
frame - 517
8
677 459 31 44
818 484 31 43
1065 442 10 15
1025 439 12 18
929 482 14 22
1094 456 10 17
1125 451 11 15
881 434 8 12
frame - 518
5
678 461 31 44
820 485 29 39
1055 441 10 15
1060 437 10 13
1092 456 10 17
frame - 519
5
678 461 32 43
821 484 29 39
1042 441 10 15
1091 456 11 18
1126 450 11 17
frame - 520
4
679 459 32 43
821 484 29 39
1044 441 10 16
1093 456 10 17
frame - 521
4
823 483 28 41
681 461 31 44
1037 441 11 16
1094 457 10 16
frame - 522
3
824 483 28 40
682 463 31 43
1038 440 10 16
frame - 523
4
826 484 28 40
1034 440 11 16
683 462 30 43
1092 456 10 17
frame - 524
4
828 484 27 40
683 461 31 44
1035 440 10 17
1092 454 11 18
frame - 525
4
829 484 28 40
682 460 32 43
156 402 8 10
1043 436 10 14
frame - 526
4
830 484 28 40
682 464 30 42
1043 436 10 14
1089 443 10 13
frame - 527
4
830 484 29 40
1038 440 10 17
1126 452 12 20
1130 451 12 18
frame - 528
4
829 487 32 39
686 461 31 43
1037 441 10 16
1090 443 9 14
frame - 529
4
831 486 32 40
690 461 30 42
1038 443 10 15
1091 443 10 14
frame - 530
4
833 486 31 41
686 461 32 44
1040 442 11 16
1091 443 9 15
frame - 531
5
689 460 32 47
835 488 30 39
1034 439 12 18
1036 434 12 17
877 437 6 8
frame - 532
5
836 488 30 38
689 460 32 46
1034 438 11 17
1039 434 11 16
877 436 7 8
frame - 533
4
837 487 30 39
1034 439 11 17
1040 434 10 16
881 438 6 9
frame - 534
3
839 487 28 35
1037 440 11 16
1042 434 10 16
frame - 535
4
839 488 30 35
1036 438 12 19
1093 442 11 15
1040 434 11 17
frame - 536
4
840 487 30 36
1038 437 13 20
1103 456 13 20
1042 433 12 18
frame - 537
4
843 490 29 36
1039 439 12 18
1104 456 12 19
1133 452 13 20
frame - 538
4
843 488 30 36
1103 456 13 19
1039 438 13 20
1135 452 16 22
frame - 539
6
845 490 29 37
1102 457 13 19
1037 438 12 18
1136 453 13 19
1040 432 13 18
1097 452 10 17
frame - 540
7
699 468 33 41
847 491 29 38
1105 458 12 17
1040 440 13 17
1133 456 10 16
61 398 10 12
165 404 8 9
frame - 541
8
847 491 30 39
1041 439 13 19
1105 458 12 17
700 469 32 41
1132 457 10 15
1135 455 9 13
165 405 8 9
1093 459 10 15
frame - 542
5
846 491 31 38
1041 439 13 19
1106 458 12 18
1091 458 11 17
1045 445 13 19
frame - 543
5
850 490 30 39
1041 439 13 20
1104 457 13 19
1098 443 10 14
1044 444 13 18
frame - 544
6
850 491 32 40
1041 440 13 19
1105 458 13 19
1098 443 10 14
1126 457 12 18
1044 445 13 18
frame - 545
5
852 491 32 39
1043 439 14 20
1106 457 12 20
1124 457 12 19
1044 444 14 20
frame - 546
7
855 491 29 39
1044 439 15 20
62 400 10 12
1132 457 12 19
178 422 8 10
1106 458 12 19
902 471 15 21
frame - 547
4
855 491 30 40
1046 439 14 20
62 399 10 13
181 426 7 10
frame - 548
5
856 493 31 39
708 484 30 37
1049 439 13 20
1096 461 9 14
179 424 7 10
frame - 549
4
857 493 31 39
179 422 7 10
1048 440 14 19
707 482 30 36
frame - 550
3
860 495 30 37
1049 443 15 21
176 417 8 10
frame - 551
6
861 496 31 36
1051 444 15 21
178 420 7 10
1136 459 11 15
1120 462 10 15
777 510 26 35
frame - 552
6
778 513 25 32
862 498 29 34
1120 462 11 17
1050 445 13 19
1138 459 10 17
176 417 7 9
frame - 553
5
863 498 30 38
712 481 31 39
1123 461 10 15
1118 464 11 18
1055 447 12 18
frame - 554
6
711 480 35 42
863 498 31 40
1055 446 12 19
906 471 16 22
887 447 7 10
1120 460 11 17
frame - 555
5
866 499 30 39
714 483 32 42
1053 446 13 19
906 471 15 22
887 446 8 10
frame - 556
4
868 499 29 40
712 485 34 44
1052 445 13 20
906 470 16 24
frame - 557
5
711 486 35 45
871 501 29 37
1054 446 13 19
1120 464 11 18
886 446 8 10
frame - 558
5
872 502 30 38
712 487 35 44
1055 446 12 18
1122 465 10 17
886 447 8 10
frame - 559
5
874 502 29 38
713 490 34 40
1123 464 12 18
886 447 8 10
1056 446 12 18
frame - 560
7
874 502 31 39
713 489 35 42
886 447 8 11
888 449 8 11
1122 465 11 18
1056 447 12 18
175 412 7 9
frame - 561
4
876 501 31 41
715 492 32 39
175 409 8 9
1052 445 10 15
frame - 562
6
876 502 34 40
716 490 34 41
887 447 9 11
174 408 8 9
1121 467 10 16
172 403 7 10
frame - 563
7
878 504 32 40
1125 466 12 18
173 408 8 9
1239 319 26 23
722 489 31 40
172 403 7 9
888 447 8 11
frame - 564
8
882 503 32 39
1126 465 12 19
174 410 8 10
720 498 33 36
1060 448 12 17
887 447 7 10
1239 318 26 24
891 451 9 13
frame - 565
7
884 504 31 39
721 493 33 39
1126 465 12 18
888 448 8 9
174 408 8 10
1061 449 12 17
891 451 8 11
frame - 566
7
885 506 31 37
1127 465 12 18
1060 447 12 18
889 448 8 9
173 407 8 10
720 497 33 39
890 449 8 11
frame - 567
6
886 506 31 39
888 447 8 10
1060 447 12 18
1128 468 9 15
176 408 7 10
717 499 34 39
frame - 568
7
887 506 32 41
1128 465 11 17
720 497 34 40
1062 446 13 19
888 448 8 10
177 409 7 10
889 449 8 11
frame - 569
6
889 507 32 39
721 500 33 39
1129 463 13 21
1063 445 15 20
889 448 7 10
177 409 8 9
frame - 570
7
893 506 30 42
722 497 33 40
1065 447 12 19
890 449 8 12
1130 466 10 15
889 447 7 11
178 409 8 10
frame - 571
7
894 506 31 40
1129 465 11 17
1068 448 13 19
891 450 9 13
1070 451 13 20
177 408 8 10
889 447 8 11
frame - 572
6
895 507 31 41
1129 466 12 18
723 497 33 39
177 408 8 9
1067 447 13 20
891 450 9 13
frame - 573
4
896 507 30 41
1127 465 13 19
176 409 8 10
723 498 32 38
frame - 574
6
900 508 30 40
724 498 33 39
1128 466 11 18
1066 447 12 19
176 410 8 9
1123 454 9 13
frame - 575
4
902 508 30 40
1124 455 9 12
176 409 8 9
727 498 32 39
frame - 576
5
902 509 31 41
1131 466 12 20
969 516 10 14
175 410 8 9
1066 448 11 16
frame - 577
7
903 509 32 43
1066 446 14 20
972 517 10 14
1129 467 12 19
731 490 33 42
975 518 11 15
176 409 8 9
frame - 578
8
906 509 31 43
731 489 33 41
1069 448 12 18
1067 452 12 17
974 517 13 17
971 491 9 12
1123 470 9 15
176 408 8 9
frame - 579
5
908 511 32 40
730 493 34 40
1069 448 13 18
176 409 8 9
1123 454 8 12
frame - 580
6
908 512 32 40
731 490 34 41
1069 446 14 20
178 409 8 9
976 519 13 17
1123 454 9 12
frame - 581
7
910 512 32 42
732 489 36 44
1070 446 14 20
915 477 15 23
1128 470 9 16
177 410 8 9
1125 474 9 17
frame - 582
6
914 512 30 39
1071 446 14 20
177 409 8 8
916 477 15 24
1136 469 10 16
1127 471 10 18
frame - 583
7
916 512 30 37
1071 445 15 21
177 408 8 9
1139 467 11 19
916 477 16 25
732 491 33 41
1133 469 12 19
frame - 584
7
918 512 29 38
1072 445 15 21
177 407 8 9
1136 469 13 20
1139 466 12 20
739 490 33 43
1127 453 9 12
frame - 585
6
918 513 32 41
1071 445 15 22
177 407 8 9
731 496 33 41
895 453 9 13
1140 467 13 19
frame - 586
4
920 514 32 40
1071 445 15 22
738 496 34 41
177 408 7 8
frame - 587
5
920 514 33 40
734 498 37 38
177 409 8 9
1073 447 13 19
1138 468 13 18
frame - 588
4
925 515 30 40
177 409 8 8
742 494 34 40
1075 446 13 19
frame - 589
5
925 514 31 40
177 408 7 9
736 494 36 42
1075 445 14 21
1132 453 10 14
frame - 590
4
929 513 32 42
177 408 8 9
1131 454 10 13
1076 447 13 19
frame - 591
4
931 513 31 42
177 409 8 9
1133 454 9 13
1076 447 13 20
frame - 592
5
933 514 31 41
177 409 7 8
1134 455 9 13
748 488 33 43
1076 447 13 20
frame - 593
4
933 512 34 43
178 410 7 8
1134 455 9 13
1077 449 12 18
frame - 594
2
936 514 32 40
178 410 8 8
frame - 595
2
938 513 33 41
178 410 7 8
frame - 596
2
940 514 32 43
177 410 8 8
frame - 597
5
941 513 34 45
1086 453 13 20
1140 467 11 16
1137 474 11 16
1137 456 10 14
frame - 598
5
942 514 34 43
1146 469 12 17
1143 472 12 18
1087 453 12 19
1137 456 11 14
frame - 599
4
946 513 33 42
758 487 32 44
1142 470 12 16
1088 455 11 17
frame - 600
7
949 514 33 41
1151 469 14 22
1147 469 13 18
1093 458 11 16
1138 457 8 12
755 487 37 46
958 520 23 30
frame - 601
5
950 516 33 40
1152 471 13 20
1145 469 12 17
1088 455 13 19
1138 457 10 13
frame - 602
6
955 515 31 41
1153 471 14 20
1145 469 11 17
1090 455 13 19
1138 457 10 14
903 459 12 16
frame - 603
6
954 515 34 42
1153 471 14 21
1143 469 12 17
1138 457 10 14
1089 456 12 18
904 460 11 15
frame - 604
8
956 515 33 43
1153 471 13 21
1141 468 12 17
1088 455 12 20
757 489 37 46
1139 457 10 15
1139 477 11 16
906 460 10 14
frame - 605
7
960 516 33 43
1153 471 13 21
1145 469 11 17
1092 457 12 18
909 461 10 13
1139 480 11 15
1139 458 10 14
frame - 606
5
963 516 30 40
1154 471 13 21
1150 470 11 16
907 461 9 13
1140 478 10 16
frame - 607
5
963 517 32 42
1156 472 12 20
906 458 7 9
906 461 8 10
1154 470 11 17
frame - 608
6
965 518 34 41
1154 472 13 20
1092 456 12 18
905 458 7 9
1151 470 11 17
905 461 8 11
frame - 609
6
969 517 32 42
1153 474 13 19
1142 478 11 17
1092 456 12 18
1146 468 12 17
906 462 8 11
frame - 610
4
971 519 32 38
1154 473 14 20
1091 454 13 20
1162 470 15 23
frame - 611
5
973 519 33 39
1161 470 17 23
911 462 9 13
1154 474 14 19
1143 459 11 15
frame - 612
3
978 520 32 39
1163 473 14 20
906 463 9 13
frame - 613
3
979 521 33 37
1091 454 14 20
908 463 9 13
frame - 614
6
980 523 33 39
1092 455 14 20
905 461 10 15
1099 452 15 23
1147 460 11 15
1164 473 14 20
frame - 615
3
982 523 33 40
903 462 10 15
898 463 10 16
frame - 616
5
984 523 33 39
1167 473 17 22
909 463 10 14
71 423 10 14
901 464 10 15
frame - 617
4
985 524 34 40
1168 473 18 24
183 417 8 9
905 466 10 15
frame - 618
3
985 525 35 40
770 511 38 42
1168 475 18 25
frame - 619
3
986 525 35 41
1167 476 20 24
912 445 7 10
frame - 620
3
989 526 34 41
183 418 8 9
1095 468 12 15
frame - 621
2
988 526 37 43
183 418 7 10
frame - 622
4
992 528 37 41
182 418 8 10
1171 477 18 23
890 468 11 16
frame - 623
6
996 529 34 38
788 498 36 52
181 419 7 9
1173 477 15 23
66 416 9 12
912 469 10 14
frame - 624
5
997 529 35 40
182 420 8 9
911 441 7 9
1172 478 16 23
913 442 7 9
frame - 625
4
997 530 36 42
182 420 8 9
912 441 7 9
793 505 34 50
frame - 626
6
1002 531 33 42
793 503 36 51
183 420 8 9
1152 464 9 13
1175 477 21 25
913 441 7 9
frame - 627
8
1004 531 34 41
794 502 37 52
934 475 28 36
1176 477 19 25
1106 462 14 19
1153 464 9 14
180 420 8 9
891 470 10 13
frame - 628
5
1005 531 34 42
794 500 39 56
1153 464 10 14
1176 477 20 25
180 420 8 9
frame - 629
8
1007 530 35 44
1178 478 19 25
796 508 36 50
178 420 9 9
1156 466 10 14
1154 465 10 13
895 470 9 13
1106 462 13 19
frame - 630
7
1008 531 35 46
1178 478 19 25
797 507 38 53
1157 467 10 14
180 420 9 10
1106 463 13 19
914 469 9 11
frame - 631
8
1009 533 36 43
1179 479 18 24
178 420 8 10
1158 467 11 16
1106 463 13 20
913 466 8 12
1135 464 10 15
909 464 8 12
frame - 632
8
1012 535 35 43
793 518 42 53
1155 467 11 16
178 420 8 10
1180 479 18 24
1106 464 14 20
902 463 8 13
908 465 9 12
frame - 633
9
1013 536 36 44
794 508 47 60
1145 466 12 17
903 464 9 11
1181 479 17 23
1120 464 10 14
178 420 9 10
1250 493 25 36
1107 464 13 19
frame - 634
7
802 510 42 57
1016 538 35 43
1182 480 17 23
1125 466 12 17
180 420 8 10
1125 465 10 14
911 464 9 12
frame - 635
7
804 512 41 55
1017 537 37 43
1182 480 16 23
1147 468 11 15
182 420 8 10
909 464 8 11
179 425 8 10
frame - 636
6
804 520 42 54
1019 538 36 40
1118 467 11 16
1184 483 14 20
182 420 9 10
913 442 7 9
frame - 637
9
1021 538 35 44
811 515 38 55
1150 469 11 14
1184 482 15 21
913 442 7 8
1128 466 10 13
1142 470 10 14
184 424 9 11
183 421 9 10
frame - 638
7
1022 539 36 47
813 512 39 58
1160 470 10 14
1187 483 15 20
1147 471 10 15
907 443 7 8
911 445 7 9
frame - 639
5
1022 537 39 47
807 511 46 61
1155 471 10 13
1128 472 10 14
1187 484 13 18
frame - 640
6
1025 537 37 47
814 517 40 55
1161 471 10 14
1192 580 36 43
1189 485 13 19
1127 473 11 14
frame - 641
6
1026 538 37 46
815 518 42 56
1141 472 10 13
1168 472 9 12
1189 485 13 18
905 446 7 10
frame - 642
6
1030 539 36 46
815 525 44 55
1189 484 14 20
1121 473 12 18
185 425 9 11
1128 470 11 16
frame - 643
8
1030 542 38 48
818 523 42 57
1168 473 10 11
1151 473 11 13
185 426 9 10
1263 505 16 25
1124 475 11 15
910 447 8 11
frame - 644
4
1033 542 37 47
822 528 39 52
1263 505 16 25
185 426 8 11
frame - 645
5
1034 544 36 48
822 522 43 56
184 426 9 11
1127 472 10 13
1263 504 17 26
frame - 646
5
1035 544 37 48
826 527 43 55
1128 471 10 14
1170 473 9 12
185 426 9 11
frame - 647
7
1039 544 36 48
827 530 43 52
912 531 14 19
1265 506 14 24
185 426 9 11
1125 468 11 17
1194 486 11 17
frame - 648
12
828 525 47 59
1042 545 35 46
1265 506 14 25
185 425 9 11
1128 470 11 16
908 457 10 15
1196 584 34 44
1124 474 11 16
914 466 10 14
1194 488 14 21
1193 486 12 18
915 452 8 14
frame - 649
11
826 534 49 56
1044 547 35 44
1199 485 11 18
1265 507 14 24
184 426 9 10
1171 474 8 12
1130 471 10 15
1195 488 12 19
1124 474 10 16
252 454 10 13
915 456 10 15
frame - 650
12
1045 546 37 46
833 535 44 57
1171 474 9 12
1192 486 12 17
907 457 9 16
184 426 9 10
1267 508 13 23
1126 470 11 16
1195 488 12 19
900 464 10 16
917 450 8 14
1123 475 11 16
frame - 651
13
1046 547 38 46
836 536 46 56
1174 474 10 13
898 466 12 19
1197 486 12 17
184 427 9 11
176 440 9 12
911 454 10 16
1129 470 12 17
903 471 11 16
920 450 9 15
1126 474 11 17
1173 475 9 14
frame - 652
12
1047 549 39 46
836 539 48 58
899 466 12 18
183 427 9 10
908 456 11 15
1129 470 11 17
1199 489 13 20
1175 474 9 12
1126 473 12 18
176 440 9 12
921 450 9 14
1197 486 12 18
frame - 653
12
1050 550 38 46
839 539 48 58
899 467 14 18
1175 474 10 12
177 441 9 13
185 428 8 11
920 449 10 14
1129 473 12 18
1200 490 13 19
915 452 11 14
1131 470 12 17
920 448 8 12
frame - 654
8
1051 549 39 48
842 546 46 54
1201 488 14 21
1129 473 13 19
900 468 13 17
175 443 9 12
185 429 8 11
1176 475 10 14
frame - 655
9
1055 549 38 50
840 535 51 62
1200 489 14 21
1130 473 13 19
1134 470 12 17
1176 475 10 14
185 429 8 10
174 439 9 12
900 468 12 17
frame - 656
9
1057 551 39 49
849 547 44 55
1131 476 12 17
1203 490 13 20
1178 475 9 11
175 440 9 11
1176 475 10 14
906 470 11 16
1136 472 11 14
frame - 657
8
1060 551 37 47
852 548 45 53
1178 475 8 11
1132 476 12 17
1203 491 13 19
1138 472 10 14
175 442 9 11
1175 476 9 13
frame - 658
9
1062 552 37 45
855 550 45 52
1180 474 8 12
1132 476 12 17
1178 476 9 13
184 428 8 10
1129 470 11 15
1202 489 14 21
958 493 19 25
frame - 659
10
1065 552 37 49
856 547 47 53
1202 491 15 21
179 427 9 11
1138 476 12 17
1181 474 8 11
1179 475 10 13
958 492 20 27
251 457 12 15
912 470 10 15
frame - 660
7
1066 552 37 49
862 538 42 51
1209 592 33 43
184 428 9 10
235 452 11 14
1134 477 12 17
71 424 9 13
frame - 661
6
862 531 48 60
1069 551 38 52
251 457 11 15
1209 591 36 45
1136 477 13 17
71 424 9 14
frame - 662
7
1070 552 40 53
866 539 46 55
1206 590 38 46
1135 479 11 15
250 457 12 15
187 429 8 10
236 453 11 14
frame - 663
10
1072 555 40 49
874 544 40 51
1210 592 35 44
185 429 9 10
94 426 9 12
251 457 11 15
1136 478 11 16
898 480 13 22
71 424 9 13
237 453 10 14
frame - 664
11
1073 555 40 51
873 546 44 54
185 429 8 10
237 454 10 13
1137 478 11 16
94 427 8 11
252 457 11 15
72 425 9 12
898 464 11 17
1186 480 9 12
1218 591 34 45
frame - 665
9
1075 557 41 52
877 536 44 56
185 429 8 10
253 458 11 15
961 496 18 25
902 478 17 26
74 425 9 13
92 427 9 12
237 454 11 13
frame - 666
6
1081 560 38 50
886 536 41 59
74 425 9 13
239 454 11 13
184 428 8 10
903 487 18 26
frame - 667
12
1082 560 38 49
888 534 44 60
902 481 15 21
1189 482 8 10
75 425 9 12
187 429 8 10
177 455 8 10
240 455 10 12
91 428 9 11
1141 477 12 18
250 455 10 13
901 466 11 17
frame - 668
8
1083 557 40 52
897 537 40 57
76 425 9 12
178 452 7 10
186 430 7 10
250 455 11 13
919 559 34 46
962 494 19 28
frame - 669
11
1088 558 38 51
894 538 45 59
905 481 16 23
1190 482 10 12
179 443 8 10
189 431 8 9
250 455 11 13
252 457 11 15
92 427 8 12
76 425 9 12
718 478 19 24
frame - 670
12
897 535 44 56
1091 562 37 48
906 481 16 22
1144 481 13 19
1145 478 11 17
1190 482 9 12
252 457 12 15
92 428 9 11
966 494 19 26
179 445 8 11
77 424 9 12
905 486 17 23
frame - 671
10
1093 562 37 49
900 540 41 54
907 480 16 23
94 428 9 11
1191 481 10 14
1149 477 12 18
181 435 8 10
187 432 8 9
77 425 9 12
968 495 16 25
frame - 672
11
1095 562 38 51
900 543 46 57
908 483 14 20
252 458 11 15
182 435 8 11
93 428 9 11
76 424 9 12
177 447 7 10
1149 479 12 15
189 431 7 9
1220 497 16 22
frame - 673
11
1097 561 40 52
906 546 46 54
180 435 8 11
1151 478 13 17
1150 481 13 18
253 459 11 15
1193 481 10 12
908 481 16 22
178 445 8 10
188 432 8 9
92 428 8 11
frame - 674
7
910 540 49 56
1099 562 40 50
184 435 8 11
908 482 17 22
252 460 12 14
1152 480 15 19
1191 483 10 13
frame - 675
9
1103 563 39 50
916 538 46 58
910 482 16 23
253 460 11 14
185 436 8 10
1154 479 12 16
1198 483 8 11
1151 482 13 17
181 441 8 10
frame - 676
7
1105 563 39 51
918 534 49 61
1152 481 14 19
185 451 8 10
252 460 12 14
187 436 7 9
1154 479 13 17
frame - 677
8
1108 562 39 54
922 539 49 58
252 460 12 14
1152 481 14 19
185 445 8 9
910 481 17 23
188 436 8 10
971 496 18 24
frame - 678
10
1111 565 40 53
923 557 50 50
925 538 47 58
252 460 11 15
182 437 8 10
184 443 8 10
1157 480 14 20
91 427 9 12
103 431 9 12
222 460 10 14
frame - 679
9
928 540 49 58
1114 564 39 54
252 461 11 14
186 437 9 10
1158 481 13 18
91 428 9 11
186 451 8 10
1204 487 10 13
727 478 21 26
frame - 680
9
933 541 47 56
1116 567 40 51
929 557 48 50
252 460 11 14
188 437 8 10
190 452 8 10
92 429 9 10
1158 482 13 19
203 437 7 10
frame - 681
9
1120 567 38 52
934 546 49 55
252 459 12 15
189 438 9 10
978 499 16 22
192 446 8 11
983 503 16 22
1163 480 16 23
731 479 20 24
frame - 682
7
1123 565 39 55
940 557 48 49
188 437 10 12
253 461 12 14
978 500 15 21
191 452 9 11
1235 497 13 20
frame - 683
8
1126 566 40 56
942 557 49 49
252 461 12 14
185 437 10 11
188 445 8 10
979 499 17 22
1164 481 14 20
90 433 10 13
frame - 684
6
1130 567 40 55
938 549 51 55
253 461 11 13
186 438 9 11
185 444 8 9
1164 482 15 20
frame - 685
6
1132 567 41 54
946 550 46 56
253 461 10 14
186 438 9 11
933 550 45 56
191 452 8 11
frame - 686
5
1135 570 40 53
945 552 50 57
980 500 19 22
255 462 11 13
186 439 10 10
frame - 687
5
1139 568 38 57
955 547 48 58
254 463 11 12
1171 483 13 18
979 499 18 23
frame - 688
4
1144 570 38 53
956 551 50 55
254 462 10 12
194 449 7 9
frame - 689
4
1145 567 40 57
960 556 49 53
255 462 10 12
194 446 8 9
frame - 690
5
1146 567 42 57
963 554 48 53
254 461 10 12
193 442 8 10
1219 490 10 13
frame - 691
4
1150 569 40 53
965 546 48 58
991 506 18 22
192 442 8 10
frame - 692
8
1154 568 41 57
971 552 45 54
188 442 8 11
185 443 9 13
1222 491 11 13
1219 518 16 20
104 435 10 12
993 505 18 22
frame - 693
4
1156 568 43 56
970 546 45 60
188 442 8 10
206 450 8 10
frame - 694
2
1161 569 42 59
188 443 8 11
frame - 695
4
1163 571 44 57
971 559 50 60
208 450 8 10
188 443 8 10
frame - 696
5
1167 575 43 51
979 556 54 58
1228 494 11 14
208 449 8 10
115 438 10 12
frame - 697
4
1170 575 44 53
986 560 50 53
1230 494 11 15
114 438 9 12
frame - 698
3
1173 573 44 58
979 560 51 57
184 444 8 10
frame - 699
3
1177 575 43 56
996 554 45 59
185 445 9 11
