frame - 0
3
172 330 25 36
3 310 28 41
1045 467 10 15
frame - 1
3
168 330 26 37
1 309 26 38
1044 467 11 15
frame - 2
5
0 305 25 37
159 325 28 42
1041 467 10 16
413 350 23 33
243 345 21 32
frame - 3
5
0 306 20 35
164 322 26 38
1041 467 11 16
246 347 19 30
411 352 22 32
frame - 4
4
154 320 29 42
0 306 17 35
1041 468 10 15
242 345 21 32
frame - 5
3
150 317 30 45
0 307 16 34
1039 468 10 15
frame - 6
3
149 315 28 45
0 308 14 33
1042 469 10 15
frame - 7
3
150 315 26 42
1041 469 11 15
230 338 20 29
frame - 8
3
149 315 21 35
229 337 18 27
1040 468 11 16
frame - 9
3
146 315 23 35
226 332 19 26
295 365 15 27
frame - 10
5
143 315 25 36
221 333 20 26
295 364 15 27
1039 468 11 16
390 350 21 28
frame - 11
4
141 315 25 36
212 328 24 30
385 345 24 31
289 359 18 26
frame - 12
6
211 328 22 29
140 316 23 34
283 357 17 27
288 358 18 27
385 343 23 32
1039 466 12 16
frame - 13
3
208 328 23 30
138 315 24 36
1041 466 11 17
frame - 14
5
205 328 23 29
130 316 25 40
136 314 26 38
381 337 25 31
1041 466 11 17
frame - 15
3
128 312 29 41
200 327 24 30
381 336 24 32
frame - 16
3
127 311 29 40
197 328 23 30
382 337 24 31
frame - 17
2
126 308 28 41
194 328 22 29
frame - 18
4
123 305 28 43
194 328 19 28
279 348 20 28
381 341 23 34
frame - 19
5
118 303 29 40
186 327 22 29
379 341 24 33
277 350 20 27
1042 467 10 15
frame - 20
4
115 300 30 42
183 325 20 31
382 343 21 33
275 354 19 29
frame - 21
3
110 297 29 43
180 322 20 29
381 343 22 33
frame - 22
3
105 297 30 42
176 320 20 29
382 343 22 33
frame - 23
3
101 298 28 42
171 317 21 32
382 341 23 34
frame - 24
3
96 297 28 43
167 315 23 33
383 340 23 34
frame - 25
3
92 297 27 43
166 315 23 32
383 336 23 31
frame - 26
3
86 298 29 43
380 334 25 32
161 314 24 34
frame - 27
3
85 300 25 40
160 316 22 32
380 331 22 29
frame - 28
3
77 299 28 43
159 316 22 33
378 327 23 32
frame - 29
4
70 296 30 46
156 318 22 32
377 325 24 33
571 389 15 26
frame - 30
3
376 324 24 34
152 317 24 33
64 295 28 44
frame - 31
3
63 290 28 44
375 325 24 33
149 319 23 31
frame - 32
4
58 288 30 44
148 317 24 32
239 344 21 31
373 328 25 36
frame - 33
5
55 286 29 44
146 315 24 34
236 346 21 30
370 331 26 35
791 453 12 16
frame - 34
5
53 285 30 43
145 314 23 34
369 330 25 36
228 345 23 30
790 452 12 17
frame - 35
4
47 283 31 43
143 313 24 35
368 331 24 36
227 345 21 30
frame - 36
4
47 282 29 45
140 310 26 39
366 332 24 36
221 345 20 30
frame - 37
4
44 282 30 47
138 309 24 37
364 332 23 35
216 342 20 32
frame - 38
4
43 283 30 46
136 306 23 35
214 338 19 30
589 388 17 26
frame - 39
3
40 285 31 45
130 306 25 36
210 336 21 31
frame - 40
4
38 285 31 47
130 307 24 39
355 322 24 36
208 333 20 33
frame - 41
4
38 283 30 49
130 309 22 38
355 321 25 38
204 330 23 37
frame - 42
3
37 283 31 49
127 310 21 38
353 319 26 39
frame - 43
3
37 280 30 49
123 309 22 40
352 318 27 39
frame - 44
3
34 279 32 48
351 312 27 39
116 311 24 37
frame - 45
6
33 277 32 48
111 310 25 39
196 330 22 35
351 319 25 40
269 333 21 32
406 377 17 36
frame - 46
4
30 275 31 46
109 310 24 39
409 378 16 35
353 320 23 39
frame - 47
4
26 272 32 46
193 331 23 34
353 319 23 39
101 307 26 40
frame - 48
5
22 270 33 47
96 302 28 40
193 331 22 34
355 319 22 39
1045 470 9 14
frame - 49
4
19 269 32 48
95 300 26 40
191 331 22 35
355 319 22 38
frame - 50
4
16 269 33 48
188 330 23 36
92 300 26 38
354 318 23 39
frame - 51
4
12 269 33 49
88 298 28 41
188 329 23 35
354 317 23 40
frame - 52
6
8 269 34 49
87 300 26 38
187 326 23 33
354 316 22 43
270 334 19 32
264 333 19 33
frame - 53
5
2 271 33 50
184 322 25 35
353 311 25 38
85 300 26 39
262 332 21 33
frame - 54
5
1 271 31 50
79 300 28 42
353 310 26 39
261 327 21 31
348 444 14 22
frame - 55
5
0 271 27 49
78 301 27 40
258 323 23 33
178 315 24 35
352 309 28 40
frame - 56
5
0 272 21 45
77 304 27 38
175 313 25 36
353 303 26 37
258 320 21 30
frame - 57
5
351 302 28 38
172 312 25 38
75 305 26 38
0 273 18 42
255 319 22 31
frame - 58
4
351 301 28 38
169 312 24 38
72 305 25 38
252 320 21 30
frame - 59
5
350 302 28 38
73 304 24 38
166 312 24 36
246 320 21 30
775 451 11 17
frame - 60
5
349 304 28 37
243 319 23 32
161 313 26 36
71 304 24 38
775 451 11 16
frame - 61
3
241 324 22 33
350 312 28 37
160 315 25 35
frame - 62
4
235 325 24 34
66 300 23 42
349 311 27 37
154 315 25 36
frame - 63
3
64 297 25 45
348 304 24 36
922 460 11 14
frame - 64
4
63 296 24 44
146 314 23 35
343 303 25 36
228 333 22 33
frame - 65
5
57 292 26 41
219 326 24 37
142 312 24 39
338 302 25 37
144 333 24 41
frame - 66
4
57 290 24 40
137 310 25 39
336 299 27 40
214 322 21 36
frame - 67
4
55 289 25 46
210 320 23 38
334 311 25 41
140 328 22 39
frame - 68
2
331 293 25 39
133 304 22 37
frame - 69
4
130 301 23 38
48 290 25 42
329 293 26 38
208 316 21 33
frame - 70
4
324 290 29 39
128 299 24 40
204 313 22 36
44 291 25 43
frame - 71
3
38 291 27 43
319 286 28 38
126 298 24 40
frame - 72
4
320 285 26 37
32 291 26 40
123 299 24 40
198 309 20 32
frame - 73
4
30 289 26 44
196 308 21 33
120 300 25 39
318 285 26 38
frame - 74
4
22 283 28 42
195 307 22 34
314 286 27 36
117 301 25 39
frame - 75
4
16 281 28 42
115 301 25 40
194 307 23 35
313 286 24 36
frame - 76
3
193 311 24 37
113 302 26 39
17 280 23 39
frame - 77
4
9 273 28 42
111 300 26 42
191 313 25 37
311 292 24 37
frame - 78
3
110 300 26 40
5 268 30 43
188 315 28 38
frame - 79
3
107 298 26 42
3 265 29 43
188 314 26 39
frame - 80
3
187 314 27 37
103 294 28 41
3 262 27 46
frame - 81
4
186 312 28 40
101 291 28 44
0 263 28 46
302 285 27 38
frame - 82
2
185 311 26 39
97 291 27 40
frame - 83
2
0 264 23 41
94 288 28 45
frame - 84
4
179 305 23 37
89 287 29 47
295 273 27 41
0 265 20 39
frame - 85
4
172 301 28 41
86 283 27 42
289 269 29 45
287 284 30 44
frame - 86
3
286 266 32 47
169 302 25 38
84 283 26 39
frame - 87
3
283 266 32 45
78 284 27 41
166 301 24 37
frame - 88
3
279 268 30 45
71 285 30 44
161 300 25 40
frame - 89
4
273 267 31 46
160 301 23 40
68 305 29 49
65 286 28 44
frame - 90
4
272 273 28 40
62 287 29 45
63 303 28 51
155 305 24 36
frame - 91
5
268 273 28 43
55 284 29 47
57 302 29 52
1065 489 9 13
268 285 29 45
frame - 92
4
46 283 31 50
260 272 30 45
144 302 26 42
45 293 33 57
frame - 93
5
255 271 30 46
43 281 28 45
44 300 31 52
140 307 25 41
1062 488 9 14
frame - 94
7
38 279 29 46
250 268 29 46
248 284 30 45
359 393 16 28
40 295 30 55
1062 488 9 14
494 399 11 21
frame - 95
6
34 275 30 53
128 302 26 39
35 287 32 58
243 263 29 43
1062 488 8 14
242 281 30 42
frame - 96
4
235 259 33 45
125 303 27 37
32 272 30 52
34 287 31 56
frame - 97
3
227 254 35 47
30 270 30 49
121 302 25 37
frame - 98
4
223 249 35 48
25 270 33 52
113 293 27 40
25 280 34 59
frame - 99
3
220 244 36 47
24 274 31 53
112 287 28 43
frame - 100
5
218 243 34 47
19 284 32 54
110 281 29 43
19 268 31 51
902 451 11 16
frame - 101
5
214 242 35 48
110 278 29 45
15 271 30 47
18 286 31 54
907 450 12 15
frame - 102
5
212 244 33 47
110 276 29 46
14 272 30 44
908 449 11 16
909 446 11 14
frame - 103
5
208 244 35 51
12 273 30 44
109 276 30 44
908 448 12 16
909 445 12 15
frame - 104
5
204 244 36 48
8 273 32 44
106 277 32 43
909 449 11 16
910 446 11 14
frame - 105
6
204 246 34 48
103 278 31 45
8 272 30 44
6 284 34 58
909 445 12 15
909 449 11 15
frame - 106
6
203 246 34 51
100 277 32 46
3 269 31 47
909 450 12 15
5 280 31 55
909 446 12 14
frame - 107
6
202 246 34 49
98 278 31 45
1 264 31 45
3 284 31 53
909 450 12 15
909 446 12 14
frame - 108
4
199 245 34 47
99 277 30 45
1 262 27 42
909 451 11 15
frame - 109
5
198 243 33 45
97 276 32 45
0 260 26 46
909 451 11 14
910 446 11 14
frame - 110
5
193 235 34 55
97 271 29 46
1 255 22 45
531 413 11 18
908 451 11 14
frame - 111
4
190 234 35 51
95 268 31 48
905 452 12 15
1058 491 9 14
frame - 112
6
186 228 35 52
90 265 35 45
902 453 12 14
1058 491 9 14
880 509 10 16
881 507 10 15
frame - 113
5
183 226 35 51
87 260 34 45
899 453 11 15
880 508 10 15
1057 496 9 14
frame - 114
6
177 223 35 52
84 257 31 45
899 453 12 14
878 508 9 16
1057 496 9 14
1054 497 9 14
frame - 115
7
170 221 37 52
79 252 30 46
899 452 11 14
876 509 10 16
1057 496 9 15
436 400 15 23
1056 498 9 14
frame - 116
7
167 220 37 53
75 248 31 46
899 452 10 15
875 509 9 16
1056 496 9 14
875 506 9 15
434 400 15 23
frame - 117
4
162 219 37 54
67 249 33 46
899 451 11 15
1057 495 9 15
frame - 118
3
154 223 38 58
63 248 32 48
898 451 10 15
frame - 119
5
149 224 37 55
58 251 33 45
897 451 10 15
1053 489 9 15
1056 492 9 14
frame - 120
5
51 252 33 48
144 226 34 52
896 451 11 15
1053 490 9 14
1055 492 9 15
frame - 121
4
135 226 36 52
42 254 36 53
896 451 11 15
1052 490 8 15
frame - 122
6
127 223 37 57
40 257 34 49
894 450 11 16
771 441 13 18
1049 490 9 15
620 421 14 20
frame - 123
6
121 219 37 56
31 254 32 48
252 310 28 40
896 450 10 16
1047 491 9 14
895 445 10 15
frame - 124
7
116 216 36 53
25 250 35 49
250 307 29 42
896 449 11 16
895 446 10 14
1048 491 8 13
613 422 13 19
frame - 125
9
110 209 37 57
246 303 31 48
19 247 31 49
898 450 10 15
895 446 10 14
1046 490 9 14
611 422 12 19
993 448 10 16
243 362 23 42
frame - 126
9
104 206 37 53
13 246 32 43
246 300 29 42
897 451 10 14
993 448 11 16
895 446 10 14
892 451 10 14
611 421 12 20
1046 491 8 13
frame - 127
10
100 202 39 53
5 241 35 43
246 300 26 39
896 450 11 14
895 446 10 14
994 448 11 16
609 420 13 21
892 451 9 14
962 512 9 14
1045 492 9 12
frame - 128
11
92 197 41 54
2 235 32 45
244 298 27 40
967 496 8 13
893 446 10 14
996 449 10 15
898 451 10 13
607 420 14 21
892 451 10 14
1048 491 8 13
972 490 9 13
frame - 129
12
89 195 38 53
0 229 29 42
965 497 9 13
995 449 11 16
243 298 27 40
896 451 10 14
889 447 10 13
401 393 21 36
963 497 9 12
606 419 14 21
892 451 9 14
1049 491 8 12
frame - 130
13
84 195 40 52
241 297 28 44
963 497 9 13
897 450 10 15
995 449 11 16
400 391 19 31
891 446 10 14
893 451 10 14
0 227 26 41
606 419 14 21
1051 492 8 12
1050 495 9 12
961 496 9 12
frame - 131
12
80 195 40 53
238 297 29 45
886 452 10 13
995 450 11 15
398 391 19 31
961 494 8 13
1050 495 9 13
1051 492 8 12
606 419 13 21
977 479 9 14
889 447 10 13
967 485 9 13
frame - 132
8
75 197 40 53
237 299 30 43
881 452 9 14
996 449 11 16
606 420 13 21
1052 492 8 12
1051 495 8 12
969 478 9 14
frame - 133
6
71 198 39 54
237 299 29 42
880 452 9 14
997 449 11 16
1052 492 7 12
605 421 13 20
frame - 134
5
65 196 43 61
236 297 28 44
996 449 11 16
877 452 9 14
386 385 21 36
frame - 135
3
64 196 40 63
235 295 28 44
995 448 11 17
frame - 136
4
60 195 40 60
231 294 31 46
996 448 11 16
382 383 22 36
frame - 137
5
56 192 41 63
231 289 28 45
996 448 11 16
381 383 23 36
1051 492 8 12
frame - 138
4
52 189 42 60
228 283 29 47
381 384 23 36
996 448 10 16
frame - 139
4
49 181 41 67
224 280 29 44
380 385 23 36
996 449 11 15
frame - 140
5
44 181 39 59
221 276 30 44
996 450 11 15
378 386 22 34
595 421 13 20
frame - 141
6
41 172 39 63
217 273 29 45
997 450 11 16
379 387 21 34
593 421 13 20
886 409 13 19
frame - 142
5
37 169 38 58
213 271 29 44
996 451 11 15
374 387 21 33
591 420 14 21
frame - 143
5
29 166 41 57
209 270 30 45
995 451 11 15
590 420 14 21
902 445 10 15
frame - 144
7
23 163 42 58
204 272 31 43
995 451 11 16
903 447 11 16
902 445 10 15
1045 497 9 13
589 420 14 21
frame - 145
5
16 163 42 59
203 275 29 42
994 451 11 16
902 448 11 16
1042 497 9 12
frame - 146
5
10 161 43 65
197 278 29 38
992 451 12 15
900 447 12 15
374 380 18 31
frame - 147
5
3 163 43 62
192 280 29 43
901 448 12 16
993 451 11 15
371 378 19 33
frame - 148
5
1 164 36 67
369 378 20 33
994 451 11 15
900 448 11 15
188 278 29 41
frame - 149
6
0 164 32 70
899 447 13 16
368 378 21 32
182 276 28 43
996 451 10 15
898 450 12 15
frame - 150
7
176 351 42 52
900 448 13 16
365 376 22 35
899 445 12 15
996 450 11 15
0 164 27 74
175 273 29 44
frame - 151
5
173 273 28 45
900 449 13 15
997 450 10 16
361 375 24 35
899 446 12 15
frame - 152
5
998 451 10 15
901 450 11 15
169 268 28 49
360 377 23 34
878 480 10 14
frame - 153
5
998 451 10 15
357 377 22 34
901 450 11 15
881 480 10 14
166 263 27 46
frame - 154
4
998 452 11 15
900 450 11 15
880 479 10 15
165 260 26 45
frame - 155
3
158 254 31 51
999 453 10 15
901 450 10 15
frame - 156
3
157 253 32 43
999 454 10 14
901 450 10 15
frame - 157
3
999 455 10 14
900 450 10 14
898 447 11 13
frame - 158
4
156 252 30 40
898 451 10 14
897 447 10 13
999 456 10 14
frame - 159
4
898 450 11 15
221 345 21 32
897 446 11 14
1000 456 9 14
frame - 160
5
152 256 27 41
897 451 11 13
897 446 11 14
1000 457 10 13
217 342 23 35
frame - 161
6
148 257 29 41
896 451 11 14
217 342 22 35
352 327 25 41
896 446 11 13
1000 457 9 13
frame - 162
4
144 258 28 39
896 451 11 13
896 446 11 13
999 456 11 14
frame - 163
6
141 257 30 40
896 450 11 14
215 344 21 33
316 365 21 38
1000 456 10 13
896 446 11 14
frame - 164
8
139 255 30 40
314 364 21 38
1000 454 10 14
895 450 11 14
895 446 11 14
311 360 20 36
214 345 19 31
835 433 13 17
frame - 165
7
139 253 28 38
310 362 19 33
895 451 12 13
1000 454 10 14
895 446 12 14
312 365 21 36
835 434 13 16
frame - 166
8
131 247 31 40
895 450 12 14
895 446 12 14
315 365 23 36
208 349 22 37
310 361 21 35
999 454 10 14
835 435 13 15
frame - 167
5
896 451 11 13
896 446 11 14
1000 455 9 13
311 358 23 38
316 361 25 39
frame - 168
6
123 240 29 39
895 451 11 13
896 446 10 13
999 455 9 14
203 348 22 37
311 358 23 38
frame - 169
7
117 238 29 40
998 455 9 14
895 451 11 13
895 446 11 14
318 364 21 37
203 347 22 37
312 360 20 36
frame - 170
6
112 236 28 42
894 451 11 14
894 446 10 14
995 455 10 14
198 346 22 38
838 434 11 15
frame - 171
5
106 235 29 43
894 451 11 14
893 447 11 13
195 341 25 38
994 458 10 14
frame - 172
6
193 339 25 39
99 236 29 40
894 451 11 14
894 447 10 13
993 458 9 14
993 455 10 15
frame - 173
6
192 336 23 41
90 237 31 40
894 451 11 14
992 458 9 14
894 447 11 13
993 455 10 14
frame - 174
6
82 236 31 44
192 334 22 43
893 450 11 15
992 454 10 15
991 457 10 15
894 447 10 13
frame - 175
6
76 239 30 41
188 336 22 37
893 450 11 15
992 454 9 15
990 456 10 15
894 446 10 14
frame - 176
5
182 335 23 38
893 450 11 15
991 453 10 15
988 455 10 15
893 446 10 14
frame - 177
8
175 335 25 42
55 243 30 40
101 323 30 54
991 453 9 14
892 450 11 15
54 326 36 49
892 446 11 14
987 456 10 13
frame - 178
6
43 239 34 42
171 336 26 41
892 451 11 14
991 453 10 14
990 455 9 14
891 447 10 13
frame - 179
7
38 237 31 41
168 337 25 39
893 451 10 14
991 453 9 15
892 447 9 13
988 455 9 14
792 434 11 16
frame - 180
6
30 234 34 44
164 336 25 43
893 451 10 14
991 453 9 15
891 446 10 14
34 317 38 45
frame - 181
7
27 231 34 45
893 451 11 14
160 338 26 42
990 454 10 14
891 446 11 14
987 457 9 13
988 464 8 13
frame - 182
5
21 228 34 45
155 338 27 40
893 452 11 13
987 468 9 12
986 459 9 13
frame - 183
6
16 227 35 46
152 339 26 39
893 451 11 14
988 468 9 12
854 433 13 17
986 460 9 13
frame - 184
7
11 223 37 49
147 338 26 40
892 452 11 13
987 463 9 13
986 460 10 13
278 363 18 38
855 433 13 16
frame - 185
3
145 337 24 39
7 222 37 48
987 460 9 13
frame - 186
3
2 222 36 46
142 335 23 41
987 460 10 13
frame - 187
5
1 221 33 50
138 328 25 41
987 460 10 13
803 431 14 18
282 361 13 33
frame - 188
5
1 220 29 52
135 328 25 40
987 460 10 13
277 359 17 37
804 431 15 18
frame - 189
6
134 326 25 44
0 218 28 60
988 459 9 14
804 432 15 18
278 364 16 39
2 300 30 41
frame - 190
4
132 328 25 40
986 460 10 13
1 299 22 42
805 432 13 19
frame - 191
3
130 327 26 40
986 459 9 13
987 456 9 13
frame - 192
4
130 326 23 39
986 455 10 14
3 378 41 101
985 461 9 13
frame - 193
3
129 327 22 39
984 456 9 14
984 460 9 13
frame - 194
2
122 326 26 38
985 457 9 13
frame - 195
4
102 449 36 55
121 328 24 37
984 457 9 13
982 459 9 13
frame - 196
3
984 457 9 13
982 459 9 13
854 431 13 17
frame - 197
4
243 356 16 29
120 330 21 37
984 459 9 14
1015 491 8 11
frame - 198
5
114 327 26 43
984 460 9 13
243 355 17 30
805 433 13 17
1015 491 7 11
frame - 199
3
113 328 25 39
241 352 17 32
983 461 9 13
frame - 200
2
113 328 22 40
982 460 10 14
frame - 201
3
111 326 23 41
982 460 9 14
231 347 18 31
frame - 202
3
230 346 18 30
107 320 24 41
982 460 10 14
frame - 203
4
225 343 20 33
103 319 26 38
982 459 10 14
1012 491 7 11
frame - 204
3
223 341 22 34
101 317 25 38
981 459 10 14
frame - 205
4
222 343 20 32
81 440 34 52
101 316 23 35
982 458 9 13
frame - 206
3
93 313 27 39
214 341 21 35
288 371 13 22
frame - 207
4
88 311 27 40
212 342 20 34
287 371 13 23
982 461 9 12
frame - 208
4
207 344 22 32
85 312 25 37
73 441 37 54
285 374 14 21
frame - 209
4
200 344 25 32
80 313 27 39
283 371 15 23
983 460 8 13
frame - 210
3
195 344 23 34
77 315 26 42
282 370 15 23
frame - 211
3
191 344 24 34
71 317 25 40
283 368 14 24
frame - 212
3
282 367 14 25
66 316 26 41
196 349 14 26
frame - 213
3
179 340 20 36
63 315 25 42
281 366 14 25
frame - 214
4
55 313 25 38
180 341 18 34
269 367 13 25
984 461 9 14
frame - 215
5
50 311 26 39
174 336 19 33
983 461 9 13
265 429 12 20
266 367 14 25
frame - 216
4
44 308 29 43
167 336 24 40
264 365 16 27
983 461 9 14
frame - 217
3
39 305 30 43
33 439 34 52
163 328 24 40
frame - 218
2
38 302 27 41
157 327 26 39
frame - 219
3
30 431 30 48
153 325 25 39
37 300 26 40
frame - 220
3
33 297 27 41
149 327 22 38
247 380 13 24
frame - 221
2
30 295 30 40
146 326 25 39
frame - 222
2
142 326 27 40
29 295 29 40
frame - 223
3
139 327 27 39
27 296 29 41
12 429 32 41
frame - 224
2
23 297 30 41
136 327 26 38
frame - 225
2
19 299 31 40
133 327 26 38
frame - 226
2
15 300 31 41
131 326 28 38
frame - 227
3
14 301 30 40
129 322 28 38
232 380 15 23
frame - 228
3
13 300 27 42
129 319 25 39
231 376 15 26
frame - 229
4
10 300 27 40
128 317 24 40
232 372 14 25
233 360 16 25
frame - 230
3
6 296 31 42
124 316 26 35
230 373 16 23
frame - 231
3
3 293 30 42
121 313 26 37
228 373 16 23
frame - 232
4
1 290 29 43
118 311 27 39
229 358 17 25
229 368 14 21
frame - 233
4
112 308 30 46
0 287 27 42
228 360 17 25
229 369 14 22
frame - 234
2
111 310 28 41
0 283 24 41
frame - 235
2
106 309 29 42
0 283 19 40
frame - 236
3
102 310 29 41
215 373 15 24
0 283 16 39
frame - 237
3
99 312 29 39
215 370 17 27
220 359 16 26
frame - 238
3
93 312 30 39
215 368 16 26
219 359 16 26
frame - 239
3
90 311 27 39
217 358 18 27
216 365 15 26
frame - 240
3
87 311 25 36
217 357 18 28
216 363 15 26
