frame - 0
0
frame - 1
0
frame - 2
2
1246 488 17 22
1224 510 17 19
frame - 3
1
1247 487 17 23
frame - 4
1
1224 510 18 20
frame - 5
1
1248 488 17 23
frame - 6
0
frame - 7
1
1227 509 17 20
frame - 8
1
1227 508 17 21
frame - 9
2
1257 488 22 42
1046 397 18 23
frame - 10
1
1259 488 20 41
frame - 11
1
1230 509 17 20
frame - 12
1
1233 511 16 18
frame - 13
0
frame - 14
1
878 441 10 14
frame - 15
0
frame - 16
0
frame - 17
0
frame - 18
0
frame - 19
0
frame - 20
0
frame - 21
1
1232 511 17 20
frame - 22
1
1233 510 17 20
frame - 23
0
frame - 24
1
1236 511 16 19
frame - 25
0
frame - 26
0
frame - 27
0
frame - 28
0
frame - 29
1
1244 508 16 20
frame - 30
0
frame - 31
0
frame - 32
0
frame - 33
0
frame - 34
0
frame - 35
0
frame - 36
0
frame - 37
0
frame - 38
0
frame - 39
0
frame - 40
0
frame - 41
0
frame - 42
0
frame - 43
0
frame - 44
0
frame - 45
0
frame - 46
0
frame - 47
0
frame - 48
0
frame - 49
0
frame - 50
0
frame - 51
0
frame - 52
1
844 425 17 22
frame - 53
1
844 425 17 22
frame - 54
1
844 425 17 22
frame - 55
1
845 426 16 21
frame - 56
1
846 426 15 21
frame - 57
1
845 426 17 21
frame - 58
1
845 426 17 21
frame - 59
1
845 425 17 22
frame - 60
1
844 424 18 23
frame - 61
1
843 424 19 23
frame - 62
1
843 424 19 22
frame - 63
0
frame - 64
1
308 418 16 30
frame - 65
1
308 418 16 30
frame - 66
0
frame - 67
0
frame - 68
1
1100 447 24 39
frame - 69
0
frame - 70
1
311 422 19 36
frame - 71
0
frame - 72
1
1101 447 24 38
frame - 73
2
1101 448 23 37
311 419 19 40
frame - 74
0
frame - 75
0
frame - 76
0
frame - 77
0
frame - 78
0
frame - 79
1
119 434 32 43
frame - 80
1
121 433 31 44
frame - 81
1
123 433 30 45
frame - 82
1
124 431 29 46
frame - 83
0
frame - 84
0
frame - 85
0
frame - 86
0
frame - 87
0
frame - 88
0
frame - 89
0
frame - 90
0
frame - 91
0
frame - 92
0
frame - 93
1
57 444 33 50
frame - 94
0
frame - 95
0
frame - 96
0
frame - 97
0
frame - 98
0
frame - 99
0
frame - 100
0
frame - 101
0
frame - 102
0
frame - 103
0
frame - 104
0
frame - 105
0
frame - 106
0
frame - 107
0
frame - 108
0
frame - 109
0
frame - 110
0
frame - 111
0
frame - 112
0
frame - 113
0
frame - 114
0
frame - 115
0
frame - 116
1
259 397 23 46
frame - 117
0
frame - 118
0
frame - 119
0
frame - 120
0
frame - 121
0
frame - 122
0
frame - 123
0
frame - 124
4
908 433 11 15
888 440 11 16
1138 459 17 26
884 442 12 16
frame - 125
3
904 433 11 15
1138 459 16 26
890 439 12 16
frame - 126
2
1139 459 17 26
901 432 11 16
frame - 127
2
885 431 11 16
1139 459 17 26
frame - 128
3
885 431 12 16
877 424 13 17
1143 458 18 27
frame - 129
1
894 431 12 17
frame - 130
2
900 432 11 15
880 426 12 16
frame - 131
2
886 431 11 16
882 426 12 16
frame - 132
3
891 431 12 16
241 401 23 48
882 426 12 16
frame - 133
3
909 431 12 16
883 426 13 16
240 401 23 49
frame - 134
2
884 430 12 17
880 424 14 18
frame - 135
2
883 425 12 16
898 430 10 15
frame - 136
1
913 431 11 15
frame - 137
1
886 430 12 17
frame - 138
2
880 428 14 18
881 423 15 19
frame - 139
2
880 420 17 21
880 428 15 19
frame - 140
2
884 428 16 20
928 436 15 21
frame - 141
1
896 431 13 17
frame - 142
2
883 423 15 18
890 429 13 16
frame - 143
2
903 431 11 15
883 424 13 17
frame - 144
0
frame - 145
0
frame - 146
0
frame - 147
0
frame - 148
0
frame - 149
0
frame - 150
0
frame - 151
0
frame - 152
0
frame - 153
0
frame - 154
0
frame - 155
1
913 448 11 16
frame - 156
0
frame - 157
0
frame - 158
0
frame - 159
1
282 423 23 35
frame - 160
1
280 421 25 38
frame - 161
0
frame - 162
0
frame - 163
1
917 439 12 17
frame - 164
1
917 440 11 16
frame - 165
1
917 440 11 16
frame - 166
1
918 440 11 17
frame - 167
2
918 439 11 18
1197 450 27 35
frame - 168
0
frame - 169
0
frame - 170
1
921 440 10 17
frame - 171
0
frame - 172
0
frame - 173
0
frame - 174
0
frame - 175
0
frame - 176
3
920 439 11 18
932 439 11 17
901 427 12 18
frame - 177
1
921 440 10 17
frame - 178
1
921 440 10 17
frame - 179
1
931 438 12 19
frame - 180
1
899 426 12 18
frame - 181
0
frame - 182
0
frame - 183
0
frame - 184
0
frame - 185
0
frame - 186
1
928 438 11 19
frame - 187
1
928 438 12 20
frame - 188
1
928 439 12 19
frame - 189
0
frame - 190
0
frame - 191
0
frame - 192
0
frame - 193
0
frame - 194
1
1227 458 25 36
frame - 195
1
1228 458 24 36
frame - 196
0
frame - 197
0
frame - 198
0
frame - 199
0
frame - 200
0
frame - 201
0
frame - 202
0
frame - 203
0
frame - 204
1
100 397 9 13
frame - 205
1
100 397 9 14
frame - 206
2
99 398 10 13
937 440 13 19
frame - 207
2
1208 460 24 45
98 398 11 14
frame - 208
2
1207 461 25 45
100 398 10 14
frame - 209
0
frame - 210
1
98 398 11 14
frame - 211
0
frame - 212
2
901 425 12 19
959 439 10 16
frame - 213
2
901 425 12 19
959 439 10 16
frame - 214
2
901 425 12 19
958 437 9 12
frame - 215
3
902 425 11 18
957 437 9 13
959 440 10 15
frame - 216
1
900 421 13 20
frame - 217
1
900 421 14 19
frame - 218
1
900 420 14 20
frame - 219
1
900 419 14 21
frame - 220
2
102 398 10 14
899 420 14 20
frame - 221
2
99 397 10 15
900 420 14 20
frame - 222
2
100 397 10 15
900 420 13 20
frame - 223
3
100 397 10 16
900 420 14 20
958 440 11 17
frame - 224
2
99 397 10 16
900 420 14 20
frame - 225
2
958 441 11 16
98 397 10 16
frame - 226
1
99 397 10 17
frame - 227
2
899 420 15 20
959 441 11 17
frame - 228
2
961 442 12 17
899 420 15 20
frame - 229
2
961 442 12 16
900 420 15 21
frame - 230
2
901 422 13 19
959 442 11 15
frame - 231
2
901 421 13 20
960 441 11 16
frame - 232
2
900 420 14 20
962 441 10 16
frame - 233
2
899 417 16 23
963 442 9 15
frame - 234
1
963 442 9 15
frame - 235
1
963 441 10 16
frame - 236
1
964 442 10 15
frame - 237
1
962 441 10 16
frame - 238
1
960 442 11 17
frame - 239
1
962 443 11 16
frame - 240
3
959 443 11 16
902 421 13 19
1241 468 28 42
frame - 241
2
960 442 10 16
903 423 13 18
frame - 242
1
960 442 10 16
frame - 243
3
960 442 10 16
902 425 14 20
904 423 14 19
frame - 244
2
964 441 10 16
903 425 13 20
frame - 245
2
904 425 14 21
962 443 10 15
frame - 246
1
907 428 12 18
frame - 247
0
frame - 248
0
frame - 249
2
904 428 12 18
960 444 10 15
frame - 250
2
907 427 12 19
959 443 10 16
frame - 251
2
905 428 12 18
959 444 9 15
frame - 252
2
958 444 10 15
904 429 12 18
frame - 253
2
958 444 10 15
904 428 12 18
frame - 254
2
959 443 9 15
905 428 11 18
frame - 255
4
905 428 11 18
959 444 10 15
909 424 12 17
962 445 9 16
frame - 256
1
907 429 11 17
frame - 257
1
908 428 12 18
frame - 258
0
frame - 259
2
909 427 12 18
911 423 12 18
frame - 260
2
962 442 10 15
911 428 11 16
frame - 261
2
914 421 12 18
910 427 11 17
frame - 262
2
913 421 13 19
911 426 12 18
frame - 263
0
frame - 264
0
frame - 265
0
frame - 266
2
912 427 12 18
915 422 12 19
frame - 267
1
910 429 12 17
frame - 268
2
911 428 12 17
967 442 10 16
frame - 269
0
frame - 270
0
frame - 271
0
frame - 272
1
912 429 12 17
frame - 273
1
912 428 11 18
frame - 274
1
912 427 13 19
frame - 275
1
913 427 12 19
frame - 276
2
913 427 12 19
96 395 7 8
frame - 277
0
frame - 278
2
96 395 6 8
913 427 13 20
frame - 279
1
912 427 13 20
frame - 280
0
frame - 281
1
913 426 13 21
frame - 282
1
914 425 13 21
frame - 283
1
914 426 13 20
frame - 284
1
914 426 14 20
frame - 285
1
914 427 14 19
frame - 286
0
frame - 287
0
frame - 288
1
917 422 13 19
frame - 289
1
917 427 13 19
frame - 290
1
918 427 12 19
frame - 291
0
frame - 292
1
918 429 11 17
frame - 293
1
918 430 12 17
frame - 294
1
918 431 11 16
frame - 295
1
917 432 11 16
frame - 296
0
frame - 297
1
917 432 12 16
frame - 298
0
frame - 299
0
frame - 300
0
frame - 301
0
frame - 302
0
frame - 303
0
frame - 304
0
frame - 305
0
frame - 306
0
frame - 307
0
frame - 308
0
frame - 309
0
frame - 310
0
frame - 311
0
frame - 312
0
frame - 313
0
frame - 314
0
frame - 315
0
frame - 316
0
frame - 317
0
frame - 318
0
frame - 319
0
frame - 320
0
frame - 321
0
frame - 322
0
frame - 323
0
frame - 324
0
frame - 325
0
frame - 326
0
frame - 327
0
frame - 328
0
frame - 329
0
frame - 330
0
frame - 331
0
frame - 332
0
frame - 333
0
frame - 334
0
frame - 335
0
frame - 336
0
frame - 337
0
frame - 338
1
688 457 19 27
frame - 339
1
688 457 19 27
frame - 340
1
688 456 19 28
frame - 341
1
689 457 18 27
frame - 342
0
frame - 343
1
690 456 17 27
frame - 344
1
689 456 18 27
frame - 345
1
689 456 19 27
frame - 346
1
689 456 19 27
frame - 347
1
691 454 19 29
frame - 348
1
691 455 19 28
frame - 349
2
692 455 18 28
672 412 18 25
frame - 350
1
690 456 20 27
frame - 351
1
689 457 21 27
frame - 352
1
689 457 21 27
frame - 353
1
690 457 20 28
frame - 354
0
frame - 355
0
frame - 356
1
691 455 21 29
frame - 357
0
frame - 358
1
691 455 21 29
frame - 359
0
frame - 360
2
554 439 24 33
671 415 18 24
frame - 361
0
frame - 362
1
553 438 24 34
frame - 363
1
554 439 23 33
frame - 364
1
554 439 22 33
frame - 365
0
frame - 366
0
frame - 367
0
frame - 368
1
555 442 22 32
frame - 369
1
556 443 21 31
frame - 370
1
556 443 21 32
frame - 371
1
557 442 21 32
frame - 372
1
557 443 21 31
frame - 373
0
frame - 374
0
frame - 375
0
frame - 376
0
frame - 377
0
frame - 378
0
frame - 379
0
frame - 380
0
frame - 381
0
frame - 382
0
frame - 383
0
frame - 384
0
frame - 385
0
frame - 386
0
frame - 387
1
1014 441 10 16
frame - 388
0
frame - 389
0
frame - 390
0
frame - 391
0
frame - 392
0
frame - 393
0
frame - 394
0
frame - 395
0
frame - 396
0
frame - 397
0
frame - 398
1
723 468 22 27
frame - 399
0
frame - 400
0
frame - 401
0
frame - 402
0
frame - 403
0
frame - 404
1
566 441 26 35
frame - 405
1
567 442 25 33
frame - 406
1
567 442 25 33
frame - 407
2
736 471 20 29
1044 443 10 15
frame - 408
2
737 472 20 28
1049 444 9 14
frame - 409
1
1044 444 9 14
frame - 410
2
737 472 21 28
1042 444 10 14
frame - 411
2
737 470 22 30
1044 444 10 14
frame - 412
1
1045 445 10 14
frame - 413
4
567 442 28 40
1052 444 9 15
739 470 22 31
1042 446 10 16
frame - 414
4
568 443 28 41
1049 444 10 15
1042 446 10 16
740 471 22 30
frame - 415
3
568 443 27 40
1046 444 10 14
1039 446 11 16
frame - 416
3
1052 444 10 14
569 444 27 38
1039 446 10 16
frame - 417
3
1049 443 9 15
570 444 27 39
1039 445 10 16
frame - 418
3
570 444 28 39
1053 443 9 15
1038 445 10 16
frame - 419
4
571 444 28 39
1046 443 9 15
1039 446 10 15
747 468 23 32
frame - 420
4
573 444 27 38
1057 443 10 15
748 468 23 32
1039 445 10 16
frame - 421
4
750 469 22 31
574 445 26 37
1053 444 9 14
1038 446 11 17
frame - 422
4
750 468 22 33
1050 444 9 15
574 446 25 36
1041 447 10 17
frame - 423
3
750 468 23 33
1040 448 9 17
1051 444 9 14
frame - 424
4
751 469 22 32
1038 448 10 17
575 445 26 37
1045 444 9 14
frame - 425
1
575 444 27 39
frame - 426
1
576 445 26 38
frame - 427
4
579 445 28 39
1051 444 9 15
1040 447 10 16
757 468 20 33
frame - 428
4
579 443 28 42
756 467 21 34
1041 448 10 16
1051 445 9 14
frame - 429
2
579 443 29 41
1045 444 10 15
frame - 430
2
579 442 29 42
1050 444 9 14
frame - 431
3
580 444 28 40
1054 443 10 14
1043 447 9 15
frame - 432
2
581 445 28 39
1045 443 9 14
frame - 433
3
581 443 29 41
1049 443 9 14
1043 447 9 15
frame - 434
3
581 443 30 41
1052 443 9 14
1044 448 10 16
frame - 435
3
581 443 30 41
1046 443 9 14
1042 449 10 16
frame - 436
3
583 442 29 42
1046 443 9 15
1042 447 10 16
frame - 437
3
584 441 32 40
1043 449 9 16
1049 443 9 15
frame - 438
3
585 439 30 39
1043 448 10 17
1045 444 9 15
frame - 439
3
585 441 31 40
1043 447 10 18
1044 444 10 15
frame - 440
3
1044 447 11 18
586 440 30 39
1045 444 10 15
frame - 441
2
1046 448 10 18
1047 444 10 16
frame - 442
2
1045 448 10 18
1047 444 9 15
frame - 443
2
1046 447 10 18
1048 444 9 15
frame - 444
3
1046 448 10 18
1047 444 10 15
129 398 8 10
frame - 445
3
1048 448 9 18
129 397 8 11
1049 443 9 16
frame - 446
3
1047 448 10 17
129 397 8 11
1049 443 9 15
frame - 447
2
1047 448 10 18
129 397 8 10
frame - 448
3
1045 449 10 16
130 396 7 11
595 440 30 41
frame - 449
4
598 440 29 42
1048 448 9 18
129 396 8 11
780 463 22 37
frame - 450
3
598 440 30 42
1050 448 10 18
128 396 9 12
frame - 451
2
1051 449 9 17
128 396 9 12
frame - 452
2
128 396 9 13
1050 449 10 17
frame - 453
2
128 396 9 12
1056 449 9 17
frame - 454
3
1052 448 9 18
782 466 22 34
128 396 9 13
frame - 455
2
1056 448 10 18
128 396 9 12
frame - 456
3
783 467 23 33
1059 448 10 18
128 396 9 12
frame - 457
3
1060 448 9 18
127 396 10 13
784 468 22 32
frame - 458
3
784 467 23 33
1060 448 9 18
127 396 10 13
frame - 459
2
1058 448 10 19
127 396 10 13
frame - 460
2
1060 449 10 18
127 397 10 12
frame - 461
2
1059 449 10 18
127 397 10 13
frame - 462
2
1059 449 10 18
127 396 10 13
frame - 463
2
127 396 10 13
1059 450 10 17
frame - 464
2
1059 450 10 18
127 396 11 13
frame - 465
2
127 396 10 13
1060 452 10 18
frame - 466
2
127 396 10 13
1062 452 10 19
frame - 467
2
127 396 10 13
1060 450 10 18
frame - 468
2
1060 451 10 17
127 397 10 12
frame - 469
3
127 396 10 13
1062 451 9 18
1065 453 10 19
frame - 470
3
1060 451 9 17
129 395 9 12
1061 453 10 18
frame - 471
2
128 396 10 13
1066 453 10 20
frame - 472
1
128 397 10 12
frame - 473
1
127 397 10 12
frame - 474
3
129 396 10 12
797 476 21 32
1063 454 10 20
frame - 475
3
798 478 22 31
129 397 10 12
1062 455 9 19
frame - 476
2
798 478 22 32
129 397 10 12
frame - 477
2
130 397 9 12
798 479 22 31
frame - 478
2
798 479 23 33
129 397 10 12
frame - 479
2
131 398 10 11
798 478 24 34
frame - 480
4
1066 454 11 20
131 398 9 12
797 480 26 32
638 464 29 36
frame - 481
3
797 479 27 34
1068 455 11 19
131 398 9 12
frame - 482
3
798 480 26 33
1070 454 11 20
131 398 9 12
frame - 483
4
645 460 28 40
798 481 27 36
1070 454 11 20
131 398 9 12
frame - 484
2
798 482 27 36
131 399 9 11
frame - 485
2
799 483 26 35
130 399 9 11
frame - 486
1
799 484 26 34
frame - 487
2
1075 453 11 21
799 485 26 33
frame - 488
2
1074 454 10 20
800 484 26 34
frame - 489
3
800 483 26 36
1073 454 11 20
826 436 24 34
frame - 490
2
1072 454 11 20
801 483 25 37
frame - 491
2
1072 454 11 20
800 483 27 38
frame - 492
2
1072 455 11 20
800 482 27 39
frame - 493
2
1072 454 11 20
806 483 25 38
frame - 494
2
1072 454 12 21
807 483 24 37
frame - 495
2
655 457 31 44
1073 455 10 20
frame - 496
3
658 456 30 45
1073 454 11 20
809 485 23 36
frame - 497
2
659 457 30 43
1072 453 12 22
frame - 498
2
661 457 30 44
1072 454 12 21
frame - 499
2
661 458 30 44
1073 454 11 20
frame - 500
2
661 458 31 43
1074 455 11 19
frame - 501
2
662 459 29 44
1075 454 11 19
frame - 502
2
662 460 30 44
812 486 24 41
frame - 503
2
661 459 31 45
813 482 23 41
frame - 504
3
663 460 30 44
813 482 24 41
1076 454 11 20
frame - 505
3
664 458 31 45
1077 454 11 20
814 482 23 41
frame - 506
1
667 459 29 45
frame - 507
0
frame - 508
1
1078 454 11 19
frame - 509
1
815 481 24 42
frame - 510
2
667 459 30 45
815 481 24 42
frame - 511
2
815 482 25 40
667 461 30 42
frame - 512
2
668 461 30 42
815 482 24 41
frame - 513
0
frame - 514
0
frame - 515
0
frame - 516
0
frame - 517
1
1094 454 10 19
frame - 518
0
frame - 519
1
1094 454 10 20
frame - 520
1
1093 454 11 20
frame - 521
1
1093 454 11 21
frame - 522
1
1093 453 11 21
frame - 523
1
1093 453 11 21
frame - 524
1
1093 453 11 20
frame - 525
1
832 483 25 38
frame - 526
1
831 483 26 39
frame - 527
1
831 484 27 38
frame - 528
1
831 484 28 38
frame - 529
1
156 403 9 10
frame - 530
1
156 403 9 10
frame - 531
2
157 403 9 10
841 485 25 36
frame - 532
2
840 486 25 35
158 404 8 10
frame - 533
1
844 487 24 34
frame - 534
0
frame - 535
2
1042 438 11 19
845 487 26 35
frame - 536
2
845 486 27 37
1042 438 12 19
frame - 537
2
846 489 27 38
1042 438 13 19
frame - 538
1
846 486 27 37
frame - 539
1
846 488 29 39
frame - 540
4
847 490 29 37
1128 455 9 13
1126 457 9 15
1122 457 10 16
frame - 541
5
847 490 29 38
1128 455 9 14
1127 457 10 16
1124 457 9 16
1095 444 8 13
frame - 542
5
847 490 29 38
708 471 27 39
1127 458 9 15
1128 456 9 13
1094 443 9 14
frame - 543
3
853 492 27 37
1124 457 10 17
709 472 27 38
frame - 544
4
852 491 29 38
1127 457 10 16
1096 444 9 14
709 473 27 38
frame - 545
3
855 492 28 37
1126 459 9 15
1124 459 9 16
frame - 546
2
857 491 28 39
1126 459 10 16
frame - 547
3
857 492 28 39
1129 458 9 15
1128 455 8 14
frame - 548
3
859 493 29 40
1124 459 9 16
1130 457 9 16
frame - 549
1
861 497 29 39
frame - 550
1
862 496 29 40
frame - 551
1
863 496 28 40
frame - 552
2
862 496 30 40
888 539 14 16
frame - 553
1
862 496 31 41
frame - 554
3
867 497 30 40
715 483 30 39
171 407 8 10
frame - 555
2
871 499 28 38
171 407 9 10
frame - 556
2
873 499 27 39
172 408 8 9
frame - 557
2
874 499 27 39
172 407 8 10
frame - 558
2
875 499 28 41
173 408 8 10
frame - 559
2
876 500 28 40
173 408 9 10
frame - 560
3
877 499 28 43
715 487 33 41
174 409 8 9
frame - 561
3
879 498 28 44
173 409 9 9
1133 459 8 13
frame - 562
2
879 501 30 45
1127 466 10 16
frame - 563
3
881 502 30 43
1128 466 10 17
721 484 32 43
frame - 564
3
883 502 31 43
717 487 33 42
173 409 10 10
frame - 565
4
884 502 31 42
722 486 32 44
173 408 9 10
1128 467 10 15
frame - 566
3
885 504 31 42
722 486 33 44
173 408 9 10
frame - 567
3
886 504 32 42
722 489 34 44
175 408 8 10
frame - 568
5
888 505 32 41
722 491 35 42
1129 465 11 17
175 408 9 10
1127 460 10 15
frame - 569
5
890 506 32 41
722 491 36 42
1127 460 10 15
1131 464 9 15
174 408 10 10
frame - 570
4
892 506 31 42
723 489 37 42
174 408 9 10
1132 468 10 15
frame - 571
4
724 491 36 41
893 507 31 40
1131 467 11 17
175 408 8 9
frame - 572
4
724 491 37 41
895 506 30 41
1131 468 9 16
175 408 8 10
frame - 573
6
727 490 35 41
899 507 30 41
1130 468 10 16
1127 459 9 14
175 408 8 9
1121 453 9 13
frame - 574
6
901 508 31 40
729 490 34 41
1127 458 9 13
1123 455 10 12
175 408 8 10
1129 467 9 15
frame - 575
4
903 507 30 43
730 490 33 40
176 408 9 9
1127 456 8 11
frame - 576
5
903 509 31 41
731 490 32 40
176 407 9 10
890 424 7 10
892 425 7 9
frame - 577
2
904 508 31 43
176 408 9 9
frame - 578
3
908 508 30 44
177 407 8 9
1124 455 9 12
frame - 579
2
909 512 31 41
176 408 9 9
frame - 580
2
910 513 31 41
176 408 9 9
frame - 581
3
914 513 32 41
1124 469 10 15
176 408 8 9
frame - 582
3
916 512 31 41
176 408 9 9
1127 468 11 16
frame - 583
2
919 515 31 39
175 408 9 9
frame - 584
4
919 515 32 39
1138 467 11 17
175 408 9 9
1125 453 10 14
frame - 585
2
921 516 32 38
175 408 9 9
frame - 586
3
922 517 32 38
742 489 34 40
175 408 9 9
frame - 587
4
924 516 32 39
741 490 34 40
1128 453 10 14
175 408 9 9
frame - 588
3
925 516 32 39
741 489 35 41
175 408 9 9
frame - 589
3
926 514 33 40
745 483 34 41
175 408 9 9
frame - 590
2
931 515 33 40
176 409 8 9
frame - 591
2
932 514 33 40
1132 453 10 14
frame - 592
2
933 515 34 40
1133 454 10 13
frame - 593
1
934 515 35 40
frame - 594
1
935 515 36 40
frame - 595
1
939 516 34 40
frame - 596
1
940 516 34 41
frame - 597
3
941 515 34 42
759 488 30 41
1136 454 10 14
frame - 598
2
942 514 34 43
760 491 29 39
frame - 599
2
946 516 33 40
761 486 31 43
frame - 600
3
947 516 36 41
761 488 33 41
1148 464 11 15
frame - 601
4
949 517 37 40
762 486 33 43
1155 466 11 17
1157 469 12 19
frame - 602
3
953 519 34 39
1146 465 10 15
1139 457 9 13
frame - 603
2
954 518 35 39
1155 466 10 16
frame - 604
1
956 518 34 40
frame - 605
2
960 518 34 41
1153 465 9 15
frame - 606
2
963 518 33 42
1157 471 12 20
frame - 607
1
963 518 35 43
frame - 608
2
966 518 35 42
1158 472 12 19
frame - 609
2
967 519 36 43
1158 472 13 19
frame - 610
2
969 520 35 42
1159 472 12 19
frame - 611
2
972 521 35 42
1143 460 12 15
frame - 612
3
977 522 33 41
777 496 31 42
183 414 8 9
frame - 613
3
978 523 33 41
777 499 32 41
183 414 9 9
frame - 614
5
978 525 36 40
776 500 35 41
1145 460 11 16
183 414 9 9
183 417 9 9
frame - 615
5
980 525 36 40
776 505 34 39
184 417 8 9
902 465 8 11
184 414 8 10
frame - 616
4
983 527 35 39
773 507 36 39
183 417 9 9
904 464 8 12
frame - 617
4
986 526 34 40
778 504 34 42
787 499 29 42
184 417 8 10
frame - 618
3
986 525 35 43
778 508 34 41
788 498 29 44
frame - 619
5
987 525 36 43
786 501 31 44
183 418 8 9
902 465 8 11
889 444 8 11
frame - 620
7
989 526 35 43
784 502 33 45
183 419 8 9
1152 464 11 14
903 466 8 10
907 466 8 11
1175 476 11 17
frame - 621
7
994 530 34 41
788 504 32 43
183 419 8 9
1176 475 11 17
903 466 8 10
1153 465 12 17
907 466 8 11
frame - 622
6
995 529 34 43
790 503 32 45
182 419 9 9
1175 474 12 17
1153 465 11 17
1175 471 10 16
frame - 623
9
998 531 33 41
791 503 33 45
183 419 8 9
1154 466 11 16
1176 475 10 16
904 466 9 11
1153 463 10 15
913 469 9 12
1175 472 9 15
frame - 624
6
999 529 34 44
788 513 36 44
183 419 8 10
1176 475 11 17
913 470 8 12
904 466 9 11
frame - 625
5
1000 532 34 43
791 512 34 44
183 420 8 9
1176 476 11 17
1156 465 10 16
frame - 626
4
1001 532 35 43
791 515 35 43
1155 463 10 15
183 420 8 9
frame - 627
4
1002 532 35 44
792 515 35 46
183 420 8 9
1155 465 10 16
frame - 628
4
1004 533 35 43
794 514 35 48
1155 465 10 15
183 420 8 10
frame - 629
4
793 521 36 44
1008 535 34 43
183 420 9 10
1157 466 11 15
frame - 630
4
1011 534 34 44
802 511 32 48
183 420 9 10
1157 466 11 16
frame - 631
4
1011 536 36 43
802 513 33 48
183 420 8 10
1157 468 11 15
frame - 632
4
1015 536 34 44
799 520 37 48
183 421 9 9
1157 468 10 14
frame - 633
4
1015 539 35 44
800 522 39 47
183 421 8 9
1157 468 11 15
frame - 634
6
1016 538 36 45
798 523 42 50
183 421 9 9
1158 467 11 16
180 424 9 10
917 465 8 11
frame - 635
6
1017 536 37 47
801 517 43 51
183 421 9 9
917 464 8 11
181 424 8 10
1158 467 11 15
frame - 636
5
1018 537 38 46
802 518 43 51
183 421 9 9
917 465 8 11
181 424 8 10
frame - 637
5
803 519 45 53
1021 538 36 47
184 422 8 9
1158 468 11 16
183 425 9 10
frame - 638
5
1023 540 35 46
808 519 41 54
184 422 8 9
183 425 9 10
1161 468 11 16
frame - 639
4
809 516 43 56
1026 541 33 44
183 425 9 10
184 422 8 9
frame - 640
5
812 520 42 53
1028 541 33 44
183 425 9 10
1162 469 11 15
184 422 9 9
frame - 641
6
812 527 43 51
1029 541 31 45
184 425 8 10
184 422 9 10
920 470 8 10
918 466 7 11
frame - 642
5
814 529 44 52
1032 543 31 44
183 425 9 10
184 423 8 9
920 470 7 11
frame - 643
5
818 527 42 51
1033 541 33 47
184 425 8 10
184 422 8 10
152 425 8 11
frame - 644
4
821 527 42 50
1033 542 35 48
184 426 8 9
184 422 8 10
frame - 645
4
824 528 41 52
1035 546 35 47
184 426 8 10
184 423 8 9
frame - 646
4
826 528 42 52
184 426 8 10
1040 550 31 43
184 423 9 9
frame - 647
4
827 531 44 55
184 426 8 10
185 423 8 9
152 427 8 10
frame - 648
4
828 530 49 54
1043 546 34 47
185 426 8 10
185 423 8 9
frame - 649
4
829 535 48 53
1046 548 33 48
185 426 7 10
1193 486 11 17
frame - 650
4
835 536 45 48
1050 550 31 47
184 427 8 9
1194 487 11 16
frame - 651
3
835 536 46 49
1050 549 35 48
185 427 7 9
frame - 652
3
837 538 46 51
1051 549 35 48
184 427 8 9
frame - 653
5
839 538 47 50
185 427 7 10
1052 550 34 48
1173 473 11 14
1198 488 11 16
frame - 654
5
841 539 48 50
1055 548 35 50
185 427 7 10
1199 489 11 15
1200 491 12 17
frame - 655
5
844 541 46 47
1058 548 35 50
185 428 8 9
1176 475 10 12
1202 488 10 16
frame - 656
3
850 542 42 48
186 428 7 9
1205 491 11 18
frame - 657
3
850 546 44 50
1204 492 12 17
186 428 7 10
frame - 658
5
855 544 42 49
1065 550 33 49
186 428 8 10
1205 492 12 17
1180 473 9 12
frame - 659
3
857 547 44 48
1068 551 31 52
187 428 7 10
frame - 660
4
860 545 42 49
187 429 8 10
1068 554 32 49
1204 493 13 19
frame - 661
2
864 549 41 46
188 429 8 10
frame - 662
3
866 546 41 49
188 429 7 10
1206 489 10 14
frame - 663
3
871 541 38 51
187 430 8 9
1206 490 12 14
frame - 664
4
873 547 40 51
1080 560 32 50
187 430 8 9
1216 496 15 22
frame - 665
2
876 542 42 52
189 430 7 9
frame - 666
3
881 543 42 51
1084 556 32 52
190 431 7 9
frame - 667
2
885 546 42 51
189 431 7 9
frame - 668
3
1085 556 34 53
189 431 7 9
888 545 42 53
frame - 669
3
1089 557 36 54
190 432 7 9
180 433 7 10
frame - 670
5
1092 557 37 53
893 555 45 51
190 432 7 9
186 435 8 10
179 433 8 9
frame - 671
5
1093 559 36 51
894 554 45 50
184 435 7 10
189 432 8 10
178 434 8 10
frame - 672
5
1094 560 38 53
898 554 45 49
183 435 8 10
189 432 8 9
178 435 7 9
frame - 673
3
1096 561 38 53
903 549 44 51
184 436 7 10
frame - 674
4
1102 563 40 52
904 559 46 47
185 435 8 11
180 435 7 9
frame - 675
3
1104 562 40 53
909 548 41 50
185 436 8 10
frame - 676
4
1106 562 40 53
910 548 45 51
185 436 7 10
181 437 8 9
frame - 677
5
1109 562 40 53
915 547 48 53
183 437 8 9
179 437 8 9
925 555 45 52
frame - 678
4
1110 563 42 52
921 552 50 52
181 437 7 10
178 439 7 8
frame - 679
6
924 553 50 51
1111 563 43 51
185 438 7 9
179 440 7 9
203 437 8 9
252 462 10 12
frame - 680
6
1116 564 42 52
929 548 47 51
186 438 9 9
181 442 7 8
252 460 11 13
203 437 8 10
frame - 681
8
1120 564 41 52
928 559 49 48
187 438 9 10
203 438 8 9
253 461 10 12
1231 498 15 20
181 440 8 9
983 498 17 23
frame - 682
5
1122 564 42 52
934 560 49 47
188 439 8 10
181 440 7 9
253 461 10 13
frame - 683
5
1125 565 42 54
934 555 51 51
253 462 10 12
184 439 9 10
182 442 8 9
frame - 684
5
940 551 49 52
1129 566 41 50
253 462 10 12
186 440 8 10
206 439 8 10
frame - 685
5
939 555 52 54
1134 567 41 52
254 463 9 12
185 439 9 10
206 439 8 9
frame - 686
3
1137 568 41 53
941 562 57 51
254 462 10 13
frame - 687
4
1140 568 40 53
948 561 55 51
254 463 9 12
183 441 8 9
frame - 688
4
1141 569 42 53
951 561 54 51
254 462 9 12
185 442 7 9
frame - 689
3
1143 570 41 52
954 568 54 50
184 441 8 10
frame - 690
4
958 561 52 55
1149 569 40 54
184 442 8 10
253 462 9 11
frame - 691
3
962 561 50 54
1153 570 40 54
184 442 8 10
frame - 692
3
1158 571 39 52
965 561 50 53
184 442 8 11
frame - 693
4
1158 572 39 54
965 562 51 52
252 463 9 11
184 443 8 10
frame - 694
3
966 566 49 51
1161 573 41 54
184 443 8 10
frame - 695
3
1172 573 40 54
970 562 48 53
184 444 8 9
frame - 696
3
1173 573 41 55
979 564 49 51
187 445 8 11
frame - 697
3
1173 575 42 57
987 565 47 49
210 449 7 10
frame - 698
4
991 563 47 52
1176 576 40 56
222 446 7 9
189 446 9 10
frame - 699
4
996 566 47 50
1182 573 41 60
222 446 7 10
190 446 8 11
