frame - 0
0
frame - 1
0
frame - 2
0
frame - 3
0
frame - 4
2
1058 457 20 28
1241 479 31 34
frame - 5
1
1062 451 19 27
frame - 6
1
1062 451 20 28
frame - 7
0
frame - 8
0
frame - 9
0
frame - 10
0
frame - 11
0
frame - 12
0
frame - 13
0
frame - 14
0
frame - 15
0
frame - 16
0
frame - 17
0
frame - 18
0
frame - 19
0
frame - 20
0
frame - 21
1
155 439 24 45
frame - 22
1
155 439 23 46
frame - 23
0
frame - 24
1
543 448 14 19
frame - 25
2
544 449 14 18
1131 449 18 35
frame - 26
2
1133 449 18 34
544 449 14 19
frame - 27
3
1133 450 20 34
545 448 15 19
743 440 12 16
frame - 28
1
546 448 14 19
frame - 29
1
546 447 15 20
frame - 30
1
547 448 14 19
frame - 31
1
548 448 13 19
frame - 32
1
548 448 14 19
frame - 33
1
548 449 13 18
frame - 34
1
548 448 14 19
frame - 35
1
548 449 14 18
frame - 36
2
549 449 13 18
1264 480 15 37
frame - 37
2
549 449 14 18
744 441 13 16
frame - 38
3
744 440 13 17
550 449 13 18
1261 477 18 28
frame - 39
0
frame - 40
1
1262 477 17 28
frame - 41
0
frame - 42
0
frame - 43
0
frame - 44
0
frame - 45
1
1242 524 38 55
frame - 46
0
frame - 47
0
frame - 48
0
frame - 49
0
frame - 50
0
frame - 51
0
frame - 52
0
frame - 53
0
frame - 54
0
frame - 55
0
frame - 56
2
1145 456 25 37
1093 452 21 33
frame - 57
2
1145 456 26 37
1094 456 22 30
frame - 58
2
1146 457 25 36
1095 456 21 30
frame - 59
2
1149 456 22 36
1152 450 22 35
frame - 60
1
1093 452 22 33
frame - 61
0
frame - 62
0
frame - 63
0
frame - 64
0
frame - 65
0
frame - 66
1
1098 450 23 35
frame - 67
0
frame - 68
0
frame - 69
0
frame - 70
2
1160 456 26 35
1154 458 23 34
frame - 71
2
1160 458 26 34
1153 459 24 34
frame - 72
2
1197 441 24 27
1160 457 26 34
frame - 73
2
1198 440 25 28
1161 456 26 36
frame - 74
0
frame - 75
0
frame - 76
0
frame - 77
2
1164 456 24 36
425 422 18 27
frame - 78
0
frame - 79
2
424 421 18 28
1105 456 24 35
frame - 80
3
1168 456 22 35
425 423 17 27
1106 457 23 34
frame - 81
5
1107 459 24 34
353 395 22 36
1167 456 24 35
1207 441 24 33
427 422 16 28
frame - 82
2
1107 459 24 34
428 423 15 27
frame - 83
2
1108 459 23 34
428 423 16 27
frame - 84
2
1109 458 22 35
427 423 17 27
frame - 85
1
426 422 18 28
frame - 86
2
1209 441 24 34
427 422 17 28
frame - 87
1
1211 441 24 34
frame - 88
2
1212 441 23 33
1113 455 22 38
frame - 89
1
1214 441 23 33
frame - 90
1
572 450 13 16
frame - 91
1
572 448 14 17
frame - 92
1
573 447 13 18
frame - 93
0
frame - 94
1
573 447 14 18
frame - 95
1
573 447 14 18
frame - 96
1
573 447 14 18
frame - 97
1
574 447 14 18
frame - 98
2
434 434 17 22
575 447 14 18
frame - 99
1
577 446 14 19
frame - 100
2
576 447 15 18
1130 460 17 31
frame - 101
2
1228 445 22 40
577 447 15 19
frame - 102
3
1228 446 23 39
1131 458 17 29
578 447 15 19
frame - 103
2
1132 459 16 28
579 447 15 19
frame - 104
2
1133 458 17 29
579 447 15 19
frame - 105
1
579 447 16 19
frame - 106
2
1139 458 16 28
580 447 15 19
frame - 107
2
1141 458 16 27
580 447 15 19
frame - 108
2
580 447 15 18
1141 458 16 28
frame - 109
1
581 448 14 18
frame - 110
2
1146 458 18 29
581 448 15 18
frame - 111
2
1145 455 18 33
582 448 14 18
frame - 112
2
1212 454 23 38
1145 455 19 35
frame - 113
3
1144 455 20 36
1212 455 24 37
582 449 14 17
frame - 114
3
1216 454 23 36
1145 457 21 30
582 448 15 18
frame - 115
2
1147 457 19 30
1219 454 21 36
frame - 116
3
1147 457 20 30
1220 454 22 38
445 429 19 26
frame - 117
2
1149 457 18 29
1220 456 22 37
frame - 118
3
1150 457 19 29
1216 458 24 35
447 432 17 24
frame - 119
1
1152 457 18 30
frame - 120
2
1152 457 19 29
1216 460 22 33
frame - 121
1
1155 450 18 35
frame - 122
2
1156 450 18 35
1222 457 21 35
frame - 123
2
1158 450 17 35
1221 458 21 34
frame - 124
2
1220 459 22 34
451 430 19 24
frame - 125
4
1221 459 22 34
1159 449 18 36
587 448 14 19
452 430 18 24
frame - 126
4
1160 449 18 36
1222 459 22 34
588 448 14 18
1227 457 24 36
frame - 127
2
1159 449 18 36
588 448 14 19
frame - 128
2
1160 450 18 35
588 448 14 18
frame - 129
1
1160 450 19 35
frame - 130
1
1164 455 18 32
frame - 131
1
1166 450 19 34
frame - 132
2
1166 451 20 33
590 448 14 19
frame - 133
3
1166 451 21 33
1230 459 23 33
591 448 14 19
frame - 134
3
1167 451 21 32
1231 458 23 35
591 449 14 18
frame - 135
2
1168 451 21 32
1235 459 21 33
frame - 136
3
1169 452 22 31
1234 460 23 33
592 448 14 18
frame - 137
1
1171 451 21 33
frame - 138
2
1172 450 22 33
594 448 14 17
frame - 139
1
1172 450 23 34
frame - 140
1
1173 450 22 34
frame - 141
1
1173 451 23 32
frame - 142
0
frame - 143
1
1176 450 23 30
frame - 144
0
frame - 145
1
1181 450 23 33
frame - 146
0
frame - 147
1
1182 450 23 33
frame - 148
1
1183 451 24 32
frame - 149
1
1184 451 23 32
frame - 150
1
466 432 17 18
frame - 151
1
467 432 16 18
frame - 152
0
frame - 153
0
frame - 154
0
frame - 155
0
frame - 156
0
frame - 157
0
frame - 158
0
frame - 159
0
frame - 160
0
frame - 161
0
frame - 162
0
frame - 163
0
frame - 164
1
1207 459 18 27
frame - 165
2
1205 458 21 28
605 452 13 14
frame - 166
2
1208 459 19 28
606 453 13 14
frame - 167
2
1209 460 20 27
606 452 13 15
frame - 168
2
1209 460 21 27
606 451 13 15
frame - 169
2
1212 459 19 28
606 451 14 15
frame - 170
2
1212 460 19 27
606 451 14 15
frame - 171
2
1212 460 20 27
606 451 14 15
frame - 172
2
607 450 13 16
474 435 17 21
frame - 173
1
607 451 14 15
frame - 174
1
607 452 14 15
frame - 175
1
607 452 13 15
frame - 176
5
608 453 13 14
918 440 12 16
1213 457 21 34
282 417 13 21
474 438 17 20
frame - 177
4
608 453 13 14
1213 456 21 36
918 440 12 16
473 438 17 20
frame - 178
4
608 453 13 14
1216 458 21 29
473 440 17 19
919 439 11 17
frame - 179
3
1216 457 23 30
474 438 17 20
610 453 13 15
frame - 180
3
1221 458 22 29
609 452 14 16
475 438 17 20
frame - 181
2
1220 458 22 29
609 453 14 15
frame - 182
2
1224 458 21 29
610 452 14 15
frame - 183
1
611 453 14 15
frame - 184
2
1224 459 22 28
611 453 14 15
frame - 185
2
1225 457 24 35
612 455 14 14
frame - 186
1
1226 458 23 34
frame - 187
1
1228 458 22 34
frame - 188
1
1228 458 22 34
frame - 189
2
1229 459 23 33
613 453 14 16
frame - 190
2
1229 459 24 34
928 440 11 17
frame - 191
1
928 440 11 18
frame - 192
1
928 440 12 18
frame - 193
1
927 441 13 17
frame - 194
1
928 440 12 17
frame - 195
1
929 440 12 17
frame - 196
1
929 441 12 17
frame - 197
0
frame - 198
0
frame - 199
2
1237 466 24 29
931 441 12 17
frame - 200
1
1237 465 25 31
frame - 201
1
1238 465 26 31
frame - 202
2
1238 463 27 38
932 440 13 19
frame - 203
1
933 440 13 19
frame - 204
1
474 439 16 21
frame - 205
1
474 439 16 21
frame - 206
2
474 439 16 21
935 440 12 19
frame - 207
1
474 438 17 22
frame - 208
2
474 438 17 22
934 440 12 18
frame - 209
3
474 438 17 21
934 440 12 18
103 395 11 16
frame - 210
1
474 437 17 22
frame - 211
2
474 438 17 21
100 395 11 16
frame - 212
1
474 437 17 22
frame - 213
1
474 438 17 21
frame - 214
1
474 437 18 21
frame - 215
1
474 437 18 22
frame - 216
1
474 438 18 21
frame - 217
2
474 438 18 21
900 424 13 18
frame - 218
1
474 438 18 21
frame - 219
2
474 439 18 20
900 424 12 18
frame - 220
1
475 439 16 20
frame - 221
1
474 437 18 22
frame - 222
2
474 438 18 21
901 423 12 19
frame - 223
2
475 438 16 21
900 423 13 19
frame - 224
2
900 424 13 18
475 438 17 21
frame - 225
1
475 438 17 21
frame - 226
1
475 439 17 20
frame - 227
1
900 424 12 18
frame - 228
1
475 439 16 20
frame - 229
2
900 424 13 18
476 438 16 21
frame - 230
2
476 439 17 20
900 425 13 17
frame - 231
2
476 439 17 20
901 425 13 17
frame - 232
2
900 423 13 18
476 439 17 20
frame - 233
2
901 423 14 18
477 439 17 20
frame - 234
2
478 439 17 20
903 424 12 18
frame - 235
2
479 439 16 20
903 424 12 18
frame - 236
2
478 438 18 21
903 423 13 18
frame - 237
1
479 438 17 21
frame - 238
1
480 438 17 21
frame - 239
1
480 438 17 21
frame - 240
3
480 438 17 21
962 441 13 17
901 424 14 18
frame - 241
1
480 437 18 22
frame - 242
1
480 436 19 23
frame - 243
1
481 438 18 21
frame - 244
1
481 442 17 21
frame - 245
1
481 439 17 21
frame - 246
1
482 437 18 22
frame - 247
1
482 437 19 22
frame - 248
1
483 437 18 22
frame - 249
1
483 438 18 21
frame - 250
0
frame - 251
0
frame - 252
0
frame - 253
0
frame - 254
0
frame - 255
1
654 458 13 16
frame - 256
1
654 458 14 16
frame - 257
1
654 458 14 16
frame - 258
1
654 458 15 17
frame - 259
1
655 458 14 17
frame - 260
1
655 458 14 17
frame - 261
1
656 459 14 16
frame - 262
2
656 459 15 16
489 445 18 21
frame - 263
2
490 443 19 23
656 459 15 17
frame - 264
2
657 459 14 17
490 442 19 24
frame - 265
2
490 443 19 23
657 459 14 17
frame - 266
2
490 444 18 22
657 460 15 16
frame - 267
2
492 444 19 23
658 460 14 16
frame - 268
2
493 443 19 24
658 460 14 16
frame - 269
2
494 442 19 24
659 459 14 17
frame - 270
2
495 443 19 24
660 459 15 18
frame - 271
2
496 442 19 25
661 459 15 17
frame - 272
2
496 443 19 24
661 458 15 18
frame - 273
1
662 459 15 17
frame - 274
0
frame - 275
1
496 438 21 29
frame - 276
1
497 438 21 28
frame - 277
1
497 437 22 30
frame - 278
1
498 437 23 30
frame - 279
1
498 436 23 31
frame - 280
1
499 436 22 30
frame - 281
2
501 439 22 28
667 458 14 19
frame - 282
2
501 439 21 28
667 460 14 17
frame - 283
1
502 440 21 27
frame - 284
2
504 441 21 26
667 460 14 18
frame - 285
1
506 441 21 27
frame - 286
1
507 441 20 27
frame - 287
1
509 443 20 26
frame - 288
0
frame - 289
0
frame - 290
0
frame - 291
0
frame - 292
0
frame - 293
1
922 423 16 19
frame - 294
2
671 465 15 17
922 423 17 19
frame - 295
2
672 466 14 16
922 423 16 19
frame - 296
1
923 423 16 18
frame - 297
1
923 423 16 18
frame - 298
1
923 423 17 18
frame - 299
2
923 423 16 17
675 462 14 18
frame - 300
1
924 423 15 17
frame - 301
1
924 422 16 18
frame - 302
1
925 422 15 19
frame - 303
1
924 423 17 18
frame - 304
1
925 423 16 18
frame - 305
2
925 422 15 18
675 460 15 20
frame - 306
2
926 422 16 18
675 461 15 19
frame - 307
1
927 422 15 19
frame - 308
1
927 422 15 19
frame - 309
2
928 423 15 18
677 463 14 19
frame - 310
1
677 463 15 19
frame - 311
1
677 463 15 19
frame - 312
1
676 463 16 20
frame - 313
1
677 463 15 20
frame - 314
1
677 463 15 20
frame - 315
2
677 462 16 21
533 441 20 26
frame - 316
2
533 442 20 25
677 462 16 20
frame - 317
2
534 441 20 27
677 463 16 20
frame - 318
2
535 441 19 27
677 463 16 20
frame - 319
0
frame - 320
0
frame - 321
1
534 443 19 25
frame - 322
0
frame - 323
0
frame - 324
0
frame - 325
0
frame - 326
1
679 464 16 20
frame - 327
1
679 464 16 20
frame - 328
1
678 464 17 21
frame - 329
1
678 463 16 21
frame - 330
1
679 463 17 21
frame - 331
1
679 463 18 21
frame - 332
1
679 463 17 21
frame - 333
1
680 464 16 21
frame - 334
1
680 464 17 20
frame - 335
1
547 444 20 29
frame - 336
2
680 464 17 21
547 443 21 30
frame - 337
1
549 442 21 28
frame - 338
2
549 442 21 28
682 465 17 20
frame - 339
2
547 443 21 30
682 465 17 20
frame - 340
1
547 443 21 30
frame - 341
1
547 442 21 31
frame - 342
1
548 442 21 31
frame - 343
2
548 442 21 31
683 466 17 20
frame - 344
2
548 442 21 31
684 466 17 19
frame - 345
2
548 442 21 31
685 465 17 20
frame - 346
3
548 442 22 31
1014 441 11 14
685 465 17 20
frame - 347
3
549 442 21 31
1018 440 11 15
685 466 18 20
frame - 348
3
549 442 21 31
685 466 18 20
1017 441 11 14
frame - 349
2
548 442 22 31
686 466 18 21
frame - 350
2
549 441 22 32
686 466 18 20
frame - 351
2
686 466 18 20
549 441 22 32
frame - 352
2
687 465 18 21
550 442 21 31
frame - 353
2
550 442 21 32
688 465 19 21
frame - 354
2
550 442 21 32
688 465 19 21
frame - 355
1
690 464 18 21
frame - 356
2
690 464 19 21
1020 441 11 15
frame - 357
2
578 436 17 23
690 464 19 21
frame - 358
1
690 465 18 21
frame - 359
1
690 465 19 21
frame - 360
2
555 444 21 30
461 408 18 24
frame - 361
3
555 444 21 30
25 383 11 16
579 434 16 24
frame - 362
3
555 444 21 30
25 383 11 16
579 434 16 24
frame - 363
3
555 444 21 30
693 464 20 22
579 434 16 24
frame - 364
2
555 444 21 30
693 464 20 23
frame - 365
3
555 443 22 31
579 434 16 23
693 464 20 23
frame - 366
1
556 444 21 30
frame - 367
1
556 445 21 29
frame - 368
2
556 444 21 30
695 465 19 21
frame - 369
2
557 445 21 30
1018 441 12 15
frame - 370
1
557 446 21 30
frame - 371
1
558 446 20 29
frame - 372
2
697 464 20 23
557 446 21 29
frame - 373
0
frame - 374
1
698 463 21 25
frame - 375
1
698 464 22 24
frame - 376
1
699 467 21 24
frame - 377
2
1036 442 13 16
700 469 20 22
frame - 378
1
700 469 21 22
frame - 379
1
701 468 21 23
frame - 380
2
559 446 22 29
1016 444 11 16
frame - 381
0
frame - 382
2
704 467 20 21
1015 444 12 16
frame - 383
2
704 468 20 23
1015 444 11 16
frame - 384
1
1016 444 11 16
frame - 385
1
1014 445 12 16
frame - 386
3
1015 445 12 16
708 468 20 24
1039 442 11 15
frame - 387
3
1039 441 11 16
708 469 20 23
959 430 14 18
frame - 388
4
1039 442 11 15
709 469 20 23
959 429 14 19
1018 445 11 16
frame - 389
3
1041 442 10 15
709 470 20 23
959 429 14 19
frame - 390
3
1043 443 11 14
710 471 21 23
561 445 23 30
frame - 391
3
711 471 21 24
1043 443 11 14
561 444 24 32
frame - 392
2
712 470 20 24
561 446 25 34
frame - 393
3
1039 443 12 15
713 471 21 24
561 443 24 33
frame - 394
2
560 443 26 33
715 471 20 24
frame - 395
3
561 442 25 34
716 471 20 24
1038 444 11 14
frame - 396
2
561 443 25 33
717 473 19 23
frame - 397
2
562 443 25 33
716 473 20 24
frame - 398
2
562 442 25 34
718 472 20 24
frame - 399
2
562 443 25 33
719 472 20 24
frame - 400
2
562 444 25 32
720 471 19 25
frame - 401
1
563 445 24 32
frame - 402
2
563 444 24 33
724 471 21 26
frame - 403
2
567 443 25 33
724 471 22 26
frame - 404
1
567 443 25 33
frame - 405
1
567 443 25 33
frame - 406
1
567 444 25 32
frame - 407
2
568 443 25 33
1033 449 10 16
frame - 408
2
568 442 26 34
1033 448 12 16
frame - 409
3
569 441 26 35
1031 447 11 18
474 406 18 23
frame - 410
3
569 441 26 35
1031 447 12 17
1028 448 13 17
frame - 411
3
569 441 26 35
1031 447 12 17
1028 448 13 17
frame - 412
2
569 441 26 36
1031 446 11 19
frame - 413
2
1031 446 11 19
570 443 25 34
frame - 414
1
1031 446 11 19
frame - 415
1
1032 445 11 19
frame - 416
1
1032 445 12 19
frame - 417
1
1032 445 12 19
frame - 418
1
1032 446 12 18
frame - 419
2
1032 446 12 18
572 444 25 33
frame - 420
2
1034 446 12 18
572 443 26 34
frame - 421
2
1034 447 12 17
573 444 26 33
frame - 422
2
1035 448 11 17
574 446 24 31
frame - 423
2
1036 448 11 17
574 444 25 33
frame - 424
2
1037 448 11 17
575 445 25 32
frame - 425
2
1038 448 11 17
576 445 25 32
frame - 426
2
1040 448 11 16
576 444 26 33
frame - 427
1
1040 447 12 17
frame - 428
2
1041 448 12 16
578 449 25 33
frame - 429
2
1040 448 12 17
579 449 24 33
frame - 430
2
1041 448 11 17
578 447 25 35
frame - 431
3
1041 449 11 16
526 414 18 23
579 448 24 34
frame - 432
2
1043 449 12 17
526 415 18 22
frame - 433
1
1045 449 11 16
frame - 434
1
1046 448 12 18
frame - 435
1
1047 447 11 19
frame - 436
2
1047 447 12 18
530 416 17 22
frame - 437
2
1048 446 13 19
530 416 17 22
frame - 438
2
1049 446 13 18
531 416 17 22
frame - 439
1
1049 446 13 18
frame - 440
1
1048 446 12 18
frame - 441
1
1048 447 12 17
frame - 442
1
1048 448 13 17
frame - 443
1
1048 447 13 17
frame - 444
1
1051 446 12 18
frame - 445
1
1052 446 12 18
frame - 446
1
1051 446 13 18
frame - 447
2
1051 445 12 18
597 440 28 38
frame - 448
5
1051 444 12 19
597 440 28 37
773 475 22 25
993 430 15 19
534 416 17 23
frame - 449
3
597 440 30 38
1054 445 12 18
535 416 16 22
frame - 450
3
601 441 27 36
1054 448 12 18
535 416 17 22
frame - 451
5
1055 449 11 16
601 443 27 39
536 416 17 22
775 470 23 28
1053 449 11 17
frame - 452
4
1056 449 11 17
602 446 27 36
536 416 17 23
775 471 24 29
frame - 453
3
1057 449 11 16
603 446 27 36
776 469 24 29
frame - 454
3
1058 449 10 16
605 446 25 36
777 468 24 30
frame - 455
3
606 447 25 36
1059 448 11 17
778 471 23 29
frame - 456
3
1060 448 11 17
607 446 26 36
541 418 16 21
frame - 457
3
608 449 25 35
1063 447 11 18
541 418 17 21
frame - 458
5
608 449 26 35
1063 447 10 19
781 470 23 30
296 414 13 16
541 418 17 21
frame - 459
3
1064 447 10 18
609 450 25 35
542 418 17 22
frame - 460
4
1064 447 11 18
611 453 24 33
783 470 23 31
543 418 17 22
frame - 461
3
1064 448 12 18
784 470 23 31
612 455 23 31
frame - 462
1
1064 449 11 17
frame - 463
1
1064 449 12 18
frame - 464
2
1067 447 12 19
787 474 23 28
frame - 465
2
1066 449 12 18
787 475 24 27
frame - 466
1
1067 449 11 18
frame - 467
3
1068 449 11 19
788 475 24 27
494 405 16 19
frame - 468
1
1067 450 11 18
frame - 469
1
1068 450 11 18
frame - 470
2
1067 450 11 18
495 405 15 20
frame - 471
1
1068 449 11 19
frame - 472
2
1065 451 12 18
495 405 16 20
frame - 473
2
1066 450 11 18
495 404 16 21
frame - 474
2
1065 451 11 18
790 477 27 29
frame - 475
3
792 479 26 30
1065 451 11 17
633 462 26 31
frame - 476
3
792 478 26 32
1062 452 11 16
1065 453 11 18
frame - 477
3
793 479 25 30
1064 451 11 17
1066 453 11 18
frame - 478
4
793 480 27 30
1063 451 11 17
1066 453 10 17
636 461 26 33
frame - 479
4
1068 454 10 18
1065 451 10 18
638 459 27 34
794 479 28 30
frame - 480
5
794 479 29 31
1070 455 10 18
638 459 28 35
1066 452 10 17
597 432 16 24
frame - 481
5
795 479 29 32
1071 455 10 17
638 460 29 35
1067 452 11 17
597 432 16 24
frame - 482
6
795 480 29 31
1074 455 10 18
1072 452 10 17
828 440 23 33
640 467 29 30
597 432 17 24
frame - 483
4
796 481 29 30
1075 454 11 18
1074 451 10 18
827 440 24 33
frame - 484
4
1075 455 11 18
796 481 29 30
644 465 29 34
1074 452 11 17
frame - 485
3
1076 455 12 18
797 481 29 30
644 464 31 35
frame - 486
3
1077 454 12 19
645 465 31 35
798 483 28 29
frame - 487
4
1078 454 11 19
646 465 31 35
828 437 21 30
800 483 26 29
frame - 488
4
1078 455 11 18
648 465 30 35
800 485 27 28
1076 452 11 18
frame - 489
4
1078 455 12 18
648 467 31 34
800 485 27 29
828 438 21 29
frame - 490
3
1078 455 12 18
648 469 31 33
801 486 27 29
frame - 491
3
1078 454 12 20
649 466 32 35
801 486 27 29
frame - 492
4
1079 454 11 19
651 466 31 35
802 487 26 28
1076 452 11 18
frame - 493
2
1078 454 11 19
803 487 26 28
frame - 494
2
1078 453 11 20
805 488 26 31
frame - 495
2
805 487 26 32
1080 453 11 20
frame - 496
3
1081 452 10 21
805 487 26 32
1079 451 11 19
frame - 497
2
805 488 27 31
1080 452 12 21
frame - 498
4
806 488 26 31
1080 452 12 22
659 458 33 40
1083 452 13 22
frame - 499
4
806 488 26 31
660 457 33 41
1079 452 13 21
1082 451 14 23
frame - 500
4
660 456 34 41
806 487 26 32
1079 451 13 22
1082 451 14 23
frame - 501
4
662 458 32 41
807 488 26 31
1083 451 13 22
1079 451 13 22
frame - 502
3
807 488 26 31
1080 451 12 21
1083 451 13 21
frame - 503
2
1081 451 11 21
1084 451 12 21
frame - 504
1
1085 452 12 21
frame - 505
1
1086 452 12 21
frame - 506
1
1085 451 13 21
frame - 507
1
1086 452 12 21
frame - 508
2
1087 452 12 21
1078 452 11 20
frame - 509
2
1087 453 13 21
814 488 27 32
frame - 510
2
1087 452 13 21
1025 437 14 20
frame - 511
3
815 487 27 33
1087 453 14 20
1026 439 15 19
frame - 512
3
816 486 27 34
1087 453 14 20
1027 439 15 20
frame - 513
3
1088 452 15 21
817 486 27 33
1027 439 15 20
frame - 514
2
1088 451 16 22
818 487 26 33
frame - 515
2
1089 452 14 21
818 488 27 31
frame - 516
3
679 457 29 45
1089 452 14 21
818 486 27 34
frame - 517
1
1090 452 14 21
frame - 518
2
1090 452 14 21
822 486 26 33
frame - 519
3
679 455 33 46
1091 452 14 22
822 485 26 34
frame - 520
3
1091 453 14 20
1033 439 14 18
680 456 32 46
frame - 521
2
1091 453 14 21
1035 440 14 18
frame - 522
2
1034 440 14 17
1092 453 13 21
frame - 523
2
1093 453 13 20
1035 439 14 19
frame - 524
2
1035 440 15 19
1092 454 13 18
frame - 525
2
1093 454 12 18
1035 439 14 19
frame - 526
3
1035 440 14 18
1092 453 13 19
832 487 24 32
frame - 527
2
1035 441 14 17
1092 454 13 18
frame - 528
1
1037 440 14 18
frame - 529
3
1037 438 14 19
1101 453 14 20
1094 453 13 20
frame - 530
3
1038 439 14 18
1095 454 13 19
1101 453 14 20
frame - 531
4
688 461 35 44
1037 440 15 18
835 487 26 33
1100 454 15 20
frame - 532
5
689 461 35 45
1038 439 14 19
837 488 27 33
1101 454 14 19
1094 454 13 20
frame - 533
4
690 463 35 43
1038 439 14 19
1104 457 13 18
40 390 12 14
frame - 534
6
1038 440 14 19
690 464 35 43
1103 458 14 18
840 488 26 33
69 390 11 13
40 390 12 15
frame - 535
6
1039 440 13 18
1104 458 13 18
840 487 28 34
691 465 35 42
69 389 11 14
41 390 11 15
frame - 536
4
1040 439 14 19
1104 458 14 18
692 465 35 43
41 390 12 15
frame - 537
4
1040 441 15 18
1105 458 13 18
694 466 34 43
42 390 11 15
frame - 538
6
1041 440 14 18
694 466 35 44
1104 457 13 19
844 488 27 33
42 391 12 14
69 390 11 14
frame - 539
5
1042 440 14 19
1104 458 13 18
845 491 28 35
42 391 12 14
69 390 11 14
frame - 540
4
700 469 33 43
847 490 29 36
1105 457 14 19
1043 441 13 18
frame - 541
5
701 470 33 42
848 491 28 36
1042 440 13 19
1105 456 13 18
44 391 12 14
frame - 542
3
848 491 29 36
1041 440 14 19
1105 456 14 19
frame - 543
2
1044 444 13 19
852 493 27 35
frame - 544
3
851 493 29 35
705 472 33 41
1045 441 14 19
frame - 545
3
854 492 28 36
1046 441 15 18
704 474 34 41
frame - 546
3
855 492 28 36
1048 441 14 19
706 482 32 36
frame - 547
3
856 492 28 38
706 481 33 36
1048 442 15 18
frame - 548
3
857 493 29 38
707 479 33 38
1049 441 15 18
frame - 549
3
708 477 33 40
858 494 29 36
1050 441 14 19
frame - 550
3
860 494 29 39
709 478 33 41
1051 443 15 19
frame - 551
2
863 496 28 38
1051 444 14 19
frame - 552
2
864 497 28 39
1051 443 15 20
frame - 553
2
865 498 28 38
1052 445 14 19
frame - 554
3
1055 445 14 19
867 499 29 37
1119 462 12 22
frame - 555
3
868 498 29 38
1056 445 15 19
1119 463 12 21
frame - 556
3
869 499 29 37
1120 464 12 20
1058 446 14 19
frame - 557
3
871 500 29 36
1122 464 11 19
1058 447 16 19
frame - 558
4
873 501 28 35
1122 464 12 19
1059 448 15 18
716 484 33 38
frame - 559
4
875 501 28 36
1122 464 11 19
1058 447 14 19
714 490 35 36
frame - 560
4
877 503 28 35
1122 464 11 18
714 492 35 36
1059 448 14 17
frame - 561
4
879 502 28 36
1123 464 12 18
1060 447 14 19
714 489 37 38
frame - 562
4
879 501 30 39
715 486 39 42
1061 449 15 18
1124 464 12 18
frame - 563
4
1123 465 13 17
882 502 30 38
1061 450 15 17
715 486 38 42
frame - 564
4
1124 465 13 18
882 503 30 35
716 486 39 43
1062 449 16 19
frame - 565
4
883 504 30 34
1125 465 13 18
1061 448 17 19
720 483 38 46
frame - 566
4
885 504 31 35
1062 448 16 19
1125 465 13 18
720 503 36 30
frame - 567
3
886 505 32 35
1063 448 15 19
1126 464 12 19
frame - 568
3
887 506 33 34
1063 447 15 19
1124 464 12 17
frame - 569
3
1064 450 16 18
1127 466 12 17
889 507 33 34
frame - 570
3
892 508 31 36
1065 449 15 19
1125 464 12 18
frame - 571
4
893 508 31 36
1066 449 15 18
1121 464 13 18
723 497 38 35
frame - 572
3
894 508 32 37
1067 449 15 19
1124 464 12 19
frame - 573
3
1127 464 13 20
1067 448 15 20
898 509 30 36
frame - 574
4
899 507 31 37
1127 464 13 20
1067 448 15 20
726 502 36 32
frame - 575
3
901 508 30 36
1130 465 14 20
1068 448 15 20
frame - 576
3
902 509 30 37
1130 465 14 20
1070 448 15 20
frame - 577
3
905 511 29 35
1130 464 14 21
1070 448 16 20
frame - 578
4
908 511 29 35
1132 465 13 20
1072 448 16 20
729 493 38 38
frame - 579
4
908 511 31 36
1130 465 13 20
1073 448 15 20
740 480 32 45
frame - 580
5
908 511 32 37
1134 465 13 21
1073 448 16 20
729 496 39 36
736 487 35 40
frame - 581
4
741 480 33 44
910 511 31 37
1136 465 12 20
1074 448 15 20
frame - 582
5
912 510 33 38
1136 466 12 19
743 483 32 41
1075 448 15 20
729 504 40 30
frame - 583
4
914 511 32 38
730 504 40 30
1130 465 12 19
1075 448 15 19
frame - 584
5
915 511 34 38
741 485 35 40
1128 466 12 18
731 504 39 29
1075 448 15 20
frame - 585
4
743 480 35 44
920 513 32 38
1129 465 12 18
1075 448 15 20
frame - 586
5
920 514 33 37
743 483 35 43
1131 465 12 18
1075 448 16 20
740 495 36 36
frame - 587
3
747 477 34 48
923 513 32 37
1133 465 13 18
frame - 588
3
923 511 34 41
743 483 36 44
740 494 37 37
frame - 589
3
924 510 35 42
746 484 34 41
1076 448 15 20
frame - 590
3
927 510 35 43
1134 465 13 18
744 486 36 40
frame - 591
1
930 510 34 43
frame - 592
2
932 510 34 43
752 477 35 46
frame - 593
2
934 511 34 42
755 478 34 46
frame - 594
4
936 511 33 42
1083 448 16 21
754 478 36 46
1149 469 12 17
frame - 595
2
940 511 31 43
1149 468 13 19
frame - 596
2
941 511 32 43
1150 469 14 20
frame - 597
2
942 511 34 43
1151 470 13 20
frame - 598
2
944 511 34 43
1150 469 15 21
frame - 599
3
945 511 34 44
1150 470 16 21
1084 448 17 22
frame - 600
2
948 513 33 41
1152 471 14 21
frame - 601
1
951 513 34 40
frame - 602
2
954 515 33 39
852 480 15 24
frame - 603
3
956 514 32 40
853 480 15 24
1154 473 14 18
frame - 604
3
957 513 33 41
1154 474 14 18
853 480 14 24
frame - 605
2
960 514 34 41
1155 473 15 18
frame - 606
2
963 516 32 39
1156 473 14 18
frame - 607
2
964 516 32 39
1156 472 15 19
frame - 608
2
967 516 31 40
1156 472 16 19
frame - 609
2
969 515 32 41
1155 473 16 19
frame - 610
2
970 515 33 42
1154 472 17 21
frame - 611
1
972 519 34 38
frame - 612
1
974 518 33 40
frame - 613
1
977 517 33 43
frame - 614
2
979 518 34 43
1165 473 15 22
frame - 615
2
980 518 34 42
1164 473 17 22
frame - 616
3
981 518 34 43
1165 473 16 22
784 494 34 46
frame - 617
4
985 519 33 42
907 559 31 34
776 518 39 34
1167 475 15 20
frame - 618
3
985 520 34 42
788 494 33 46
1166 476 16 19
frame - 619
3
987 521 33 41
789 495 33 45
778 517 40 37
frame - 620
3
989 520 33 45
790 495 34 46
1168 476 15 20
frame - 621
1
990 520 36 45
frame - 622
1
993 520 35 47
frame - 623
2
994 522 35 48
789 496 40 49
frame - 624
1
995 523 36 47
frame - 625
1
996 524 36 47
frame - 626
1
1002 530 32 42
frame - 627
2
1003 529 33 44
796 500 39 52
frame - 628
3
1004 527 35 46
798 502 38 53
1197 480 15 21
frame - 629
3
798 500 40 55
1006 528 34 46
1178 480 17 21
frame - 630
3
1010 528 33 44
801 501 39 54
1178 480 18 22
frame - 631
4
1012 531 32 44
799 505 42 50
1197 480 16 22
1179 480 17 22
frame - 632
4
1013 530 33 44
1179 481 18 22
1199 480 17 22
800 506 42 52
frame - 633
4
1014 533 34 44
805 507 39 53
1179 481 18 22
1199 480 16 23
frame - 634
4
809 508 38 52
1015 535 35 44
1180 481 17 22
1198 481 15 21
frame - 635
3
810 510 39 51
1017 536 34 43
1180 481 17 23
frame - 636
3
1019 535 34 45
813 510 37 52
1181 482 18 23
frame - 637
3
818 511 34 52
1021 534 34 47
1183 484 16 20
frame - 638
3
818 510 36 55
1022 535 36 46
1183 483 17 21
frame - 639
3
815 510 40 56
1025 535 34 45
1182 483 19 21
frame - 640
3
1026 534 35 48
820 512 38 53
1184 484 18 21
frame - 641
3
1027 534 35 48
823 514 36 52
1184 484 18 20
frame - 642
3
826 516 35 52
1033 542 31 41
1186 485 17 20
frame - 643
3
1033 541 33 46
828 515 34 54
1186 485 18 20
frame - 644
3
1032 538 35 49
828 516 37 55
1186 486 17 21
frame - 645
3
1035 540 35 49
829 517 38 56
900 490 29 51
frame - 646
3
1037 541 35 49
831 516 40 56
1198 487 15 19
frame - 647
3
1040 543 34 46
832 517 42 55
1196 487 15 20
frame - 648
4
1041 542 36 48
832 515 46 55
1195 489 15 19
829 534 44 45
frame - 649
3
1042 541 37 50
839 517 44 57
1195 490 15 19
frame - 650
4
1044 543 37 48
841 520 46 57
1194 489 15 20
87 424 10 12
frame - 651
5
1047 544 37 50
844 520 45 59
1195 490 15 19
86 424 11 13
1197 488 15 17
frame - 652
4
1049 545 37 50
844 521 47 58
1196 490 15 19
87 424 10 13
frame - 653
4
1050 546 36 49
848 522 44 59
1198 491 13 18
86 425 11 13
frame - 654
5
846 521 47 61
1055 545 34 51
1197 491 15 20
87 425 10 13
663 452 16 19
frame - 655
4
1058 546 34 50
850 524 45 61
1199 492 13 19
88 425 10 13
frame - 656
5
1058 551 37 46
854 527 42 57
1198 492 14 18
88 425 10 13
665 454 17 21
frame - 657
5
1062 555 34 43
856 530 45 59
1200 492 13 18
1129 474 14 20
88 425 11 13
frame - 658
4
1062 553 36 47
857 526 47 60
1200 492 14 19
89 426 11 13
frame - 659
4
861 525 46 62
1065 554 35 47
1204 491 15 21
89 426 11 13
frame - 660
6
1067 555 35 46
868 525 43 61
1203 491 17 22
951 486 29 34
90 426 10 13
1132 474 15 20
frame - 661
5
868 530 45 63
1070 558 33 43
1205 491 15 21
90 425 10 13
955 489 26 30
frame - 662
4
1070 553 35 51
872 526 45 66
1204 491 16 21
91 426 10 13
frame - 663
4
875 526 47 64
1072 553 36 49
92 427 10 13
1210 492 14 20
frame - 664
5
1075 554 37 50
879 528 45 63
1212 492 15 21
91 427 11 13
956 490 26 30
frame - 665
4
884 529 44 61
1076 555 38 47
1212 493 15 20
90 427 10 13
frame - 666
3
1081 556 35 46
888 527 45 63
1211 494 15 19
frame - 667
2
1082 560 35 45
891 531 44 58
frame - 668
3
892 528 46 61
1084 556 38 49
1214 495 17 22
frame - 669
3
1087 556 39 47
893 532 49 55
91 427 10 13
frame - 670
4
1091 559 36 44
896 537 49 53
90 427 10 12
1215 495 16 22
frame - 671
4
1092 558 39 47
900 532 48 59
91 426 10 13
1212 496 17 21
frame - 672
4
1094 559 38 48
904 533 47 61
1216 496 19 23
89 426 10 13
frame - 673
4
1096 563 38 44
908 531 45 61
1216 497 19 22
89 426 10 13
frame - 674
4
912 526 46 63
1100 562 38 47
1216 497 19 22
90 426 9 13
frame - 675
4
1102 560 39 50
918 531 45 56
1220 496 19 23
91 426 9 13
frame - 676
4
1104 558 41 52
922 528 43 58
1219 498 20 22
91 426 9 13
frame - 677
4
1107 559 41 52
923 535 45 57
93 427 10 13
1218 499 19 19
frame - 678
3
1112 561 39 52
923 531 50 61
1224 500 17 19
frame - 679
3
928 532 50 59
1113 561 40 51
1227 499 18 20
frame - 680
3
932 528 51 64
1115 560 42 54
1228 499 19 21
frame - 681
3
933 529 54 67
1118 561 43 54
1229 499 18 21
frame - 682
2
1119 561 45 55
937 530 53 66
frame - 683
3
940 533 54 64
1123 562 44 56
1226 498 17 21
frame - 684
3
945 532 52 64
1127 563 42 51
1226 499 18 20
frame - 685
2
953 535 47 65
1130 564 42 55
frame - 686
2
954 535 51 64
1132 561 44 59
frame - 687
2
954 536 54 64
1136 564 43 54
frame - 688
2
1139 564 43 54
955 537 55 64
frame - 689
2
959 536 55 65
1143 564 41 55
frame - 690
2
1146 562 43 58
963 546 53 58
frame - 691
2
1148 562 44 59
966 543 53 61
frame - 692
2
1152 563 44 60
969 543 53 61
frame - 693
2
1154 563 45 61
971 543 54 64
frame - 694
2
1159 563 44 64
971 554 54 59
frame - 695
2
978 551 56 60
1162 564 44 66
frame - 696
2
1166 568 43 63
985 552 50 58
frame - 697
2
1168 569 43 61
988 556 50 54
frame - 698
2
1172 569 44 62
991 539 55 70
frame - 699
3
995 548 53 63
1178 571 43 59
991 565 52 53
