0 0.517388 0.588186 0.0123273 0.0284273
0 0.809575 0.663959 0.00776482 0.0167699
0 0.392222 0.561016 0.00902772 0.019528
0 0.445725 0.604335 0.0117576 0.0296743
0 0.6081 0.638358 0.00898962 0.0216917
0 0.641382 0.632353 0.0102113 0.0224915
0 0.377788 0.595766 0.0123516 0.0266074
0 0.411079 0.604207 0.0148464 0.0338742
0 0.349751 0.579439 0.0141418 0.0325002
0 0.213872 0.482721 0.021796 0.0481947
0 0.0788927 0.439278 0.0220214 0.0484678
0 0.283711 0.456192 0.0232994 0.0524143
0 0.155176 0.473651 0.0198833 0.0457055
0 0.0195301 0.406289 0.0265436 0.062775
