0 0.402907 0.562669 0.00890589 0.0193987
0 0.392213 0.560938 0.00952668 0.0206657
0 0.809199 0.665746 0.00805836 0.0172982
0 0.443895 0.597288 0.0118615 0.0264201
0 0.516161 0.593941 0.0126292 0.0284705
0 0.374653 0.59106 0.012047 0.0253984
0 0.607295 0.639714 0.0111809 0.0239626
0 0.64191 0.631736 0.0102116 0.0224782
0 0.400927 0.593463 0.0135941 0.0323547
0 0.344437 0.570993 0.0140824 0.0317897
0 0.00572267 0.403387 0.0119132 0.0640979
0 0.0698833 0.447 0.0208974 0.0458471
0 0.144282 0.453326 0.0211303 0.0471137
0 0.205578 0.46012 0.0222445 0.0485874
0 0.282763 0.438942 0.0235937 0.0539808
