0 0.496542 0.574577 0.0107955 0.032122
0 0.809731 0.665885 0.00798607 0.0169796
0 0.515911 0.592869 0.0124626 0.0283483
0 0.444405 0.597384 0.0123574 0.0274731
0 0.641866 0.632556 0.0102839 0.0223502
0 0.607055 0.638354 0.0106388 0.0232045
0 0.375519 0.591989 0.012525 0.0265218
0 0.40328 0.595774 0.0141247 0.0327774
0 0.345244 0.572192 0.014743 0.0335853
0 0.146508 0.455317 0.0201478 0.046669
0 0.0711986 0.44634 0.0221158 0.0466955
0 0.00827905 0.405076 0.0165581 0.0651026
0 0.207374 0.46329 0.0215462 0.0492188
0 0.283309 0.440678 0.0233704 0.0523263
