0 0.809306 0.664422 0.0077795 0.0170022
0 0.491373 0.568605 0.0106843 0.0316772
0 0.518074 0.589774 0.012354 0.0294783
0 0.607626 0.638497 0.00942659 0.0224443
0 0.444626 0.601171 0.0117533 0.0272352
0 0.640976 0.632553 0.0103462 0.0227576
0 0.376488 0.593723 0.0129287 0.0279324
0 0.408332 0.602158 0.0134856 0.0325356
0 0.34802 0.57775 0.0151813 0.0348312
0 0.212833 0.476881 0.0213263 0.0462657
0 0.0763514 0.441458 0.0213572 0.0469016
0 0.284338 0.451538 0.0225893 0.0501862
0 0.153051 0.468266 0.0197443 0.0444251
0 0.0154191 0.407438 0.0278862 0.0625682
