0 0.517645 0.586291 0.0122366 0.0268595
0 0.809646 0.662691 0.00784664 0.0170971
0 0.445356 0.604675 0.0115723 0.0256432
0 0.608682 0.637071 0.00915356 0.0218953
0 0.641569 0.631274 0.0102752 0.022328
0 0.415435 0.604334 0.0128429 0.030769
0 0.377724 0.597005 0.0120979 0.0266969
0 0.350808 0.581663 0.0142681 0.031465
0 0.214582 0.487789 0.0211493 0.04475
0 0.282669 0.460204 0.0217563 0.0492701
0 0.0254778 0.405239 0.0268759 0.0621233
0 0.0825172 0.439321 0.0223926 0.0477805
0 0.156389 0.478939 0.0202835 0.0443348
