0 0.809519 0.663829 0.00768375 0.0167501
0 0.444999 0.603698 0.0111246 0.0263675
0 0.392275 0.560995 0.00905595 0.019779
0 0.517607 0.586167 0.0123019 0.0272296
0 0.608566 0.637496 0.00911989 0.0219794
0 0.641433 0.631736 0.0100824 0.0225128
0 0.377888 0.596414 0.0121778 0.0261649
0 0.414019 0.604932 0.0150506 0.0347156
0 0.35038 0.580504 0.0140265 0.0317084
0 0.214464 0.485833 0.0210916 0.0455404
0 0.0802307 0.439623 0.0230941 0.0494019
0 0.0225812 0.405848 0.0269717 0.0616784
0 0.283205 0.458582 0.0219971 0.0496443
0 0.156013 0.476463 0.0196797 0.044377
