0 0.39236 0.560589 0.00951824 0.0208616
0 0.809226 0.665379 0.00764809 0.0164161
0 0.442904 0.598222 0.0120987 0.0277152
0 0.517078 0.592798 0.01185 0.0285366
0 0.00410123 0.399628 0.00897642 0.0581794
0 0.373842 0.590927 0.0123722 0.0257806
0 0.608139 0.637025 0.0110346 0.0239914
0 0.641749 0.631399 0.0101781 0.022376
0 0.40171 0.592268 0.014124 0.0327265
0 0.342756 0.570741 0.0141263 0.0325348
0 0.067799 0.447795 0.0214336 0.0464259
0 0.203537 0.458029 0.0224844 0.0484343
0 0.141997 0.453128 0.0207044 0.0472553
0 0.282449 0.437801 0.0234509 0.0540587
