0 0.809354 0.665412 0.00781498 0.0167814
0 0.49454 0.572486 0.0106339 0.0314562
0 0.516117 0.591407 0.0124638 0.0279455
0 0.444452 0.598257 0.0121452 0.0269267
0 0.606909 0.638566 0.0100128 0.022711
0 0.641328 0.632987 0.010567 0.0229185
0 0.375877 0.592554 0.0126971 0.0268248
0 0.40461 0.598295 0.0139414 0.0325516
0 0.34657 0.5756 0.0153476 0.0348022
0 0.148993 0.460094 0.0198531 0.0446433
0 0.0728058 0.443574 0.0222095 0.0461716
0 0.209666 0.467525 0.0220614 0.0489577
0 0.284081 0.443527 0.0231073 0.0517329
0 0.0106307 0.408508 0.0212613 0.0662257
