0 0.80915 0.664995 0.00765934 0.0166606
0 0.492765 0.569961 0.0107686 0.0316759
0 0.517159 0.591489 0.0119533 0.0273773
0 0.607335 0.638758 0.00954342 0.0224735
0 0.443685 0.601071 0.0124763 0.0273204
0 0.640989 0.63315 0.0101905 0.0224613
0 0.376352 0.594046 0.0128329 0.0291446
0 0.40669 0.59932 0.0134331 0.0328312
0 0.34771 0.576613 0.0149725 0.0350706
0 0.15109 0.465133 0.0197051 0.0443288
0 0.0744786 0.443069 0.0209906 0.046057
0 0.211456 0.472836 0.0215232 0.0478229
0 0.284308 0.448624 0.0232162 0.0524634
0 0.0126022 0.408617 0.0252045 0.0634745
