0 0.392457 0.560883 0.00934167 0.0202182
0 0.311047 0.574225 0.0120697 0.0282525
0 0.808615 0.665488 0.0077158 0.0165378
0 0.442112 0.599858 0.0120852 0.0276082
0 0.372384 0.588783 0.012477 0.0268519
0 0.642043 0.63097 0.0102011 0.0226027
0 0.608363 0.636206 0.0111634 0.0241152
0 0.400752 0.592235 0.0135603 0.0302726
0 0.341362 0.571071 0.0134473 0.031233
0 0.201 0.459692 0.0218025 0.0478807
0 0.0674654 0.44796 0.0208806 0.045038
0 0.281339 0.43846 0.0234302 0.0529227
0 0.139271 0.45298 0.0204438 0.0463801
