0 0.517636 0.585403 0.0124123 0.0283888
0 0.852026 0.682739 0.00824509 0.0160673
0 0.81072 0.662267 0.00812721 0.0175727
0 0.609121 0.636596 0.00910511 0.0216909
0 0.641535 0.630719 0.0103011 0.0228093
0 0.417416 0.603829 0.0128385 0.0305912
0 0.377345 0.598762 0.0121662 0.0268456
0 0.351967 0.581487 0.0138902 0.0311707
0 0.214614 0.488513 0.0208776 0.0446657
0 0.281574 0.461811 0.021965 0.0489036
0 0.0849993 0.443648 0.0216469 0.0477502
0 0.0289654 0.405702 0.0264156 0.0615724
0 0.157642 0.480226 0.0196445 0.0438327
