frame - 0
0
frame - 1
0
frame - 2
0
frame - 3
0
frame - 4
2
1058 457 20 28
1241 479 31 34
frame - 5
1
1061 450 20 28
frame - 6
1
1062 451 20 28
frame - 7
0
frame - 8
0
frame - 9
0
frame - 10
0
frame - 11
0
frame - 12
0
frame - 13
0
frame - 14
1
1070 452 19 27
frame - 15
0
frame - 16
0
frame - 17
1
742 441 13 16
frame - 18
1
742 442 12 15
frame - 19
0
frame - 20
1
742 442 12 15
frame - 21
1
155 439 24 45
frame - 22
2
155 439 23 46
742 442 12 15
frame - 23
0
frame - 24
1
742 440 13 16
frame - 25
2
1132 449 18 35
544 449 14 18
frame - 26
2
1135 449 17 34
544 449 14 19
frame - 27
3
1135 449 18 34
743 440 13 16
546 448 14 19
frame - 28
2
1134 449 20 35
546 448 14 19
frame - 29
3
547 448 14 19
1135 450 20 34
742 441 13 16
frame - 30
2
547 448 14 19
743 440 13 16
frame - 31
2
548 449 13 18
743 441 13 15
frame - 32
1
548 449 14 18
frame - 33
1
547 449 14 18
frame - 34
2
548 449 14 18
743 441 14 16
frame - 35
1
744 440 13 17
frame - 36
2
549 449 14 18
744 441 13 16
frame - 37
2
550 449 13 18
744 441 13 16
frame - 38
1
744 441 13 16
frame - 39
1
744 440 13 17
frame - 40
1
1262 477 17 28
frame - 41
0
frame - 42
0
frame - 43
0
frame - 44
0
frame - 45
1
1242 524 38 55
frame - 46
0
frame - 47
0
frame - 48
0
frame - 49
0
frame - 50
0
frame - 51
0
frame - 52
0
frame - 53
0
frame - 54
0
frame - 55
0
frame - 56
2
1147 455 24 37
1093 456 22 30
frame - 57
2
1095 456 21 30
1147 456 25 37
frame - 58
1
1095 457 21 29
frame - 59
0
frame - 60
0
frame - 61
0
frame - 62
0
frame - 63
0
frame - 64
0
frame - 65
0
frame - 66
0
frame - 67
0
frame - 68
0
frame - 69
0
frame - 70
1
1161 456 25 35
frame - 71
1
1160 458 26 33
frame - 72
0
frame - 73
1
1198 440 25 28
frame - 74
0
frame - 75
0
frame - 76
0
frame - 77
2
1165 455 23 36
425 422 18 27
frame - 78
0
frame - 79
1
425 422 17 27
frame - 80
2
1169 455 21 36
425 423 17 27
frame - 81
3
352 395 23 36
1107 458 24 34
1168 457 23 34
frame - 82
2
1107 459 24 34
427 423 16 27
frame - 83
1
1109 458 22 34
frame - 84
2
1109 458 22 35
427 423 17 27
frame - 85
2
1110 456 22 36
426 422 18 28
frame - 86
2
1209 441 24 34
427 421 18 29
frame - 87
1
1212 441 23 33
frame - 88
2
1213 441 22 33
1113 455 22 37
frame - 89
1
1213 442 24 32
frame - 90
1
572 449 14 17
frame - 91
1
572 448 14 17
frame - 92
1
573 448 14 17
frame - 93
0
frame - 94
1
573 447 14 18
frame - 95
1
573 447 14 18
frame - 96
1
573 447 14 18
frame - 97
1
574 447 14 18
frame - 98
2
434 434 17 22
575 447 15 18
frame - 99
1
577 446 14 19
frame - 100
2
1227 446 22 38
577 446 14 19
frame - 101
1
1228 446 22 38
frame - 102
2
1228 446 22 38
1130 458 18 29
frame - 103
1
1131 458 17 29
frame - 104
2
1132 459 17 28
579 446 15 20
frame - 105
1
580 446 15 20
frame - 106
2
1139 458 16 27
580 447 15 18
frame - 107
1
581 447 15 18
frame - 108
1
1140 458 16 28
frame - 109
0
frame - 110
0
frame - 111
1
1211 452 25 39
frame - 112
2
1213 453 23 38
1145 458 19 28
frame - 113
2
1212 454 24 37
1144 456 19 34
frame - 114
2
1216 453 24 38
1146 457 20 30
frame - 115
2
1147 458 20 29
1218 453 22 38
frame - 116
2
1148 457 19 30
1219 454 22 38
frame - 117
2
1149 456 19 30
1219 456 23 37
frame - 118
2
1151 457 18 29
1216 458 24 36
frame - 119
1
1153 457 18 30
frame - 120
1
1153 457 19 29
frame - 121
1
1155 450 18 35
frame - 122
1
1156 457 17 30
frame - 123
2
1219 459 21 33
1158 450 17 35
frame - 124
1
1218 460 23 33
frame - 125
2
1221 460 22 33
1159 449 18 36
frame - 126
2
1160 449 17 36
1222 460 22 33
frame - 127
1
1159 449 18 36
frame - 128
2
1159 450 19 35
588 448 15 18
frame - 129
1
1161 456 20 31
frame - 130
1
1164 455 19 32
frame - 131
1
1166 450 19 34
frame - 132
2
1167 451 19 33
590 447 14 19
frame - 133
3
1166 451 21 32
1228 460 24 33
591 448 14 18
frame - 134
3
1168 456 20 28
1229 460 24 33
591 449 14 18
frame - 135
3
1168 451 21 32
1232 460 24 32
592 448 14 18
frame - 136
2
1169 451 22 32
1233 460 24 33
frame - 137
1
1171 451 21 33
frame - 138
0
frame - 139
0
frame - 140
0
frame - 141
0
frame - 142
0
frame - 143
0
frame - 144
0
frame - 145
1
1181 450 23 33
frame - 146
0
frame - 147
0
frame - 148
0
frame - 149
1
1184 452 23 31
frame - 150
0
frame - 151
0
frame - 152
0
frame - 153
0
frame - 154
0
frame - 155
0
frame - 156
0
frame - 157
0
frame - 158
0
frame - 159
0
frame - 160
0
frame - 161
0
frame - 162
0
frame - 163
0
frame - 164
0
frame - 165
2
1205 458 21 28
605 451 13 15
frame - 166
2
1209 459 19 28
606 453 13 14
frame - 167
2
1210 460 19 27
606 452 13 15
frame - 168
2
1210 460 20 27
607 451 13 15
frame - 169
2
1213 460 18 27
607 451 13 15
frame - 170
2
1212 460 19 27
606 451 14 15
frame - 171
2
1213 459 18 28
607 451 13 15
frame - 172
1
607 451 14 15
frame - 173
1
608 451 13 15
frame - 174
1
607 452 14 15
frame - 175
2
607 452 14 15
282 417 13 21
frame - 176
2
608 453 13 14
918 440 12 16
frame - 177
3
608 452 13 15
1213 456 22 35
919 440 11 16
frame - 178
4
608 453 13 14
1216 457 21 30
919 439 12 17
473 440 17 19
frame - 179
3
1216 457 24 30
610 453 13 14
474 438 18 20
frame - 180
2
1220 457 23 30
610 453 13 14
frame - 181
2
1220 457 22 30
610 453 13 15
frame - 182
2
1223 458 22 29
610 451 14 16
frame - 183
2
611 453 14 15
1224 458 21 29
frame - 184
2
1224 458 23 29
612 453 14 15
frame - 185
2
1224 457 25 34
612 454 14 15
frame - 186
1
1226 458 24 34
frame - 187
1
1227 458 23 34
frame - 188
1
1227 458 23 34
frame - 189
2
1228 459 24 33
613 452 14 16
frame - 190
1
1229 459 24 34
frame - 191
0
frame - 192
0
frame - 193
0
frame - 194
0
frame - 195
0
frame - 196
0
frame - 197
1
1235 465 24 29
frame - 198
0
frame - 199
1
1237 465 24 30
frame - 200
1
1237 465 25 31
frame - 201
1
1237 465 26 31
frame - 202
1
1237 463 28 38
frame - 203
0
frame - 204
1
474 439 17 21
frame - 205
1
474 439 17 21
frame - 206
1
473 439 18 21
frame - 207
1
474 437 18 22
frame - 208
1
474 437 18 22
frame - 209
1
474 437 17 22
frame - 210
1
474 437 18 22
frame - 211
2
474 437 18 22
101 395 11 16
frame - 212
1
474 436 18 22
frame - 213
1
474 437 18 22
frame - 214
1
474 437 18 21
frame - 215
1
474 437 18 21
frame - 216
1
474 437 18 22
frame - 217
1
474 438 18 21
frame - 218
1
474 438 18 21
frame - 219
1
474 438 18 21
frame - 220
1
474 438 18 21
frame - 221
1
474 437 18 21
frame - 222
1
474 437 18 21
frame - 223
1
475 437 17 22
frame - 224
2
475 437 17 22
901 424 13 18
frame - 225
1
475 439 17 20
frame - 226
1
475 439 17 20
frame - 227
0
frame - 228
1
475 438 16 21
frame - 229
2
900 424 13 18
476 438 17 21
frame - 230
2
477 439 16 20
900 425 13 17
frame - 231
2
476 439 17 20
901 425 13 17
frame - 232
2
901 424 13 17
476 439 17 20
frame - 233
2
477 438 18 21
902 423 13 18
frame - 234
1
479 438 17 21
frame - 235
2
479 438 17 21
902 424 13 18
frame - 236
1
478 438 18 21
frame - 237
1
479 438 18 21
frame - 238
1
480 437 18 22
frame - 239
1
480 438 17 21
frame - 240
1
480 438 17 21
frame - 241
1
481 437 18 22
frame - 242
1
480 437 19 22
frame - 243
1
481 437 18 22
frame - 244
1
481 442 17 21
frame - 245
1
482 439 16 21
frame - 246
1
482 436 19 23
frame - 247
1
482 436 19 23
frame - 248
1
483 437 18 22
frame - 249
0
frame - 250
0
frame - 251
0
frame - 252
0
frame - 253
0
frame - 254
0
frame - 255
0
frame - 256
0
frame - 257
0
frame - 258
1
655 458 14 16
frame - 259
0
frame - 260
1
655 458 14 17
frame - 261
1
655 459 15 16
frame - 262
1
656 459 15 16
frame - 263
1
490 443 19 22
frame - 264
1
490 441 19 24
frame - 265
1
490 443 19 23
frame - 266
1
490 444 18 22
frame - 267
1
492 444 19 23
frame - 268
1
493 442 19 25
frame - 269
1
494 442 19 24
frame - 270
1
495 443 19 24
frame - 271
1
496 442 19 25
frame - 272
1
497 443 18 24
frame - 273
0
frame - 274
0
frame - 275
0
frame - 276
0
frame - 277
1
498 440 22 27
frame - 278
1
499 439 22 28
frame - 279
1
499 439 22 28
frame - 280
1
499 436 22 30
frame - 281
2
501 439 22 28
667 458 14 19
frame - 282
1
501 439 21 28
frame - 283
1
503 440 20 27
frame - 284
1
504 441 21 27
frame - 285
1
506 442 21 26
frame - 286
1
507 441 20 27
frame - 287
0
frame - 288
0
frame - 289
0
frame - 290
0
frame - 291
0
frame - 292
0
frame - 293
0
frame - 294
1
671 465 15 17
frame - 295
1
922 423 16 18
frame - 296
0
frame - 297
1
922 423 17 18
frame - 298
1
923 423 16 18
frame - 299
1
923 422 17 18
frame - 300
0
frame - 301
0
frame - 302
1
925 422 16 19
frame - 303
1
924 422 17 19
frame - 304
1
925 423 16 18
frame - 305
2
675 461 15 19
925 422 15 18
frame - 306
1
926 422 17 18
frame - 307
1
927 422 15 19
frame - 308
0
frame - 309
1
928 423 15 18
frame - 310
0
frame - 311
0
frame - 312
1
677 463 15 19
frame - 313
1
677 463 15 20
frame - 314
0
frame - 315
1
532 441 21 26
frame - 316
1
533 441 20 26
frame - 317
1
534 441 20 27
frame - 318
1
534 440 20 27
frame - 319
0
frame - 320
0
frame - 321
1
534 443 19 25
frame - 322
0
frame - 323
0
frame - 324
0
frame - 325
0
frame - 326
1
679 464 16 21
frame - 327
1
679 464 16 20
frame - 328
1
679 465 16 20
frame - 329
1
679 464 16 20
frame - 330
1
679 463 18 21
frame - 331
0
frame - 332
1
680 464 17 20
frame - 333
0
frame - 334
0
frame - 335
0
frame - 336
1
547 443 21 30
frame - 337
1
549 442 21 28
frame - 338
1
549 442 21 28
frame - 339
1
547 444 21 29
frame - 340
1
547 443 21 30
frame - 341
1
547 442 21 31
frame - 342
1
549 441 21 29
frame - 343
2
548 443 22 30
684 466 17 20
frame - 344
2
548 442 21 31
684 466 17 19
frame - 345
2
548 442 21 31
685 466 17 19
frame - 346
2
548 442 22 31
1015 441 11 13
frame - 347
2
1019 440 11 15
549 442 22 28
frame - 348
3
1018 441 12 14
549 442 21 31
686 465 18 21
frame - 349
3
548 442 22 31
686 466 18 20
1016 441 12 14
frame - 350
1
687 466 18 20
frame - 351
1
686 465 19 20
frame - 352
1
687 465 19 21
frame - 353
2
550 442 21 32
688 465 19 21
frame - 354
3
688 465 19 21
1018 441 12 14
551 443 20 31
frame - 355
1
690 464 18 21
frame - 356
1
690 464 19 21
frame - 357
2
579 436 16 23
690 464 19 21
frame - 358
2
1017 441 11 15
690 465 19 21
frame - 359
0
frame - 360
1
555 445 21 29
frame - 361
2
555 444 21 30
580 434 15 24
frame - 362
1
555 445 21 29
frame - 363
2
555 444 21 30
580 435 15 23
frame - 364
1
555 444 21 30
frame - 365
3
556 444 21 30
580 434 15 23
693 464 20 23
frame - 366
1
556 444 20 30
frame - 367
1
556 444 21 30
frame - 368
2
556 444 21 30
695 464 20 22
frame - 369
2
1019 441 11 14
557 445 20 30
frame - 370
1
557 446 21 29
frame - 371
1
558 446 20 29
frame - 372
2
697 465 20 22
557 446 21 29
frame - 373
0
frame - 374
1
698 463 21 24
frame - 375
1
698 464 22 24
frame - 376
1
699 467 21 24
frame - 377
1
700 468 21 23
frame - 378
1
700 469 21 22
frame - 379
1
701 469 21 23
frame - 380
1
560 446 21 29
frame - 381
1
1038 442 11 16
frame - 382
0
frame - 383
1
705 466 19 22
frame - 384
1
1038 443 11 15
frame - 385
1
1015 445 11 16
frame - 386
1
1039 442 11 15
frame - 387
2
1039 441 11 16
708 470 20 22
frame - 388
1
709 470 20 22
frame - 389
3
1042 443 10 14
710 470 19 22
959 430 15 18
frame - 390
3
1044 443 11 14
710 471 21 23
561 445 23 30
frame - 391
3
711 471 21 23
1043 443 11 14
561 445 24 31
frame - 392
3
712 471 20 23
1042 443 11 14
561 446 25 34
frame - 393
3
1040 443 11 15
714 471 20 24
561 444 24 31
frame - 394
2
561 443 24 33
715 471 20 24
frame - 395
3
561 443 25 33
717 472 19 23
1038 444 12 14
frame - 396
2
561 443 25 33
717 473 19 23
frame - 397
2
562 443 25 33
717 474 20 22
frame - 398
2
562 442 25 34
719 472 20 24
frame - 399
2
562 443 25 33
719 472 20 24
frame - 400
2
562 443 25 33
721 472 19 24
frame - 401
1
564 445 23 31
frame - 402
2
563 444 24 32
724 472 21 25
frame - 403
2
567 444 25 32
724 471 22 26
frame - 404
1
567 443 25 33
frame - 405
1
567 443 25 33
frame - 406
1
567 443 25 33
frame - 407
2
568 444 25 32
1034 448 11 16
frame - 408
2
568 442 26 34
1034 447 12 16
frame - 409
2
568 442 27 34
1031 447 12 17
frame - 410
2
568 441 27 35
1031 447 12 16
frame - 411
2
569 441 26 35
1031 447 12 16
frame - 412
2
569 442 26 35
1032 447 11 17
frame - 413
2
1031 447 11 17
570 443 25 34
frame - 414
1
1031 446 11 18
frame - 415
1
1031 446 12 17
frame - 416
1
1032 445 12 19
frame - 417
1
1031 445 13 18
frame - 418
1
1031 446 13 17
frame - 419
2
1032 446 12 18
572 445 25 32
frame - 420
2
1034 446 12 18
572 444 26 33
frame - 421
2
1034 447 11 17
573 444 26 33
frame - 422
2
1035 448 11 16
574 446 25 31
frame - 423
2
1035 448 12 16
574 445 25 32
frame - 424
2
1037 448 11 17
574 445 26 32
frame - 425
2
1038 448 11 16
576 445 25 32
frame - 426
2
1039 448 11 16
576 445 26 32
frame - 427
1
1040 447 11 17
frame - 428
1
1040 448 12 16
frame - 429
2
1040 449 11 15
579 449 24 33
frame - 430
2
1041 448 12 17
578 448 25 34
frame - 431
2
1040 449 11 16
579 448 24 34
frame - 432
1
1043 449 12 16
frame - 433
1
1044 449 11 16
frame - 434
1
1046 448 11 17
frame - 435
1
1047 448 12 17
frame - 436
1
1048 447 12 18
frame - 437
1
1049 447 12 17
frame - 438
1
1048 446 13 18
frame - 439
1
1050 446 12 17
frame - 440
1
1048 447 13 16
frame - 441
1
1048 447 12 17
frame - 442
1
1048 448 13 16
frame - 443
1
1049 447 13 17
frame - 444
1
1051 446 12 18
frame - 445
1
1051 446 12 18
frame - 446
1
1052 446 12 17
frame - 447
2
1051 445 12 18
597 440 28 38
frame - 448
3
1051 444 12 18
597 441 27 36
773 475 22 25
frame - 449
2
1054 446 12 18
597 440 29 38
frame - 450
2
1054 449 12 16
601 441 27 36
frame - 451
3
601 442 27 40
1055 449 11 16
775 470 23 27
frame - 452
3
1053 449 11 17
602 447 26 36
775 470 23 27
frame - 453
3
1056 449 12 16
603 446 27 36
776 469 24 29
frame - 454
3
1053 449 11 16
604 446 26 36
776 469 25 29
frame - 455
3
606 448 25 35
1059 448 11 17
778 472 23 29
frame - 456
3
1059 448 11 17
607 446 26 36
1057 445 11 16
frame - 457
3
608 449 25 35
1063 447 10 18
541 418 17 22
frame - 458
4
608 449 25 35
1063 447 10 18
295 414 14 16
781 470 23 30
frame - 459
2
1063 447 11 18
609 450 25 35
frame - 460
3
1063 447 11 18
611 453 24 32
783 471 23 30
frame - 461
3
1064 448 11 18
784 470 23 30
612 455 23 31
frame - 462
1
1064 449 12 17
frame - 463
1
1063 449 12 17
frame - 464
2
1067 448 12 18
787 475 23 26
frame - 465
2
1066 449 12 17
788 475 23 27
frame - 466
2
1067 449 11 18
788 475 23 27
frame - 467
2
1068 449 11 18
788 475 24 26
frame - 468
1
1066 450 11 18
frame - 469
1
1068 451 11 17
frame - 470
1
1067 450 11 18
frame - 471
1
1067 449 11 19
frame - 472
1
1065 451 11 17
frame - 473
1
1067 450 12 18
frame - 474
2
1065 451 12 17
790 477 27 29
frame - 475
3
791 479 26 30
1067 451 10 17
633 462 26 32
frame - 476
3
1061 452 11 16
792 479 25 30
1063 453 11 17
frame - 477
3
793 479 25 30
1064 451 11 17
1067 452 11 18
frame - 478
4
1064 451 11 17
793 480 27 30
635 461 27 32
1067 452 10 18
frame - 479
4
1069 454 10 17
637 460 28 33
1066 451 10 17
793 479 29 30
frame - 480
4
1070 455 10 17
794 480 29 30
1065 452 10 17
638 461 28 33
frame - 481
4
794 480 30 30
1070 455 11 17
638 460 29 35
1067 452 10 16
frame - 482
4
795 480 29 31
1073 455 11 18
1070 452 11 17
640 467 29 31
frame - 483
3
796 481 29 30
1075 454 11 18
1073 451 11 17
frame - 484
4
1075 455 11 17
796 481 29 30
1074 452 11 17
644 466 29 34
frame - 485
3
1076 455 12 18
644 464 31 34
797 481 29 30
frame - 486
3
1077 454 12 18
644 466 31 34
799 483 27 29
frame - 487
4
1078 454 11 19
646 465 30 35
799 483 27 29
829 439 21 28
frame - 488
3
1078 455 11 18
800 485 27 29
647 465 31 35
frame - 489
4
1078 455 12 18
647 467 32 34
800 485 27 29
828 439 21 28
frame - 490
3
1079 455 11 18
647 470 32 32
801 486 27 32
frame - 491
3
1078 454 12 20
802 486 26 29
649 466 32 34
frame - 492
4
1078 453 11 19
650 465 32 35
802 486 27 29
1076 452 11 18
frame - 493
3
1078 453 11 20
803 486 26 29
1076 452 11 18
frame - 494
1
1078 453 11 19
frame - 495
2
1080 453 11 20
805 487 26 32
frame - 496
2
1081 453 10 20
805 487 26 32
frame - 497
2
1080 453 12 20
805 488 27 31
frame - 498
3
1080 452 13 21
658 458 34 40
806 488 26 31
frame - 499
3
659 455 34 42
806 488 26 31
1079 452 13 21
frame - 500
3
660 456 34 41
806 488 26 31
1078 452 14 21
frame - 501
4
662 458 32 41
1083 451 13 22
1080 452 12 20
807 488 26 31
frame - 502
2
1081 451 12 21
807 488 26 31
frame - 503
3
1080 452 12 20
809 488 25 32
1084 451 12 21
frame - 504
0
frame - 505
1
1086 452 13 20
frame - 506
1
1085 452 13 20
frame - 507
1
1086 452 12 20
frame - 508
2
1087 452 12 20
1078 452 11 20
frame - 509
2
1087 453 13 20
814 488 26 32
frame - 510
1
1087 452 13 20
frame - 511
3
1087 453 14 20
815 488 27 31
1026 439 14 19
frame - 512
3
816 487 27 33
1087 453 15 20
1027 439 15 19
frame - 513
3
1088 452 15 21
817 487 27 32
1027 438 15 20
frame - 514
2
1088 452 15 21
818 487 26 33
frame - 515
2
1089 452 14 21
818 488 27 32
frame - 516
2
678 456 31 45
1089 452 14 21
frame - 517
1
1091 453 13 20
frame - 518
4
821 485 27 35
1090 452 13 21
679 455 32 47
1032 438 13 18
frame - 519
3
1091 452 13 21
679 454 33 47
822 486 26 33
frame - 520
3
680 455 33 47
1091 453 13 20
1033 439 13 17
frame - 521
2
1092 454 13 19
1034 440 14 17
frame - 522
2
1034 440 13 17
1092 453 13 20
frame - 523
2
1094 454 12 19
1035 440 14 18
frame - 524
2
1035 440 15 18
1093 455 12 18
frame - 525
2
1034 439 14 18
1093 454 12 18
frame - 526
1
1035 440 14 17
frame - 527
2
1035 442 13 16
1092 454 13 18
frame - 528
1
1036 440 15 18
frame - 529
1
1037 438 14 19
frame - 530
1
1037 439 15 18
frame - 531
4
688 461 35 44
1037 440 15 18
836 488 27 32
1101 454 14 20
frame - 532
5
688 461 36 45
1038 439 14 19
837 488 27 33
1093 455 13 18
1102 454 14 18
frame - 533
4
690 463 35 43
1038 439 14 19
1104 457 14 17
838 488 26 33
frame - 534
4
690 464 36 43
1038 440 14 18
1103 458 14 18
840 488 25 33
frame - 535
5
1039 440 13 18
691 465 35 42
840 487 28 34
1104 458 13 18
69 389 11 14
frame - 536
3
692 464 36 44
1040 439 13 19
1104 458 14 18
frame - 537
3
1039 441 14 18
1105 458 13 17
693 466 35 43
frame - 538
5
693 465 36 45
1040 440 14 18
1105 458 12 18
843 488 28 33
69 390 11 14
frame - 539
5
1041 440 13 19
1104 458 13 17
845 491 28 35
69 390 11 14
42 391 12 14
frame - 540
4
699 469 34 43
1042 442 13 17
1106 458 12 17
847 490 29 36
frame - 541
4
848 491 28 36
701 470 33 42
1042 441 13 18
1105 456 13 17
frame - 542
3
1041 441 13 18
848 492 29 35
1105 457 14 18
frame - 543
2
1044 444 13 18
852 493 27 35
frame - 544
3
851 494 29 34
1045 441 14 18
704 472 34 41
frame - 545
3
854 492 28 36
1046 441 14 18
702 480 33 38
frame - 546
3
855 492 28 37
1047 444 14 18
702 485 33 35
frame - 547
3
856 493 28 37
1048 442 14 18
706 481 33 36
frame - 548
3
857 493 29 37
706 479 33 38
1049 442 14 18
frame - 549
3
707 476 34 41
858 494 29 36
1050 442 14 18
frame - 550
3
708 477 34 42
860 495 28 38
1051 443 14 19
frame - 551
2
863 496 28 38
1050 444 14 18
frame - 552
2
864 498 27 37
1051 444 15 19
frame - 553
1
865 498 28 38
frame - 554
3
1055 444 14 20
867 499 29 37
1119 463 12 20
frame - 555
3
868 498 29 38
1056 444 15 20
1119 463 12 21
frame - 556
3
869 499 29 37
1120 465 11 18
1058 446 14 19
frame - 557
3
1122 465 11 18
1058 447 15 19
871 500 29 36
frame - 558
3
1122 465 11 18
873 501 28 35
1058 448 15 17
frame - 559
4
1121 464 12 18
875 502 27 35
1058 447 14 18
714 491 34 35
frame - 560
4
713 491 36 37
876 503 29 34
1122 464 11 17
1059 447 13 17
frame - 561
4
879 502 28 36
1124 465 11 17
1059 447 14 18
714 489 37 38
frame - 562
4
879 501 29 39
1061 447 14 18
715 488 38 40
1125 465 11 17
frame - 563
4
1123 465 13 18
715 487 37 41
1061 449 15 17
882 502 29 37
frame - 564
4
1124 465 13 18
882 503 31 35
716 487 38 42
1062 449 15 17
frame - 565
3
883 505 29 33
1125 465 13 18
1061 447 16 20
frame - 566
4
885 505 30 33
1062 447 16 19
720 503 36 31
1126 465 13 18
frame - 567
4
886 505 31 35
1063 448 15 18
720 503 37 31
1127 465 12 18
frame - 568
3
887 506 33 34
1062 446 16 19
1123 464 13 17
frame - 569
3
1064 448 16 19
1127 466 12 17
890 507 32 33
frame - 570
3
892 509 31 35
1066 449 15 19
1124 464 12 17
frame - 571
4
893 509 31 35
723 497 38 35
1066 449 15 18
1121 463 13 18
frame - 572
3
894 509 31 36
1067 449 14 19
1124 464 12 19
frame - 573
3
1128 464 13 20
898 508 30 37
1066 448 15 19
frame - 574
4
899 507 31 37
1128 464 13 20
1067 448 15 20
726 501 36 33
frame - 575
3
901 508 30 36
1131 464 13 21
1068 448 15 19
frame - 576
4
902 510 30 36
1131 465 13 20
1069 448 15 20
728 504 35 31
frame - 577
3
905 512 29 34
1132 465 13 20
1070 448 15 20
frame - 578
3
908 511 29 35
1133 465 13 20
1072 448 16 20
frame - 579
5
908 511 30 36
1132 466 13 19
1072 448 15 19
738 488 33 39
731 496 36 35
frame - 580
4
909 511 31 37
1135 466 13 19
1073 448 15 19
728 504 40 30
frame - 581
4
741 480 33 44
910 511 31 37
1136 465 13 20
1074 448 15 20
frame - 582
5
913 511 32 37
729 504 40 30
1137 466 12 18
1074 448 16 19
739 490 34 37
frame - 583
4
914 511 32 37
731 503 39 31
1133 466 11 18
1075 447 15 20
frame - 584
5
915 512 34 37
741 487 34 39
731 504 39 29
1130 466 11 18
1075 448 15 19
frame - 585
4
743 481 34 43
920 514 32 37
1130 466 12 17
733 503 38 31
frame - 586
5
743 485 35 41
920 514 33 37
734 503 38 31
1075 448 16 20
1132 465 12 18
frame - 587
3
746 480 34 45
923 513 32 37
1134 465 13 18
frame - 588
3
923 511 34 41
740 494 37 38
735 503 38 31
frame - 589
3
925 510 33 42
746 485 34 40
1077 448 15 19
frame - 590
1
927 511 35 41
frame - 591
1
930 511 33 42
frame - 592
2
932 511 34 42
753 477 35 46
frame - 593
3
934 511 34 42
755 478 34 46
1083 447 16 21
frame - 594
1
936 511 33 42
frame - 595
2
939 512 32 42
1149 468 13 18
frame - 596
2
941 512 32 42
1150 469 14 19
frame - 597
2
942 511 34 43
1151 470 13 19
frame - 598
2
944 511 34 43
1151 469 15 21
frame - 599
2
945 512 34 42
1151 469 15 22
frame - 600
2
948 514 33 40
1152 471 15 20
frame - 601
1
951 514 33 39
frame - 602
2
955 516 32 38
852 480 16 24
frame - 603
3
957 515 31 40
853 480 15 24
1154 473 14 18
frame - 604
3
957 513 32 40
1154 474 15 18
852 480 15 24
frame - 605
2
961 515 32 40
1156 473 14 18
frame - 606
2
963 515 32 40
1156 473 14 18
frame - 607
2
964 517 32 38
1156 472 15 19
frame - 608
2
967 518 31 37
1156 472 16 19
frame - 609
2
970 517 30 38
1156 472 16 21
frame - 610
2
971 517 31 40
1154 472 18 21
frame - 611
2
972 519 33 38
1163 472 16 21
frame - 612
1
974 518 32 40
frame - 613
2
978 518 32 42
1165 473 15 22
frame - 614
2
979 519 34 42
1165 473 15 22
frame - 615
2
980 518 34 42
1165 473 16 22
frame - 616
2
981 519 34 42
1165 473 16 22
frame - 617
4
985 520 33 41
777 518 37 34
1167 475 16 20
907 559 31 34
frame - 618
4
986 520 33 42
789 495 32 44
773 517 42 37
1167 476 15 19
frame - 619
4
987 522 33 40
790 496 32 44
778 517 40 37
904 550 29 34
frame - 620
3
990 521 32 44
791 496 33 45
1168 476 15 19
frame - 621
1
990 520 36 45
frame - 622
1
993 521 35 46
frame - 623
1
994 523 35 47
frame - 624
1
996 524 35 46
frame - 625
1
996 524 36 48
frame - 626
1
1002 530 32 42
frame - 627
3
1003 528 33 44
795 500 40 52
1198 479 17 23
frame - 628
3
1004 527 35 45
798 502 38 53
1198 480 16 22
frame - 629
3
798 500 40 54
1005 529 35 45
1178 480 17 21
frame - 630
4
1010 529 33 43
801 501 39 54
1178 480 18 22
1198 481 14 21
frame - 631
3
1011 531 33 44
800 505 41 51
1198 480 16 22
frame - 632
3
1013 531 33 42
1179 481 18 21
1200 481 17 21
frame - 633
4
1015 534 33 43
803 508 41 51
1180 481 17 22
1200 480 16 22
frame - 634
4
809 508 38 52
1015 536 34 42
1180 481 17 22
1199 481 14 21
frame - 635
3
810 510 39 51
1017 537 34 42
1180 481 17 23
frame - 636
3
1019 535 34 45
813 511 37 51
1181 482 17 22
frame - 637
3
816 510 35 52
1021 535 33 45
1183 484 16 20
frame - 638
3
818 510 36 55
1023 535 35 46
1183 483 17 21
frame - 639
3
814 510 41 56
1025 535 33 45
1183 483 18 21
frame - 640
3
1027 535 33 46
819 514 38 52
1184 484 18 21
frame - 641
3
1027 534 35 48
822 513 37 53
1184 484 18 20
frame - 642
3
825 518 35 51
1033 541 30 42
1185 486 18 19
frame - 643
3
1032 540 34 47
827 515 35 54
1186 485 18 20
frame - 644
2
1033 539 34 48
829 516 36 55
frame - 645
2
1035 541 35 49
829 517 38 56
frame - 646
2
1037 541 35 49
831 516 40 56
frame - 647
3
1040 543 35 46
831 516 43 56
1196 487 15 20
frame - 648
4
1041 541 36 48
832 516 46 55
1195 489 15 19
829 535 44 45
frame - 649
3
1042 541 37 50
1195 490 15 19
839 517 44 57
frame - 650
4
1045 542 36 49
1194 490 16 19
841 520 45 56
87 424 10 12
frame - 651
4
1047 544 37 49
845 520 44 58
1195 490 15 19
87 424 10 12
frame - 652
4
1049 544 37 51
844 521 47 58
1196 491 14 18
87 424 10 13
frame - 653
4
1050 546 36 48
848 522 44 59
1198 492 13 17
87 425 10 13
frame - 654
5
846 522 47 60
1055 544 34 51
1197 491 15 20
87 425 11 13
664 453 15 19
frame - 655
5
1058 546 34 49
849 524 46 60
1199 492 13 19
88 425 10 12
664 453 16 21
frame - 656
5
1058 549 36 47
854 526 43 59
1199 492 13 18
88 425 10 13
665 453 17 21
frame - 657
5
1062 554 34 43
856 534 44 55
1200 493 13 17
1129 475 15 19
89 425 11 13
frame - 658
4
1062 555 36 44
857 527 47 59
1201 493 13 18
90 426 10 13
frame - 659
5
860 525 47 63
1066 554 34 46
1204 491 14 21
90 426 10 13
1131 476 13 18
frame - 660
5
868 525 43 61
1067 555 34 46
1203 491 17 22
952 487 28 32
90 426 11 13
frame - 661
5
868 530 45 63
1070 558 33 43
1206 491 15 21
90 426 11 12
955 491 26 29
frame - 662
4
872 527 45 65
1070 554 35 49
1204 491 16 21
91 426 11 13
frame - 663
4
875 525 47 65
1073 554 36 48
92 427 10 13
1210 492 14 20
frame - 664
5
879 531 46 62
1075 556 36 48
1212 492 15 20
92 427 10 13
956 492 26 28
frame - 665
4
1077 556 37 46
885 529 44 61
1213 493 14 20
90 427 10 13
frame - 666
4
1082 557 34 44
888 526 46 63
1212 494 14 19
92 427 10 13
frame - 667
2
890 529 46 59
1083 560 34 43
frame - 668
3
893 527 46 61
1084 558 37 47
1214 495 17 22
frame - 669
3
1087 557 38 45
892 532 50 55
91 427 10 13
frame - 670
4
895 540 50 53
1092 562 35 41
1214 496 16 21
91 427 10 13
frame - 671
4
1092 559 39 46
900 538 48 56
91 427 10 12
1211 497 17 20
frame - 672
4
1095 561 37 46
904 535 48 60
1215 496 19 22
89 426 10 13
frame - 673
4
1097 563 37 45
906 535 47 59
1215 497 19 22
90 426 10 13
frame - 674
4
911 526 48 63
1100 562 38 47
1216 497 20 22
89 426 10 13
frame - 675
4
1102 561 39 49
917 531 46 56
1221 496 19 23
91 426 10 13
frame - 676
4
1104 559 41 52
921 528 45 59
1219 498 20 22
91 426 10 13
frame - 677
4
1107 558 41 53
922 535 46 58
1219 499 18 19
94 428 9 12
frame - 678
3
1111 561 40 52
923 535 49 58
1223 500 17 19
frame - 679
3
928 533 50 59
1113 561 39 51
1227 499 19 21
frame - 680
3
932 530 51 62
1115 560 42 54
1227 498 19 22
frame - 681
3
931 530 57 65
1118 561 43 54
1228 499 19 21
frame - 682
2
1119 561 45 54
936 531 54 66
frame - 683
3
938 534 56 63
1123 562 45 57
1226 498 17 21
frame - 684
3
945 533 52 63
1128 565 41 49
1226 499 18 20
frame - 685
2
953 537 47 63
1130 564 42 55
frame - 686
2
954 536 51 63
1132 561 44 59
frame - 687
2
954 536 55 65
1137 564 42 53
frame - 688
2
1139 563 43 55
955 539 56 63
frame - 689
2
1142 563 43 56
959 536 55 65
frame - 690
2
1147 562 41 58
962 550 54 55
frame - 691
2
1148 562 45 60
966 543 54 61
frame - 692
2
1152 563 44 59
969 544 53 61
frame - 693
2
1154 564 45 60
971 544 54 63
frame - 694
2
1159 564 44 63
969 557 55 57
frame - 695
2
977 556 57 57
1162 565 44 64
frame - 696
2
1165 568 44 62
984 555 51 56
frame - 697
2
1167 571 44 59
987 549 53 60
frame - 698
2
1171 570 44 62
990 541 56 69
frame - 699
3
1178 572 42 58
994 552 54 62
989 569 56 50
