frame - 0
4
173 325 28 42
245 335 21 32
417 343 22 35
2 310 27 37
frame - 1
6
167 325 30 41
243 335 22 32
1 308 27 35
414 346 21 36
409 427 18 21
374 364 18 29
frame - 2
4
162 323 30 41
0 305 24 37
239 341 23 35
412 347 22 36
frame - 3
4
0 304 21 37
159 320 29 41
239 342 22 34
411 350 21 34
frame - 4
4
156 319 29 41
0 304 18 37
238 341 22 35
407 350 20 35
frame - 5
4
153 317 30 40
402 351 21 34
0 305 15 36
235 340 23 37
frame - 6
4
149 313 31 44
398 351 20 35
0 307 12 40
235 339 22 36
frame - 7
3
148 313 30 40
397 352 20 33
0 308 9 39
frame - 8
4
225 335 25 32
145 312 31 42
341 404 21 34
392 351 21 34
frame - 9
3
143 311 29 44
224 332 23 33
389 350 22 34
frame - 10
3
218 329 24 37
141 312 29 42
387 348 23 31
frame - 11
3
138 312 30 43
382 341 24 35
212 327 24 33
frame - 12
3
135 313 31 43
210 326 24 34
380 339 24 36
frame - 13
4
134 313 29 43
207 326 24 36
379 337 24 37
458 423 26 33
frame - 14
4
132 312 30 43
205 327 23 31
380 334 23 35
456 424 26 33
frame - 15
3
129 311 32 43
203 328 22 30
380 332 24 37
frame - 16
3
126 308 31 43
381 332 25 38
196 328 25 36
frame - 17
3
124 305 31 43
193 329 22 34
379 334 23 36
frame - 18
5
121 302 31 45
378 338 25 36
190 328 22 30
448 421 26 29
277 344 21 33
frame - 19
5
116 301 32 43
378 339 26 38
185 326 23 31
274 342 23 35
446 418 26 31
frame - 20
4
113 298 31 44
379 340 26 38
269 350 24 34
182 325 21 32
frame - 21
4
109 296 31 44
380 341 24 37
176 323 23 33
267 353 23 32
frame - 22
5
105 294 32 46
380 340 25 38
174 319 22 32
257 359 26 35
441 413 24 29
frame - 23
5
99 295 33 45
168 316 24 33
380 339 25 38
258 353 26 33
441 412 23 29
frame - 24
6
96 294 31 46
166 314 25 34
380 337 26 39
256 353 26 33
442 414 19 28
490 410 16 24
frame - 25
5
93 294 30 46
165 313 24 34
381 334 23 35
255 353 26 32
441 415 19 27
frame - 26
4
88 294 30 47
379 332 24 36
256 354 22 32
162 314 23 33
frame - 27
3
81 296 32 46
378 328 25 39
158 314 24 34
frame - 28
3
76 295 31 46
156 315 24 33
377 325 25 38
frame - 29
5
67 293 35 46
155 316 23 34
376 323 25 36
575 389 16 26
246 345 25 37
frame - 30
3
64 291 33 47
153 317 23 33
375 322 26 38
frame - 31
4
61 288 32 45
374 323 26 37
151 317 22 34
242 344 23 32
frame - 32
4
56 285 34 45
147 316 26 34
238 341 23 35
370 325 26 40
frame - 33
3
54 283 33 46
145 314 26 35
369 327 25 38
frame - 34
4
50 282 33 47
144 313 26 35
367 326 25 39
227 341 24 36
frame - 35
4
47 280 32 47
142 311 25 36
366 326 24 40
225 342 24 36
frame - 36
4
45 280 31 49
363 326 25 40
139 309 26 37
222 342 22 34
frame - 37
4
43 280 32 49
361 323 24 43
139 307 23 35
215 352 25 42
frame - 38
4
41 280 32 50
136 306 25 35
211 338 23 37
357 321 26 40
frame - 39
4
39 282 32 48
208 334 24 34
354 319 26 41
132 306 27 36
frame - 40
4
35 282 34 49
129 307 26 35
206 345 25 44
354 315 25 42
frame - 41
5
35 282 34 50
127 306 26 37
352 312 26 40
204 330 22 35
449 399 18 32
frame - 42
5
36 282 32 49
351 311 26 41
124 308 26 37
202 328 23 32
448 398 18 32
frame - 43
6
35 281 32 49
350 311 26 39
120 309 25 38
199 327 25 37
269 331 26 35
445 398 20 32
frame - 44
6
32 278 34 50
349 311 26 39
268 331 26 35
115 308 26 39
197 326 24 39
347 442 19 26
frame - 45
5
30 276 34 49
110 309 28 39
348 311 26 39
194 328 26 38
267 331 24 35
frame - 46
7
28 275 34 47
348 312 26 39
107 309 26 37
192 329 26 36
445 403 18 29
265 331 24 35
814 449 15 18
frame - 47
5
26 272 32 48
347 312 27 41
99 304 29 39
191 330 23 36
813 449 15 18
frame - 48
5
23 271 32 48
95 302 29 39
189 331 23 36
348 312 27 42
812 449 16 18
frame - 49
5
19 270 34 48
94 300 28 40
188 330 23 37
348 313 27 40
812 449 16 18
frame - 50
5
12 268 36 51
90 299 29 39
349 312 26 41
187 329 23 36
812 450 15 17
frame - 51
4
11 269 33 51
349 311 27 42
88 299 27 39
187 327 23 33
frame - 52
5
6 268 34 52
349 310 28 43
185 325 25 34
86 301 26 37
518 423 18 26
frame - 53
4
0 269 36 53
350 307 28 45
84 301 26 38
184 322 24 35
frame - 54
6
0 269 31 53
351 303 28 45
80 303 28 37
259 324 25 34
180 319 25 38
811 450 15 18
frame - 55
5
0 269 26 51
350 300 28 44
178 315 24 35
256 320 25 36
78 305 27 34
frame - 56
8
349 298 30 42
0 273 19 41
253 315 27 36
75 305 29 37
174 311 25 36
771 452 14 18
431 399 18 26
812 449 15 18
frame - 57
6
349 295 28 43
252 314 25 36
0 271 12 41
172 310 25 37
75 307 28 39
772 451 14 18
frame - 58
6
349 294 27 44
169 310 25 37
73 308 26 39
249 315 25 38
772 451 13 18
0 267 6 37
frame - 59
5
347 294 28 44
71 309 27 39
165 311 27 37
246 315 25 38
772 451 14 17
frame - 60
6
346 295 28 44
69 305 28 37
241 316 26 38
160 311 28 38
772 450 14 18
814 449 14 17
frame - 61
6
345 297 29 44
238 319 26 36
158 314 26 34
70 304 26 36
771 450 15 18
813 448 15 19
frame - 62
6
343 299 28 42
154 315 25 35
234 322 27 37
66 302 26 37
771 450 15 19
812 448 16 19
frame - 63
6
341 299 28 42
229 323 28 43
151 314 25 37
64 299 27 39
772 450 14 19
812 447 16 20
frame - 64
8
145 314 25 35
339 298 28 42
61 297 25 35
226 327 25 39
772 449 14 19
813 447 15 19
496 420 16 21
416 405 17 25
frame - 65
6
334 297 28 42
58 294 26 37
220 323 26 39
141 312 24 36
772 450 14 19
813 447 16 19
frame - 66
4
55 291 29 41
137 309 25 34
331 294 28 41
214 324 25 39
frame - 67
5
53 289 28 43
331 292 25 41
208 320 25 38
135 307 25 34
813 448 15 18
frame - 68
5
327 289 27 41
206 318 24 38
50 290 28 41
132 305 24 35
813 447 15 19
frame - 69
5
46 291 28 41
205 315 23 35
323 286 29 42
129 303 25 36
813 448 15 19
frame - 70
5
43 293 27 41
201 311 25 38
322 282 29 43
126 300 26 39
813 449 15 19
frame - 71
4
318 281 30 42
39 293 26 39
123 298 27 41
198 309 26 37
frame - 72
5
318 281 29 42
122 298 27 42
31 291 27 41
198 307 25 33
768 451 15 18
frame - 73
5
314 281 30 41
28 290 27 43
120 298 25 41
196 307 26 38
768 450 14 19
frame - 74
5
313 281 29 40
21 284 28 38
117 298 26 42
194 307 26 39
767 450 14 18
frame - 75
5
311 281 27 40
14 281 29 40
115 301 26 42
192 308 26 40
766 449 14 19
frame - 76
5
309 282 28 41
191 310 24 38
113 302 26 39
11 277 29 42
766 449 14 18
frame - 77
5
110 301 26 41
7 273 29 40
189 309 26 42
307 283 29 43
766 449 14 18
frame - 78
5
110 300 24 39
187 313 27 43
2 269 32 40
305 283 30 43
766 448 14 19
frame - 79
5
187 311 27 44
107 297 26 36
2 267 30 38
305 283 28 42
766 449 14 18
frame - 80
5
304 280 29 43
104 294 26 39
186 312 26 40
2 265 27 39
766 449 14 18
frame - 81
5
301 278 30 43
185 310 27 41
0 262 27 41
101 291 27 40
765 448 14 19
frame - 82
4
300 274 29 44
184 311 25 39
0 262 24 43
98 288 27 43
frame - 83
4
296 272 31 42
0 262 22 43
95 286 26 38
178 309 27 40
frame - 84
5
292 269 30 42
91 283 26 40
0 263 21 41
176 306 26 37
765 450 15 18
frame - 85
4
288 265 33 46
86 282 27 40
171 302 27 40
0 262 19 41
frame - 86
4
285 263 33 47
169 300 26 40
0 261 16 35
83 282 27 40
frame - 87
5
283 265 32 45
164 300 27 38
77 284 26 37
0 259 15 36
77 303 30 48
frame - 88
4
278 265 32 45
74 285 26 38
161 299 28 41
0 255 12 38
frame - 89
5
272 265 34 46
291 390 27 51
159 301 25 38
69 302 28 49
0 254 11 40
frame - 90
3
270 268 32 43
150 302 29 41
63 286 27 39
frame - 91
4
267 268 29 43
57 284 25 39
148 305 27 41
255 423 24 35
frame - 92
4
258 268 32 43
47 282 29 42
144 307 27 40
816 442 15 18
frame - 93
3
253 267 31 44
44 282 26 40
140 306 26 41
frame - 94
4
249 264 30 44
132 304 27 43
39 279 27 44
237 422 22 34
frame - 95
3
239 260 31 44
127 302 27 41
34 275 27 41
frame - 96
5
234 257 33 44
124 300 26 42
31 272 29 45
253 401 24 40
224 413 23 37
frame - 97
5
227 253 33 45
29 271 28 43
251 380 29 58
120 303 24 37
222 410 24 38
frame - 98
3
222 247 34 47
114 294 29 44
25 269 29 45
frame - 99
3
220 245 33 46
113 288 27 41
24 268 27 46
frame - 100
3
218 243 33 44
112 282 27 41
21 267 27 46
frame - 101
3
213 242 33 45
16 268 28 46
112 279 27 41
frame - 102
4
209 243 33 46
14 269 27 43
111 277 28 42
455 406 17 26
frame - 103
3
207 243 33 48
13 270 26 44
109 275 27 42
frame - 104
4
205 244 34 47
10 270 27 44
106 274 28 42
447 404 19 28
frame - 105
4
204 245 33 48
104 274 28 43
8 269 26 46
448 403 17 28
frame - 106
4
203 246 32 47
101 274 29 46
3 266 28 47
448 403 16 27
frame - 107
3
201 244 33 49
98 274 30 46
0 263 30 43
frame - 108
3
198 244 33 47
0 260 26 43
98 274 30 45
frame - 109
3
195 240 34 47
98 272 29 45
0 257 23 41
frame - 110
3
193 237 32 48
97 271 28 43
0 254 18 41
frame - 111
3
191 234 32 47
96 266 28 45
0 253 13 41
frame - 112
2
188 229 33 48
92 262 29 45
frame - 113
2
184 225 31 48
89 259 27 43
frame - 114
2
177 220 33 53
86 253 27 45
frame - 115
3
172 220 34 53
80 251 27 43
343 448 27 35
frame - 116
2
167 220 35 51
73 248 30 44
frame - 117
4
161 221 34 51
66 248 31 45
428 396 22 33
896 449 14 17
frame - 118
5
157 223 34 50
63 248 30 45
894 449 15 18
429 396 22 34
769 442 14 19
frame - 119
3
150 225 36 49
56 249 33 45
769 442 15 18
frame - 120
5
50 249 33 48
143 225 34 50
428 394 21 35
769 442 15 18
894 449 15 17
frame - 121
3
137 225 34 50
46 254 31 43
770 441 15 19
frame - 122
4
128 224 35 49
39 255 31 43
251 360 31 45
769 441 15 19
frame - 123
3
123 220 36 51
32 255 32 48
768 440 16 20
frame - 124
4
117 217 34 50
22 252 33 46
244 362 31 43
768 440 16 19
frame - 125
3
110 210 36 51
243 362 31 45
16 248 33 46
frame - 126
3
105 206 35 51
11 244 32 43
93 389 25 38
frame - 127
3
97 201 39 52
4 239 34 42
247 300 25 37
frame - 128
7
92 197 39 51
0 235 34 47
80 377 29 43
237 360 28 42
244 297 27 40
402 392 23 36
893 446 13 15
frame - 129
4
89 194 39 53
234 360 31 44
0 229 31 47
766 439 14 18
frame - 130
5
85 193 39 53
0 225 26 47
241 297 27 42
233 361 29 39
397 393 21 34
frame - 131
5
81 194 38 51
230 362 33 44
238 299 29 44
394 390 22 32
765 440 14 17
frame - 132
5
75 193 39 55
236 300 29 42
390 390 21 32
229 363 33 42
764 441 14 17
frame - 133
4
70 195 40 54
236 300 28 41
387 388 23 34
764 440 14 17
frame - 134
4
64 196 41 55
236 299 26 40
232 366 30 39
385 387 24 35
frame - 135
5
60 196 40 56
236 298 25 40
382 386 25 36
234 365 29 40
221 366 26 38
frame - 136
3
59 195 40 56
380 383 25 37
237 363 28 44
frame - 137
4
57 192 39 56
231 293 27 38
379 382 24 38
290 416 23 32
frame - 138
4
52 189 42 53
377 382 25 37
228 289 27 40
290 419 23 30
frame - 139
4
47 185 42 53
234 357 26 47
376 384 25 36
223 284 28 39
frame - 140
4
43 180 41 54
375 385 26 36
239 355 22 44
287 420 25 29
frame - 141
4
40 174 40 55
216 277 29 37
241 356 21 40
374 386 25 36
frame - 142
4
36 170 39 55
211 274 30 39
372 386 25 35
237 353 23 42
frame - 143
4
29 167 39 54
207 273 31 40
238 353 24 43
372 385 24 36
frame - 144
4
24 165 39 54
205 274 30 39
241 355 23 40
371 384 25 36
frame - 145
4
17 165 40 56
202 276 29 40
242 355 24 41
371 383 24 37
frame - 146
5
11 164 39 57
197 279 29 39
239 354 26 42
370 381 23 37
246 355 25 41
frame - 147
3
3 165 39 57
192 279 29 41
369 379 22 34
frame - 148
5
0 166 34 58
187 279 28 40
248 356 25 38
366 377 23 36
239 357 26 38
frame - 149
3
0 167 29 57
364 375 23 37
182 279 27 35
frame - 150
3
363 375 22 36
175 277 28 36
0 167 17 56
frame - 151
2
361 374 23 37
172 275 27 36
frame - 152
2
358 375 25 37
236 356 24 37
frame - 153
1
357 377 21 35
frame - 154
2
355 377 22 35
615 419 14 20
frame - 155
1
355 378 19 33
frame - 156
2
350 377 21 35
158 255 31 38
frame - 157
1
156 252 31 40
frame - 158
1
155 252 30 40
frame - 159
2
153 254 29 39
221 347 21 34
frame - 160
3
219 344 22 32
148 255 30 41
828 430 15 21
frame - 161
1
218 345 22 31
frame - 162
3
215 345 22 31
142 259 30 38
830 431 16 21
frame - 163
3
139 258 32 40
214 345 21 30
831 431 17 20
frame - 164
3
137 257 29 37
213 347 20 29
833 431 15 20
frame - 165
0
frame - 166
2
207 350 24 35
330 371 22 38
frame - 167
1
205 349 22 34
frame - 168
2
120 241 30 40
203 348 22 35
frame - 169
2
117 238 27 40
200 347 23 36
frame - 170
2
110 236 29 41
198 345 23 34
frame - 171
2
104 235 30 41
195 343 25 34
frame - 172
2
96 234 31 42
193 341 24 35
frame - 173
2
88 236 31 42
192 340 22 36
frame - 174
2
82 237 29 42
190 338 21 36
frame - 175
2
71 241 32 40
185 338 23 32
frame - 176
1
181 336 24 33
frame - 177
2
51 241 34 42
176 336 25 33
frame - 178
2
43 238 35 43
175 336 22 33
frame - 179
2
35 235 34 44
170 336 22 37
frame - 180
2
27 232 36 46
167 338 23 36
frame - 181
3
22 228 38 48
161 339 25 38
794 431 15 20
frame - 182
3
17 225 36 48
158 341 22 34
795 431 16 20
frame - 183
3
13 221 36 50
155 341 22 33
797 430 16 20
frame - 184
3
9 221 37 48
798 429 16 20
148 337 24 37
frame - 185
3
2 220 40 48
145 335 25 34
798 428 17 21
frame - 186
3
0 219 37 46
141 331 25 37
268 357 25 37
frame - 187
4
0 219 33 47
139 330 24 36
266 357 25 37
800 429 17 20
frame - 188
5
0 222 28 44
138 328 23 36
256 357 26 38
801 429 17 20
0 295 30 38
frame - 189
5
137 326 23 33
256 356 26 38
0 222 22 46
0 298 26 36
802 430 17 20
frame - 190
4
0 301 19 40
0 229 15 38
132 324 25 35
254 355 27 38
frame - 191
2
130 323 26 35
253 354 29 39
frame - 192
2
128 323 26 35
251 354 29 40
frame - 193
1
126 323 26 34
frame - 194
3
123 324 26 35
249 358 25 36
851 427 20 22
frame - 195
3
121 325 25 35
252 362 24 37
850 428 21 22
frame - 196
1
120 326 25 34
frame - 197
3
241 351 22 34
116 328 28 37
800 430 19 21
frame - 198
3
240 351 22 33
113 328 28 39
800 429 19 22
frame - 199
2
239 349 23 36
111 327 28 38
frame - 200
3
234 347 25 37
109 325 27 39
801 429 18 21
frame - 201
2
230 346 27 38
107 322 28 39
frame - 202
2
106 320 27 39
228 342 27 39
frame - 203
4
225 341 25 35
104 318 26 37
285 365 21 35
800 427 19 22
frame - 204
4
223 340 25 36
100 315 28 37
286 363 19 31
800 428 19 21
frame - 205
3
218 338 26 37
96 312 28 39
801 428 19 22
frame - 206
4
92 309 28 41
213 337 27 39
281 371 24 39
802 429 19 21
frame - 207
3
89 310 28 38
209 338 26 37
278 368 20 34
frame - 208
4
85 309 28 40
205 339 26 38
276 368 22 35
843 425 22 23
frame - 209
4
78 311 30 40
197 340 29 40
275 368 21 34
843 425 22 24
frame - 210
4
75 312 28 39
191 340 29 37
273 367 21 35
844 426 21 23
frame - 211
4
188 341 28 37
70 313 29 39
273 367 19 33
107 377 26 34
frame - 212
3
183 340 27 36
65 314 28 38
274 363 19 32
frame - 213
3
60 313 28 39
177 337 27 37
268 365 23 38
frame - 214
3
53 311 30 40
174 336 27 37
268 361 22 34
frame - 215
3
171 332 26 36
50 308 28 40
261 359 21 35
frame - 216
3
164 331 28 42
46 306 26 42
260 358 21 36
frame - 217
3
42 303 27 40
257 358 22 36
159 326 29 41
frame - 218
4
156 323 30 42
38 301 28 39
810 426 20 22
824 426 19 22
frame - 219
2
36 298 28 40
152 323 30 39
frame - 220
2
149 323 28 37
34 297 27 37
frame - 221
3
31 296 29 38
142 323 32 40
808 426 20 22
frame - 222
2
140 324 31 40
29 295 27 38
frame - 223
3
138 325 30 40
27 295 27 38
244 370 30 54
frame - 224
2
136 323 31 41
23 297 29 40
frame - 225
2
133 324 30 39
19 299 30 38
frame - 226
2
130 320 31 41
15 300 31 39
frame - 227
3
12 301 31 39
129 318 31 40
236 367 25 50
frame - 228
3
125 316 31 41
11 301 28 39
799 427 19 22
frame - 229
2
8 299 30 40
124 313 30 41
frame - 230
2
121 311 31 41
6 297 30 39
frame - 231
3
118 310 30 41
3 294 30 40
797 425 19 21
frame - 232
3
115 308 30 40
1 290 29 40
224 354 23 32
frame - 233
3
111 307 31 42
0 285 27 40
223 353 23 33
frame - 234
3
109 309 31 40
0 283 23 41
224 353 21 32
frame - 235
3
106 308 30 43
0 282 20 38
223 354 20 31
frame - 236
3
100 309 32 43
0 279 15 43
223 355 19 31
frame - 237
2
97 310 31 42
0 281 12 40
frame - 238
2
93 310 30 41
219 358 16 28
frame - 239
2
86 309 31 40
217 358 17 28
frame - 240
3
81 307 31 41
217 358 17 28
793 425 18 22
