frame - 0
3
572 10 59 21
515 360 16 35
0 313 34 30
frame - 1
2
572 10 58 22
518 364 15 37
frame - 2
3
572 10 60 21
514 368 17 35
411 344 27 33
frame - 3
2
572 10 58 22
157 319 37 36
frame - 4
1
571 10 61 22
frame - 5
1
572 10 59 21
frame - 6
2
571 10 60 21
478 379 22 33
frame - 7
3
571 10 61 21
470 377 27 35
624 360 13 25
frame - 8
1
571 10 60 21
frame - 9
1
571 10 60 21
frame - 10
1
571 10 60 21
frame - 11
1
569 10 61 21
frame - 12
1
568 10 61 21
frame - 13
1
569 10 60 21
frame - 14
1
569 10 59 20
frame - 15
2
569 10 59 20
132 309 33 42
frame - 16
1
568 10 61 21
frame - 17
1
568 10 59 20
frame - 18
1
568 10 60 21
frame - 19
2
569 10 58 21
642 359 19 34
frame - 20
2
569 10 59 21
644 360 18 34
frame - 21
2
569 10 59 21
643 361 18 33
frame - 22
1
568 10 60 21
frame - 23
2
568 10 60 21
100 295 32 43
frame - 24
1
568 10 60 21
frame - 25
1
568 10 62 20
frame - 26
1
569 10 61 20
frame - 27
1
569 10 60 20
frame - 28
1
569 10 61 20
frame - 29
1
569 10 61 20
frame - 30
1
570 10 59 20
frame - 31
1
570 10 59 20
frame - 32
2
56 285 38 46
570 10 59 20
frame - 33
2
53 283 40 44
571 10 58 20
frame - 34
2
46 281 40 46
570 10 59 20
frame - 35
2
570 10 59 20
42 280 40 45
frame - 36
2
40 278 42 45
570 10 60 20
frame - 37
2
39 278 42 46
569 10 60 20
frame - 38
2
37 279 43 47
568 10 61 20
frame - 39
2
36 280 43 46
569 10 59 21
frame - 40
2
33 280 44 50
569 10 61 21
frame - 41
2
32 280 45 49
568 10 60 21
frame - 42
2
31 280 45 50
568 10 61 21
frame - 43
2
30 278 45 48
568 10 60 21
frame - 44
2
28 277 44 45
568 10 61 21
frame - 45
2
568 10 60 21
29 275 39 44
frame - 46
3
567 10 63 20
25 273 38 44
102 306 35 39
frame - 47
2
568 10 61 20
94 304 37 47
frame - 48
3
19 267 40 46
568 10 62 20
88 303 39 41
frame - 49
2
568 10 62 20
86 302 38 42
frame - 50
1
568 10 61 20
frame - 51
2
568 10 61 21
83 297 38 40
frame - 52
3
568 10 61 20
8 266 35 48
83 298 37 36
frame - 53
2
569 10 60 20
81 301 34 39
frame - 54
2
568 10 61 20
74 302 39 36
frame - 55
2
568 10 61 20
74 303 37 39
frame - 56
2
568 10 62 20
73 304 35 38
frame - 57
3
568 10 61 20
71 304 35 39
1028 475 13 13
frame - 58
2
568 10 61 20
69 302 35 39
frame - 59
2
568 10 61 20
67 303 36 40
frame - 60
2
568 10 62 20
66 302 35 40
frame - 61
2
568 10 62 20
64 300 35 42
frame - 62
2
568 10 62 20
63 297 36 43
frame - 63
2
568 10 62 21
553 425 18 21
frame - 64
1
568 10 62 21
frame - 65
3
568 10 61 20
54 289 37 41
140 314 32 47
frame - 66
2
569 10 60 21
52 288 36 39
frame - 67
3
49 287 37 39
568 10 62 20
132 308 34 38
frame - 68
4
568 10 62 20
43 290 39 40
125 308 35 41
203 317 33 39
frame - 69
2
569 10 61 20
44 290 39 37
frame - 70
2
39 292 37 42
568 10 62 20
frame - 71
3
121 302 35 48
35 290 36 37
569 10 60 20
frame - 72
1
568 10 62 19
frame - 73
1
568 10 62 20
frame - 74
2
13 283 42 37
568 10 61 20
frame - 75
2
569 10 60 21
11 284 37 32
frame - 76
2
570 10 59 20
9 276 35 41
frame - 77
2
4 271 39 39
569 10 60 20
frame - 78
2
1 267 39 39
569 10 60 20
frame - 79
2
1 265 35 40
568 10 61 20
frame - 80
0
frame - 81
0
frame - 82
0
frame - 83
1
763 449 18 18
frame - 84
1
763 450 20 18
frame - 85
2
763 451 20 19
172 299 32 40
frame - 86
2
171 295 31 44
764 450 18 19
frame - 87
0
frame - 88
1
160 295 34 44
frame - 89
2
154 295 35 42
64 284 33 55
frame - 90
2
151 298 36 44
59 289 35 58
frame - 91
3
148 303 36 41
52 284 37 51
568 10 60 20
frame - 92
2
138 302 37 39
569 10 60 20
frame - 93
3
44 278 34 51
569 10 59 21
140 302 34 41
frame - 94
2
36 276 37 48
569 10 60 21
frame - 95
3
122 299 38 43
568 10 60 20
35 278 33 46
frame - 96
2
122 299 35 42
569 10 59 21
frame - 97
2
570 10 58 21
120 296 33 43
frame - 98
2
569 10 60 20
114 292 37 42
frame - 99
0
frame - 100
1
569 10 58 21
frame - 101
1
569 10 58 21
frame - 102
2
569 10 58 21
209 243 40 42
frame - 103
1
569 10 58 21
frame - 104
2
206 245 42 46
569 10 58 21
frame - 105
3
205 246 42 46
103 273 36 46
569 10 59 21
frame - 106
2
204 246 41 46
104 274 35 51
frame - 107
2
200 246 41 46
103 274 35 50
frame - 108
3
199 242 38 47
101 271 36 53
568 10 61 21
frame - 109
5
198 241 39 44
765 440 18 19
99 269 36 55
569 10 59 21
902 452 13 16
frame - 110
4
97 265 35 56
903 451 14 17
765 440 18 19
196 236 36 48
frame - 111
3
189 233 40 46
95 265 37 59
568 10 60 20
frame - 112
1
91 263 35 48
frame - 113
1
182 225 37 47
frame - 114
2
897 452 16 17
177 221 39 49
frame - 115
2
171 220 41 48
898 450 14 18
frame - 116
2
165 220 45 49
895 449 16 17
frame - 117
2
159 220 48 48
895 449 15 18
frame - 118
2
158 220 43 49
892 450 17 17
frame - 119
3
153 223 45 51
892 450 16 18
568 10 61 20
frame - 120
3
144 225 38 49
891 450 17 18
568 10 62 20
frame - 121
3
139 225 40 49
891 449 17 18
568 10 62 20
frame - 122
2
130 223 41 49
890 449 18 17
frame - 123
3
125 220 40 51
889 449 18 17
568 10 62 20
frame - 124
2
888 448 20 17
568 10 62 20
frame - 125
2
888 447 20 18
567 10 63 20
frame - 126
2
887 447 21 18
567 10 63 20
frame - 127
3
889 447 19 18
567 10 62 20
768 434 14 17
frame - 128
3
97 197 41 51
568 10 61 20
890 447 19 19
frame - 129
3
890 446 20 20
568 10 61 20
768 435 14 16
frame - 130
2
567 10 63 20
891 446 18 19
frame - 131
2
568 10 61 20
890 447 18 17
frame - 132
2
568 10 62 20
882 449 14 17
frame - 133
1
568 10 60 22
frame - 134
0
frame - 135
2
568 10 61 21
932 527 10 12
frame - 136
2
568 10 61 21
383 380 26 32
frame - 137
1
568 10 61 21
frame - 138
2
229 286 35 49
567 10 62 21
frame - 139
2
568 10 61 21
758 435 12 16
frame - 140
1
568 10 61 21
frame - 141
1
568 10 61 21
frame - 142
1
568 10 61 21
frame - 143
2
209 273 35 46
567 10 62 21
frame - 144
1
568 10 61 21
frame - 145
2
203 276 34 45
568 10 60 21
frame - 146
2
568 10 60 21
196 278 36 41
frame - 147
3
192 279 34 45
567 10 61 20
900 447 16 16
frame - 148
3
567 10 61 20
187 278 33 49
898 447 17 17
frame - 149
3
178 276 37 46
567 10 61 20
897 446 18 18
frame - 150
4
171 274 37 42
897 446 19 18
750 409 10 21
567 10 61 20
frame - 151
3
170 271 35 48
897 446 19 18
747 408 11 22
frame - 152
4
163 267 38 56
570 10 56 20
899 447 16 16
741 408 12 24
frame - 153
4
570 10 56 21
161 263 39 56
897 447 16 16
738 408 13 23
frame - 154
4
570 10 56 21
161 258 38 53
897 447 15 17
738 409 11 22
frame - 155
2
570 10 56 21
894 447 17 18
frame - 156
3
570 10 56 21
156 252 37 54
891 448 15 17
frame - 157
3
154 250 39 48
570 10 55 21
892 447 15 17
frame - 158
3
153 249 36 40
570 10 56 20
891 448 15 16
frame - 159
2
570 10 56 20
895 448 15 17
frame - 160
3
147 254 35 41
570 10 56 21
892 448 16 17
frame - 161
3
568 10 59 21
144 257 36 46
895 447 15 16
frame - 162
3
568 10 59 21
894 447 15 17
140 257 36 42
frame - 163
3
137 257 38 42
569 10 58 21
894 447 16 17
frame - 164
3
135 254 38 42
568 10 60 20
894 447 15 17
frame - 165
3
569 10 58 21
893 447 16 17
135 250 34 49
frame - 166
4
569 10 58 21
893 446 16 18
131 247 34 54
154 587 5 10
frame - 167
3
569 10 57 21
128 242 35 58
893 447 16 18
frame - 168
3
121 238 38 50
569 10 57 21
892 447 16 19
frame - 169
3
114 236 39 52
569 10 57 21
892 447 16 19
frame - 170
3
110 233 40 49
569 10 57 20
892 447 16 18
frame - 171
3
569 10 57 20
104 233 35 49
891 447 16 18
frame - 172
3
569 10 57 20
96 232 37 48
891 446 17 19
frame - 173
3
87 233 37 53
569 10 58 20
892 447 15 17
frame - 174
3
569 10 58 21
81 234 37 57
890 447 15 17
frame - 175
3
72 238 36 52
568 10 58 20
889 447 16 17
frame - 176
3
569 10 58 21
889 447 15 17
65 241 37 59
frame - 177
3
569 10 58 21
49 238 39 58
889 447 16 18
frame - 178
4
42 235 41 59
569 10 58 21
887 447 17 18
989 456 15 18
frame - 179
4
35 230 39 66
568 10 59 21
887 448 18 18
168 333 32 37
frame - 180
4
568 10 59 21
32 228 37 56
888 447 17 18
163 334 32 38
frame - 181
3
568 10 58 20
27 223 39 61
888 447 16 18
frame - 182
3
20 221 42 64
568 10 59 20
887 447 17 18
frame - 183
3
568 10 59 20
889 447 15 18
18 220 41 61
frame - 184
4
568 10 60 20
887 447 16 18
796 426 16 23
851 429 15 22
frame - 185
4
568 10 60 20
888 447 13 17
4 216 43 62
796 426 17 23
frame - 186
4
568 10 60 20
795 426 18 23
888 448 14 17
3 214 42 57
frame - 187
6
138 324 31 47
568 10 59 20
887 448 13 17
796 426 18 23
2 213 39 61
857 426 16 22
frame - 188
6
567 10 60 20
134 317 33 48
889 448 12 16
1 214 37 56
858 426 16 22
341 417 12 21
frame - 189
2
567 10 59 20
133 317 30 44
frame - 190
3
567 10 59 19
127 319 36 42
329 414 18 20
frame - 191
3
567 10 59 19
125 320 33 40
327 414 19 23
frame - 192
2
568 10 59 20
800 429 15 21
frame - 193
3
568 10 58 20
121 321 34 39
852 427 14 22
frame - 194
2
568 10 59 20
119 322 34 37
frame - 195
2
568 10 59 20
117 322 34 36
frame - 196
3
568 10 59 20
112 324 36 36
851 428 15 21
frame - 197
2
568 10 59 20
850 430 14 19
frame - 198
2
568 10 59 20
850 430 15 19
frame - 199
3
568 10 59 20
849 427 16 21
110 327 32 38
frame - 200
3
569 10 58 21
109 324 31 42
848 427 16 20
frame - 201
1
568 10 59 20
frame - 202
1
568 10 59 19
frame - 203
2
568 10 60 19
101 317 32 39
frame - 204
2
568 10 60 19
99 314 31 38
frame - 205
1
568 10 60 19
frame - 206
2
568 10 60 20
214 335 27 43
frame - 207
2
569 10 59 21
87 310 33 39
frame - 208
3
569 10 60 21
84 308 32 43
203 338 30 40
frame - 209
2
568 10 60 20
77 311 34 43
frame - 210
3
568 10 60 20
75 311 33 41
886 450 9 16
frame - 211
2
568 10 60 20
70 311 34 41
frame - 212
1
569 10 59 20
frame - 213
1
568 10 59 20
frame - 214
1
568 10 59 21
frame - 215
2
568 10 60 21
50 307 32 43
frame - 216
2
567 10 61 21
173 333 22 45
frame - 217
2
567 10 61 20
39 303 36 40
frame - 218
3
567 10 62 20
36 300 34 40
154 324 33 39
frame - 219
2
568 10 61 20
33 298 34 41
frame - 220
2
568 10 61 20
33 297 35 37
frame - 221
2
568 10 60 20
26 296 36 37
frame - 222
2
568 10 60 20
139 323 35 40
frame - 223
3
568 10 60 20
135 324 36 41
24 294 35 40
frame - 224
3
132 323 37 40
568 10 60 20
21 295 35 39
frame - 225
5
130 322 37 41
567 10 61 20
14 299 38 39
806 426 19 22
853 387 15 33
frame - 226
3
129 321 38 39
568 10 60 20
12 300 35 41
frame - 227
3
568 10 60 21
10 301 36 41
128 319 36 39
frame - 228
3
569 10 57 20
122 317 36 43
9 299 36 43
frame - 229
2
7 296 36 47
567 10 59 19
frame - 230
3
2 295 38 44
568 10 58 20
818 421 15 21
frame - 231
3
567 10 60 20
1 292 36 45
117 310 34 43
frame - 232
2
568 10 58 20
844 419 19 21
frame - 233
3
568 10 58 20
108 312 34 44
801 420 16 22
frame - 234
2
106 312 36 39
568 10 59 20
frame - 235
2
103 310 36 43
568 10 58 20
frame - 236
2
97 311 37 43
568 10 59 20
frame - 237
2
95 310 36 43
568 10 58 20
frame - 238
2
91 310 36 40
568 10 58 20
frame - 239
1
568 10 58 19
frame - 240
1
568 10 59 20
