frame - 0
2
1051 452 20 24
823 426 20 16
frame - 1
1
1053 452 20 25
frame - 2
2
811 426 20 16
1054 451 20 25
frame - 3
2
1052 450 20 25
821 427 19 16
frame - 4
3
1053 451 22 25
1225 514 24 16
823 426 20 16
frame - 5
1
823 426 17 16
frame - 6
0
frame - 7
1
825 425 17 17
frame - 8
1
824 426 19 16
frame - 9
1
821 426 17 16
frame - 10
1
818 427 15 15
frame - 11
1
822 427 16 15
frame - 12
1
829 426 15 16
frame - 13
1
823 427 17 15
frame - 14
2
330 412 18 16
823 427 16 15
frame - 15
2
330 413 18 15
818 427 17 15
frame - 16
2
331 413 18 16
819 427 19 15
frame - 17
3
846 441 15 16
332 413 18 18
1068 457 15 21
frame - 18
2
827 428 19 16
848 442 14 16
frame - 19
1
847 441 15 17
frame - 20
2
826 427 19 16
848 442 14 16
frame - 21
2
825 427 18 16
849 441 14 17
frame - 22
1
849 441 14 17
frame - 23
2
848 441 15 17
826 426 19 16
frame - 24
2
828 427 18 17
850 440 13 17
frame - 25
0
frame - 26
0
frame - 27
0
frame - 28
0
frame - 29
1
1098 455 28 46
frame - 30
2
1071 453 17 26
826 427 19 16
frame - 31
1
850 441 15 17
frame - 32
2
359 416 32 39
849 441 15 17
frame - 33
1
850 441 15 17
frame - 34
1
851 441 14 16
frame - 35
1
850 441 15 17
frame - 36
0
frame - 37
1
881 436 14 16
frame - 38
0
frame - 39
0
frame - 40
0
frame - 41
1
830 427 19 16
frame - 42
1
830 427 19 16
frame - 43
2
839 427 20 15
1083 451 19 28
frame - 44
2
840 427 19 15
845 432 16 16
frame - 45
2
839 427 20 15
318 416 21 31
frame - 46
2
851 440 15 17
317 415 21 32
frame - 47
1
850 440 15 17
frame - 48
1
851 440 15 17
frame - 49
3
849 440 16 17
839 425 20 16
830 426 20 16
frame - 50
2
839 425 20 16
849 439 16 17
frame - 51
2
839 425 20 16
848 439 17 17
frame - 52
1
840 426 18 15
frame - 53
2
840 425 20 16
850 439 15 16
frame - 54
2
841 424 19 17
851 439 15 17
frame - 55
2
842 425 19 17
851 439 15 17
frame - 56
2
841 424 19 17
851 439 15 17
frame - 57
1
843 424 18 17
frame - 58
1
843 425 19 17
frame - 59
2
843 425 18 17
845 430 17 17
frame - 60
2
842 425 20 17
844 429 17 18
frame - 61
1
844 425 17 17
frame - 62
2
843 425 19 17
845 430 17 18
frame - 63
2
843 425 20 16
843 429 19 19
frame - 64
3
843 423 20 18
843 428 19 19
1101 453 17 25
frame - 65
2
843 423 19 17
861 440 15 18
frame - 66
2
842 423 20 17
861 440 16 17
frame - 67
2
843 424 18 16
861 440 17 17
frame - 68
1
843 424 19 16
frame - 69
3
843 424 19 17
861 440 17 17
317 416 25 40
frame - 70
3
845 424 17 17
861 439 17 18
319 416 23 40
frame - 71
2
845 424 17 17
861 439 18 18
frame - 72
3
314 415 24 44
1107 450 15 25
846 426 17 16
frame - 73
3
844 424 19 17
860 439 18 18
1105 451 18 24
frame - 74
2
843 424 20 16
860 439 18 18
frame - 75
2
846 422 17 18
860 439 18 18
frame - 76
2
846 423 18 18
860 439 18 18
frame - 77
1
848 424 16 17
frame - 78
1
848 423 16 18
frame - 79
3
1090 448 15 22
849 423 16 18
1166 451 24 40
frame - 80
3
848 423 17 18
312 415 30 42
1165 453 24 38
frame - 81
3
848 424 17 18
856 426 19 16
418 426 29 25
frame - 82
2
848 425 17 17
418 427 29 24
frame - 83
2
849 424 17 17
856 425 19 16
frame - 84
0
frame - 85
1
848 424 17 17
frame - 86
1
847 423 19 17
frame - 87
2
847 425 19 16
422 432 25 25
frame - 88
3
849 425 16 16
423 432 25 25
1180 456 17 29
frame - 89
3
850 425 16 16
878 440 15 18
422 432 26 24
frame - 90
5
423 433 26 25
282 415 30 43
858 426 17 15
852 425 15 16
1181 452 19 26
frame - 91
4
278 420 31 43
424 432 25 26
859 426 16 15
1180 455 22 32
frame - 92
4
279 420 33 43
426 435 23 23
860 427 16 14
1177 456 26 31
frame - 93
4
280 415 30 44
426 435 24 23
861 426 15 15
1180 455 23 32
frame - 94
2
280 416 30 40
1179 455 25 33
frame - 95
4
279 414 28 42
861 425 17 16
1181 456 24 30
1137 458 21 28
frame - 96
2
861 426 17 15
427 434 23 23
frame - 97
1
861 427 16 14
frame - 98
1
862 425 18 16
frame - 99
0
frame - 100
2
880 439 15 18
862 427 16 15
frame - 101
1
879 439 15 18
frame - 102
4
878 435 14 16
880 438 13 18
327 421 25 37
573 440 23 25
frame - 103
3
1138 459 18 26
880 438 14 18
878 435 14 16
frame - 104
3
1138 459 17 26
880 437 14 19
865 424 15 17
frame - 105
1
865 424 16 17
frame - 106
1
865 424 16 17
frame - 107
2
865 425 18 17
876 433 15 17
frame - 108
2
865 424 17 17
878 433 13 17
frame - 109
1
865 425 18 16
frame - 110
2
865 425 19 17
1145 458 20 28
frame - 111
1
865 425 20 17
frame - 112
1
865 425 20 17
frame - 113
3
866 426 19 16
882 433 16 17
873 426 17 16
frame - 114
3
1143 449 18 23
866 425 19 17
872 426 18 16
frame - 115
2
1145 462 19 23
864 425 19 17
frame - 116
2
1144 461 20 24
1141 454 17 21
frame - 117
3
882 438 18 19
731 421 18 18
865 424 19 18
frame - 118
3
1141 460 19 25
1206 459 25 34
1144 458 17 21
frame - 119
3
1207 458 28 35
1139 459 21 27
886 438 17 19
frame - 120
2
1143 459 17 26
890 439 15 18
frame - 121
6
888 439 17 19
439 425 28 32
1146 459 19 27
874 425 17 16
1210 458 28 34
253 407 26 39
frame - 122
6
888 438 16 20
252 405 27 42
1146 459 20 27
875 425 17 16
438 425 30 31
1211 458 29 34
frame - 123
4
887 438 16 19
1213 457 27 35
251 406 28 42
877 425 16 16
frame - 124
4
886 438 17 19
252 406 26 41
1145 458 21 27
1213 458 26 33
frame - 125
2
888 437 17 20
876 425 18 17
frame - 126
3
888 438 17 19
249 407 27 42
876 425 18 16
frame - 127
3
248 407 29 42
877 425 18 16
890 437 16 20
frame - 128
4
892 437 16 21
248 409 28 41
876 424 17 17
1143 453 20 22
frame - 129
3
876 424 18 17
885 432 16 18
892 437 16 20
frame - 130
5
243 410 34 41
878 425 16 16
893 436 16 20
888 432 15 19
1164 454 19 22
frame - 131
6
893 436 17 21
877 424 16 17
242 410 33 41
890 432 16 19
1225 458 25 28
1168 452 16 24
frame - 132
7
892 436 18 20
241 408 33 41
890 432 17 19
877 425 16 16
1167 452 16 22
1225 458 26 29
923 438 16 18
frame - 133
6
891 432 16 19
878 423 16 18
241 405 32 42
1227 457 26 34
896 436 16 20
1168 452 17 22
frame - 134
8
241 407 33 41
1170 449 16 22
891 432 16 19
898 436 17 20
587 440 22 26
879 423 15 18
922 438 16 19
384 405 14 18
frame - 135
6
891 433 17 18
921 437 17 20
895 436 17 20
1168 451 16 21
239 405 28 43
381 407 15 16
frame - 136
5
893 433 16 18
893 436 18 20
922 436 18 20
1165 451 19 25
382 407 16 17
frame - 137
5
893 432 16 19
1155 448 15 19
894 435 16 21
588 440 22 25
1163 448 17 22
frame - 138
5
892 431 16 20
238 406 27 43
923 435 17 21
1167 450 16 25
895 434 16 21
frame - 139
3
892 431 18 19
238 406 28 42
589 439 21 26
frame - 140
6
893 432 17 19
895 435 18 22
923 436 18 21
1236 451 27 25
589 440 22 25
881 423 18 18
frame - 141
5
897 431 15 19
851 423 15 17
236 407 29 40
590 439 22 25
925 438 15 20
frame - 142
3
895 430 16 19
235 405 27 44
926 438 17 21
frame - 143
4
926 438 17 20
896 431 16 19
235 407 25 42
1175 455 21 23
frame - 144
3
895 431 16 19
234 408 26 41
928 438 15 19
frame - 145
3
234 409 26 40
897 433 15 18
901 436 15 20
frame - 146
3
1177 451 21 26
896 432 15 19
906 437 15 20
frame - 147
3
1176 451 21 25
896 431 17 19
1169 453 17 24
frame - 148
4
1177 451 21 24
898 431 16 19
284 419 27 40
391 405 17 17
frame - 149
4
1178 451 22 27
888 423 16 17
896 431 16 19
391 405 18 17
frame - 150
2
1179 451 21 26
393 406 18 18
frame - 151
1
1183 451 17 26
frame - 152
4
890 422 16 17
1252 451 25 25
1181 454 19 23
900 432 15 18
frame - 153
5
1184 452 16 24
893 421 15 18
392 405 18 18
901 432 14 19
1192 453 19 24
frame - 154
5
280 418 30 42
1193 452 20 25
892 421 16 18
392 405 19 18
901 432 15 18
frame - 155
6
1194 451 21 26
393 406 18 18
903 432 16 19
277 420 31 39
1254 450 24 24
893 421 16 18
frame - 156
5
903 432 16 19
894 421 16 18
392 406 18 17
1196 452 22 26
906 435 16 22
frame - 157
3
906 431 15 19
395 407 18 18
896 422 16 18
frame - 158
4
275 420 32 40
907 433 15 18
397 407 17 18
910 435 15 20
frame - 159
5
907 433 15 18
910 435 15 21
396 406 17 18
1200 450 23 28
893 420 17 18
frame - 160
6
276 420 31 39
905 433 16 19
909 435 16 21
893 421 17 17
397 407 17 19
1203 451 19 26
frame - 161
6
905 432 16 19
908 436 17 20
1202 451 21 27
397 407 16 19
276 418 31 43
895 422 16 17
frame - 162
5
273 416 33 46
906 433 17 19
910 436 16 20
396 407 17 19
1201 451 22 27
frame - 163
6
273 418 33 44
906 433 16 19
910 435 16 22
895 422 16 17
1203 451 19 26
398 407 15 19
frame - 164
6
271 418 30 42
911 436 16 20
1203 452 20 26
894 421 16 17
908 433 16 18
399 408 15 18
frame - 165
5
1205 452 18 25
908 433 16 19
911 435 16 21
398 408 17 19
894 422 16 17
frame - 166
4
910 435 18 22
1204 452 21 25
891 420 18 17
906 432 18 20
frame - 167
5
910 435 18 23
1208 452 18 26
398 408 15 18
893 421 17 17
906 432 17 19
frame - 168
5
909 435 19 23
893 422 17 17
399 408 14 18
1208 453 18 24
905 432 18 19
frame - 169
4
909 435 19 23
893 423 17 16
398 408 15 18
903 432 18 19
frame - 170
3
910 434 18 23
908 433 17 19
398 409 16 17
frame - 171
5
913 436 17 21
908 433 17 18
399 409 16 17
894 422 17 17
1211 452 16 24
frame - 172
5
906 431 17 20
400 409 15 17
914 436 17 21
895 423 17 17
1212 453 18 24
frame - 173
5
908 432 18 19
400 409 15 17
916 436 16 20
896 423 16 17
1215 453 16 24
frame - 174
5
908 432 16 19
400 409 15 17
914 436 16 20
896 424 16 17
1217 452 15 24
frame - 175
4
894 423 16 17
905 431 17 19
918 437 15 19
1218 452 17 25
frame - 176
4
895 423 16 17
908 432 16 18
917 438 16 19
1217 454 16 23
frame - 177
3
917 437 16 20
895 423 16 17
907 432 16 18
frame - 178
6
915 438 16 19
894 424 17 16
906 433 17 17
1219 455 16 22
283 414 17 17
938 433 18 16
frame - 179
4
917 438 16 19
893 424 17 17
905 431 17 18
1218 455 16 23
frame - 180
4
1221 461 22 24
893 422 18 18
917 438 15 19
1270 448 10 20
frame - 181
4
1221 461 22 24
893 422 17 19
920 438 16 20
1270 447 10 21
frame - 182
3
1223 459 20 26
891 422 19 18
917 438 15 19
frame - 183
4
1216 455 17 22
892 422 19 19
918 438 15 19
282 413 17 17
frame - 184
5
1216 454 16 22
892 423 18 18
281 413 17 17
920 438 16 21
916 437 16 20
frame - 185
4
919 438 19 21
892 423 19 18
1225 460 19 25
1218 455 17 22
frame - 186
3
1223 455 17 21
920 438 18 21
891 422 19 18
frame - 187
3
1221 455 16 21
920 438 18 21
892 423 18 18
frame - 188
4
1224 456 16 20
920 439 17 20
891 423 18 18
916 438 17 20
frame - 189
4
1214 457 17 20
919 438 19 22
890 422 19 19
916 438 17 20
frame - 190
4
919 438 19 21
891 423 19 17
1231 455 15 21
916 438 16 19
frame - 191
4
920 439 19 21
1231 457 16 20
891 423 19 17
1231 461 17 23
frame - 192
4
920 439 18 20
1230 457 15 20
891 423 19 17
1220 460 17 24
frame - 193
4
920 439 19 21
1213 463 20 21
1223 460 17 18
891 423 19 18
frame - 194
4
921 439 19 21
1216 461 19 24
1226 458 17 19
891 422 19 18
frame - 195
4
921 439 19 21
892 423 18 17
1228 457 18 20
1218 462 19 23
frame - 196
4
924 439 17 20
894 424 17 17
1216 463 20 22
1230 458 17 19
frame - 197
4
923 439 19 20
1232 456 18 21
894 423 17 18
1225 460 18 25
frame - 198
3
924 439 19 20
895 423 17 18
1234 457 16 19
frame - 199
3
925 439 18 20
895 424 17 17
1236 456 14 19
frame - 200
3
926 439 17 21
894 425 17 17
898 428 17 19
frame - 201
5
926 439 18 21
895 425 18 17
801 432 15 16
898 428 17 19
1242 455 19 19
frame - 202
5
927 439 18 21
896 425 16 17
898 428 17 19
1243 455 17 19
801 432 15 16
frame - 203
5
927 439 18 20
1244 454 16 18
895 425 16 17
801 432 15 16
898 429 17 19
frame - 204
6
928 439 16 20
956 436 15 16
805 431 15 17
895 426 16 16
903 430 16 18
1245 456 17 17
frame - 205
6
928 439 17 20
956 436 15 16
813 430 16 19
830 424 16 18
903 431 17 18
1230 457 16 17
frame - 206
5
929 440 17 19
956 436 15 16
812 431 16 18
828 425 16 17
906 431 16 17
frame - 207
6
929 439 17 21
958 435 15 17
955 438 16 18
938 439 18 20
898 426 17 16
901 430 18 18
frame - 208
5
928 439 18 20
954 438 16 18
957 435 16 17
803 434 15 16
942 439 16 19
frame - 209
6
929 440 17 19
955 437 16 19
958 435 17 18
896 426 18 16
801 433 15 17
938 439 18 20
frame - 210
3
929 440 17 19
958 435 17 17
956 437 16 18
frame - 211
4
959 434 16 18
930 440 17 20
1228 459 17 19
956 436 17 19
frame - 212
4
956 436 17 20
930 440 18 20
1225 457 16 18
958 435 18 17
frame - 213
5
955 437 18 19
931 439 17 21
958 435 17 17
1224 456 17 19
937 439 19 20
frame - 214
4
956 437 17 19
931 440 17 20
959 435 16 18
1253 455 19 20
frame - 215
6
1256 455 17 19
956 438 16 18
932 440 16 19
959 436 16 16
896 423 17 18
826 431 17 18
frame - 216
6
956 437 16 19
1253 455 20 19
895 423 17 17
940 439 17 21
959 435 16 17
933 440 15 19
frame - 217
6
956 437 17 19
1253 454 20 21
960 435 16 17
941 439 16 20
896 424 17 17
933 439 15 19
frame - 218
5
959 434 15 17
826 434 16 16
893 421 18 18
933 440 15 19
940 438 16 20
frame - 219
6
960 434 14 16
825 434 18 16
894 420 17 20
935 440 13 19
1259 461 19 24
413 408 18 16
frame - 220
4
959 435 14 16
412 408 19 16
825 434 16 16
894 421 17 18
frame - 221
2
828 434 17 16
413 409 18 16
frame - 222
1
830 434 16 16
frame - 223
0
frame - 224
1
896 422 16 18
frame - 225
1
897 423 16 18
frame - 226
1
896 422 18 19
frame - 227
2
896 422 17 19
1258 463 16 23
frame - 228
1
896 423 17 18
frame - 229
4
896 421 18 20
83 422 35 39
629 450 24 22
76 423 32 40
frame - 230
1
895 421 17 20
frame - 231
2
895 421 18 20
83 419 37 34
frame - 232
2
896 422 16 20
632 448 23 24
frame - 233
2
895 421 18 20
73 420 36 33
frame - 234
2
898 423 16 18
71 423 33 40
frame - 235
1
896 423 17 18
frame - 236
4
895 422 18 18
967 436 13 15
71 420 34 36
1266 460 14 26
frame - 237
3
70 420 36 37
896 423 17 18
968 436 11 15
frame - 238
2
1268 461 11 25
898 423 16 18
frame - 239
0
frame - 240
1
896 423 17 19
frame - 241
1
896 422 18 19
frame - 242
2
896 422 19 19
640 448 25 26
frame - 243
2
896 422 19 20
640 448 25 27
frame - 244
4
898 422 18 19
962 438 14 19
816 432 16 17
641 448 24 26
frame - 245
2
898 422 18 19
812 431 16 18
frame - 246
1
896 423 20 19
frame - 247
1
900 423 18 19
frame - 248
2
900 422 18 19
641 449 25 23
frame - 249
1
900 422 20 19
frame - 250
2
901 422 20 19
645 450 23 24
frame - 251
1
901 422 20 20
frame - 252
1
901 421 20 20
frame - 253
1
901 422 20 19
frame - 254
2
902 422 20 19
648 450 23 24
frame - 255
3
902 422 19 19
648 449 24 25
848 433 17 17
frame - 256
3
902 422 19 20
648 449 23 24
849 432 15 18
frame - 257
1
901 422 20 20
frame - 258
1
902 423 19 19
frame - 259
1
903 422 20 19
frame - 260
0
frame - 261
1
904 423 20 19
frame - 262
3
906 424 20 18
26 410 34 37
649 448 25 25
frame - 263
1
905 424 19 18
frame - 264
2
905 424 20 18
840 441 18 17
frame - 265
3
91 417 31 40
840 441 19 18
906 425 19 18
frame - 266
2
89 417 33 39
905 425 20 17
frame - 267
2
88 419 33 37
807 432 19 15
frame - 268
2
88 418 34 37
806 429 17 15
frame - 269
3
86 420 36 36
846 426 16 16
905 425 20 18
frame - 270
3
86 419 32 38
799 429 17 14
905 425 19 17
frame - 271
4
86 419 31 38
800 429 16 14
904 425 19 17
966 448 10 17
frame - 272
4
966 450 10 16
85 420 34 36
905 425 18 17
800 428 17 14
frame - 273
3
906 424 17 18
801 429 17 14
966 448 12 17
frame - 274
3
908 425 18 17
967 448 10 17
803 428 16 14
frame - 275
5
75 420 33 35
807 429 16 14
908 425 18 17
968 447 11 17
811 432 16 15
frame - 276
5
76 419 31 36
810 428 15 15
968 450 10 16
909 425 19 18
812 431 16 16
frame - 277
4
76 421 27 35
808 429 16 14
910 424 17 18
969 449 11 17
frame - 278
3
910 425 18 18
808 429 17 14
968 452 11 17
frame - 279
2
910 425 20 18
806 429 17 13
frame - 280
4
910 424 18 19
808 429 16 14
993 440 11 18
971 449 10 16
frame - 281
4
910 425 18 18
658 451 25 25
840 449 22 16
813 429 15 14
frame - 282
4
910 425 17 17
658 451 25 26
813 430 15 13
969 447 11 16
frame - 283
2
910 425 17 17
813 430 15 13
frame - 284
3
910 424 17 17
813 430 15 13
661 451 22 25
frame - 285
3
911 424 17 17
815 430 15 13
661 451 24 25
frame - 286
2
813 430 15 13
910 423 17 17
frame - 287
4
813 429 17 14
662 452 24 23
968 450 13 17
911 423 18 17
frame - 288
5
812 429 16 13
911 422 18 18
968 450 13 16
663 452 22 22
0 418 16 42
frame - 289
3
909 423 17 18
663 452 24 23
0 417 15 42
frame - 290
3
911 423 17 18
1 419 15 38
663 452 23 22
frame - 291
2
913 423 17 18
0 418 14 32
frame - 292
1
0 418 13 32
frame - 293
2
821 428 19 15
0 419 13 38
frame - 294
2
0 419 13 39
818 428 18 14
frame - 295
2
821 427 19 15
0 420 12 38
frame - 296
1
822 427 19 15
frame - 297
0
frame - 298
1
919 424 20 18
frame - 299
0
frame - 300
0
frame - 301
0
frame - 302
1
37 421 22 27
frame - 303
1
921 423 20 17
frame - 304
1
920 423 21 18
frame - 305
0
frame - 306
1
925 416 17 15
frame - 307
1
993 435 12 15
frame - 308
1
30 422 28 26
frame - 309
1
922 423 20 18
frame - 310
2
922 422 20 18
993 436 12 16
frame - 311
1
922 423 20 18
frame - 312
0
frame - 313
0
frame - 314
0
frame - 315
0
frame - 316
1
992 437 13 15
frame - 317
1
991 437 13 15
frame - 318
3
925 423 20 18
823 426 20 16
991 439 13 18
frame - 319
3
820 426 20 16
982 451 13 17
992 439 14 18
frame - 320
3
822 426 20 16
981 452 12 17
675 457 24 21
frame - 321
2
821 426 20 16
981 456 13 17
frame - 322
2
981 455 14 19
824 426 19 16
frame - 323
2
821 426 20 16
982 456 13 18
frame - 324
3
993 435 15 16
823 426 19 16
983 455 12 17
frame - 325
3
993 436 14 16
825 426 19 15
675 456 23 17
frame - 326
2
992 435 15 15
674 456 25 18
frame - 327
1
992 435 15 16
frame - 328
1
991 436 14 15
frame - 329
0
frame - 330
2
983 455 12 17
1011 437 13 15
frame - 331
2
983 454 13 17
1013 437 12 15
frame - 332
1
1013 438 12 14
frame - 333
2
984 453 12 16
1014 439 12 18
frame - 334
2
982 453 11 17
1013 436 14 16
frame - 335
2
982 453 14 17
1012 436 15 16
frame - 336
1
981 453 13 16
frame - 337
2
983 455 12 16
1015 436 13 15
frame - 338
2
983 454 12 16
1013 436 15 15
frame - 339
2
983 455 13 17
1013 436 15 15
frame - 340
1
983 453 12 15
frame - 341
1
983 453 12 16
frame - 342
2
983 453 13 17
1020 436 15 14
frame - 343
1
1021 436 15 15
frame - 344
2
985 454 13 17
1021 436 15 15
frame - 345
2
1022 436 14 14
986 453 13 18
frame - 346
2
1022 435 14 15
986 452 12 17
frame - 347
2
1021 436 15 15
453 409 23 20
frame - 348
2
1021 436 15 15
988 451 12 18
frame - 349
1
1021 436 15 15
frame - 350
1
1021 436 15 14
frame - 351
0
frame - 352
0
frame - 353
0
frame - 354
0
frame - 355
0
frame - 356
0
frame - 357
0
frame - 358
0
frame - 359
0
frame - 360
0
frame - 361
0
frame - 362
0
frame - 363
0
frame - 364
0
frame - 365
0
frame - 366
1
910 422 16 18
frame - 367
0
frame - 368
0
frame - 369
1
909 423 15 17
frame - 370
1
903 422 15 18
frame - 371
0
frame - 372
2
880 420 16 20
1008 436 15 16
frame - 373
0
frame - 374
0
frame - 375
0
frame - 376
0
frame - 377
2
1008 436 14 15
840 426 21 16
frame - 378
2
1009 436 12 15
841 426 20 16
frame - 379
3
1039 434 14 16
1010 436 13 15
841 426 20 16
frame - 380
1
1011 436 12 15
frame - 381
2
311 420 14 17
1011 436 15 16
frame - 382
2
304 415 17 16
1011 436 14 16
frame - 383
1
1011 436 14 15
frame - 384
2
303 416 17 15
310 421 15 15
frame - 385
2
1011 436 14 14
302 416 18 16
frame - 386
3
302 416 17 16
1011 436 14 15
309 420 16 16
frame - 387
2
302 416 17 16
1040 436 15 16
frame - 388
2
301 416 17 16
310 421 15 15
frame - 389
0
frame - 390
1
302 417 17 15
frame - 391
1
302 417 17 15
frame - 392
0
frame - 393
1
960 429 15 19
frame - 394
0
frame - 395
1
960 431 14 18
frame - 396
1
960 431 13 17
frame - 397
1
302 414 17 17
frame - 398
1
303 414 16 17
frame - 399
2
304 414 16 16
963 432 13 17
frame - 400
2
1023 436 14 15
964 427 15 15
frame - 401
1
302 414 17 17
frame - 402
0
frame - 403
1
963 430 13 18
frame - 404
3
300 415 19 17
1025 436 12 15
962 431 15 17
frame - 405
1
1024 436 14 15
frame - 406
1
1021 447 14 18
frame - 407
3
1023 447 13 18
723 470 30 31
300 416 18 17
frame - 408
3
1023 447 15 18
300 415 19 18
1025 436 15 15
frame - 409
5
1024 447 15 19
300 415 18 17
1026 436 16 15
966 426 19 16
728 468 30 34
frame - 410
2
1025 447 15 18
301 415 16 18
frame - 411
2
1025 446 15 20
967 430 18 19
frame - 412
4
732 469 29 34
1027 446 15 19
966 431 18 18
300 415 17 18
frame - 413
2
733 468 30 34
1027 446 15 20
frame - 414
2
734 468 29 34
1025 447 15 20
frame - 415
1
735 469 28 33
frame - 416
1
968 431 15 17
frame - 417
0
frame - 418
1
967 430 18 18
frame - 419
1
969 431 19 18
frame - 420
2
882 453 18 14
971 431 18 17
frame - 421
1
740 468 32 29
frame - 422
1
743 468 30 34
frame - 423
2
975 429 16 19
847 424 16 16
frame - 424
3
1038 447 14 19
975 426 18 17
847 424 16 16
frame - 425
2
1038 447 11 17
974 429 17 19
frame - 426
3
1038 448 13 17
975 429 18 19
749 467 31 30
frame - 427
4
1039 441 12 17
750 467 30 30
976 430 18 19
1036 447 13 17
frame - 428
4
1040 441 11 17
750 467 31 30
252 414 18 18
978 431 16 18
frame - 429
2
1038 441 13 17
1037 447 13 17
frame - 430
4
1038 448 12 19
976 431 18 18
752 467 30 30
1040 440 12 18
frame - 431
2
1037 448 13 19
977 431 18 18
frame - 432
2
1036 447 15 20
976 431 18 18
frame - 433
3
1037 448 15 19
1040 437 15 15
1039 440 15 18
frame - 434
1
1038 448 17 20
frame - 435
3
1039 449 15 20
1041 435 15 16
252 414 18 18
frame - 436
2
1039 449 16 20
252 413 18 19
frame - 437
2
1039 448 16 20
252 413 18 19
frame - 438
3
1037 447 15 18
760 465 31 35
252 413 18 19
frame - 439
2
1039 448 14 18
252 413 18 19
frame - 440
3
1042 450 14 18
252 413 18 18
895 424 16 17
frame - 441
0
frame - 442
1
1046 436 12 15
frame - 443
1
1046 436 14 15
frame - 444
2
766 465 31 31
985 432 18 17
frame - 445
2
1049 436 12 15
985 431 20 17
frame - 446
2
985 432 20 17
1048 436 13 14
frame - 447
3
1048 436 15 15
984 432 20 17
1048 439 16 19
frame - 448
2
988 432 18 17
1048 436 15 15
frame - 449
0
frame - 450
5
1048 450 15 21
251 412 19 18
284 412 19 20
1171 450 14 16
768 467 32 30
frame - 451
4
1045 450 15 19
251 412 19 18
987 427 19 16
770 466 31 31
frame - 452
3
1048 451 13 18
252 412 18 18
770 466 31 31
frame - 453
4
1055 448 12 18
771 465 33 36
288 413 18 19
251 412 19 18
frame - 454
5
1052 447 14 18
773 464 31 38
989 430 17 18
286 413 19 19
250 412 20 19
frame - 455
4
1054 447 14 18
287 413 19 19
988 430 18 18
251 411 20 19
frame - 456
4
988 429 19 19
1056 447 13 18
286 413 19 19
251 412 20 19
frame - 457
4
1056 446 14 19
251 412 19 19
991 431 17 17
287 414 18 19
frame - 458
4
1056 446 15 19
251 412 19 19
286 413 19 19
989 430 17 18
frame - 459
4
1057 446 14 19
251 412 20 19
991 432 17 17
778 465 32 37
frame - 460
3
1056 447 15 18
252 412 19 19
993 432 16 17
frame - 461
5
1056 448 15 19
778 466 33 37
252 413 19 18
1003 435 17 16
993 433 16 17
frame - 462
4
1055 447 15 19
992 433 16 17
778 466 32 36
1002 435 16 16
frame - 463
3
1056 447 15 19
780 468 31 38
1003 434 16 17
frame - 464
2
1055 447 15 19
781 468 32 30
frame - 465
2
1056 447 15 19
780 471 34 33
frame - 466
2
1055 448 16 18
781 468 34 30
frame - 467
2
1055 448 15 19
782 473 33 31
frame - 468
2
1056 448 14 19
783 472 32 33
frame - 469
2
1056 448 14 19
783 472 33 34
frame - 470
2
1056 447 14 19
788 471 32 38
frame - 471
4
1058 448 15 20
898 425 20 16
788 472 33 38
990 432 16 17
frame - 472
4
1059 448 12 19
789 472 31 38
901 424 20 16
993 433 15 17
frame - 473
3
1059 449 14 22
981 432 18 17
896 425 20 16
frame - 474
2
1058 448 13 20
990 434 16 17
frame - 475
4
1057 449 13 19
1006 434 17 16
992 434 16 17
900 425 16 15
frame - 476
4
1060 450 12 18
995 435 15 16
890 428 17 14
1005 433 16 16
frame - 477
1
1061 451 13 20
frame - 478
2
1063 450 12 20
1006 433 17 17
frame - 479
1
1067 451 13 21
frame - 480
3
1068 452 13 20
793 480 33 38
1006 434 17 16
frame - 481
2
1069 451 14 21
1008 433 17 17
frame - 482
2
1069 451 14 20
1010 432 16 17
frame - 483
3
795 477 32 41
1070 451 15 21
1013 434 13 17
frame - 484
3
795 479 33 39
1069 453 15 20
1012 435 14 16
frame - 485
3
796 478 33 40
1070 452 15 20
1011 433 16 17
frame - 486
3
1070 451 15 21
796 479 33 39
1011 433 14 17
frame - 487
3
1071 452 14 22
796 478 32 40
1011 432 15 18
frame - 488
3
1070 452 14 21
1010 433 16 18
796 479 33 39
frame - 489
3
1071 453 14 20
1008 433 18 19
796 480 35 36
frame - 490
3
1071 454 14 20
796 481 35 35
1010 434 16 18
frame - 491
2
1070 455 15 19
796 482 36 35
frame - 492
3
1073 454 13 20
797 484 35 33
1011 433 15 18
frame - 493
2
1074 452 12 21
797 484 35 33
frame - 494
1
1073 452 15 21
frame - 495
3
880 431 18 19
803 484 32 37
1074 453 14 21
frame - 496
1
1073 451 13 20
frame - 497
1
1072 452 14 19
frame - 498
1
1072 452 15 20
frame - 499
2
1073 452 15 20
1016 431 19 20
frame - 500
2
1074 453 15 19
1012 433 15 19
frame - 501
1
1073 452 17 21
frame - 502
2
1075 452 15 21
805 486 32 34
frame - 503
3
1076 451 14 22
1017 431 19 19
976 430 19 20
frame - 504
2
1018 432 17 18
1075 451 14 21
frame - 505
3
1017 433 19 18
1074 451 14 20
1083 453 15 21
frame - 506
3
1071 450 17 20
1016 433 19 19
1011 433 17 19
frame - 507
3
1071 450 15 19
1013 434 16 18
1016 434 19 17
frame - 508
2
1016 433 19 19
1071 450 15 18
frame - 509
3
1017 433 19 19
1073 449 15 19
810 488 33 38
frame - 510
4
1016 434 20 18
1081 450 17 18
1074 449 15 18
807 485 36 37
frame - 511
3
810 485 33 39
1083 450 17 20
1020 437 18 18
frame - 512
1
1020 438 19 19
frame - 513
2
1086 449 15 21
1023 435 15 17
frame - 514
3
1086 449 14 20
1023 434 18 18
811 483 34 37
frame - 515
3
1087 450 14 20
1025 434 15 18
811 484 35 37
frame - 516
3
1025 434 16 17
1086 448 14 19
811 485 37 32
frame - 517
3
1087 449 15 20
1025 434 17 17
818 483 33 38
frame - 518
2
1088 448 14 18
1027 434 15 17
frame - 519
3
1025 434 17 18
1086 451 15 20
820 482 33 37
frame - 520
1
1025 434 18 18
frame - 521
1
1026 434 17 18
frame - 522
2
1088 452 15 19
823 486 35 38
frame - 523
3
821 485 38 37
1090 451 14 18
1024 438 17 19
frame - 524
5
1131 448 14 17
1088 450 15 17
821 485 38 37
1088 442 15 16
1024 437 17 20
frame - 525
2
822 484 39 38
1091 448 15 19
frame - 526
2
1091 450 15 19
826 483 34 38
frame - 527
3
1090 450 16 19
825 484 36 37
885 433 15 17
frame - 528
4
828 483 33 37
1090 451 16 19
1096 453 17 19
1035 433 16 17
frame - 529
2
829 483 35 34
1089 449 16 17
frame - 530
2
1089 448 16 18
830 483 34 34
frame - 531
4
1092 453 15 18
831 483 35 34
1037 438 19 19
1097 455 16 19
frame - 532
3
1091 451 16 19
836 484 32 37
1037 438 19 18
frame - 533
3
1091 453 17 19
837 483 34 38
1096 454 18 21
frame - 534
4
837 486 36 40
1092 452 15 20
1040 438 17 19
991 432 15 17
frame - 535
4
835 484 39 41
1093 450 14 18
1040 437 18 19
990 433 15 17
frame - 536
4
838 485 37 41
1094 450 14 17
1041 438 17 19
1098 452 16 19
frame - 537
4
838 485 38 40
1043 439 17 19
1095 450 13 17
1098 453 17 19
frame - 538
5
841 484 36 41
1094 450 14 18
1098 453 17 20
1043 438 17 19
993 432 16 17
frame - 539
5
841 485 37 40
1099 453 16 19
1094 450 14 17
1042 438 18 19
991 432 16 17
frame - 540
4
843 486 37 40
1098 455 19 22
1040 438 18 20
1091 455 15 21
frame - 541
4
843 488 36 38
1101 455 17 21
1040 437 18 22
1092 457 14 19
frame - 542
4
842 488 38 36
1100 456 17 21
1041 438 19 20
1092 457 15 19
frame - 543
4
1101 457 16 20
846 489 36 36
1041 438 20 20
1093 457 13 19
frame - 544
3
1103 456 16 20
1041 438 17 21
848 488 35 37
frame - 545
3
849 487 36 40
1102 457 18 20
1041 437 20 21
frame - 546
3
853 489 35 38
1101 457 17 20
1042 437 19 21
frame - 547
4
851 490 36 38
1101 457 16 20
1044 437 19 21
1095 454 12 18
frame - 548
3
855 490 35 37
1103 455 15 17
1046 438 17 20
frame - 549
6
855 491 37 38
1102 453 16 17
1046 437 19 21
770 511 26 35
958 450 17 16
1095 454 12 16
frame - 550
4
855 492 38 37
1105 454 15 17
1145 456 13 17
1046 440 18 20
frame - 551
4
857 493 39 33
1124 458 14 17
1106 458 15 17
1048 440 18 18
frame - 552
4
858 495 36 37
1106 457 15 16
1142 457 14 17
1050 440 17 18
frame - 553
3
859 493 37 32
1127 457 14 17
1106 457 16 16
frame - 554
3
859 493 37 34
1116 457 12 16
1106 457 15 17
frame - 555
3
860 495 35 38
1119 456 12 16
1107 457 15 17
frame - 556
2
865 496 35 40
1118 458 13 15
frame - 557
3
1116 459 14 16
868 498 35 35
1116 463 14 19
frame - 558
3
869 498 35 37
1116 458 14 16
1041 445 15 18
frame - 559
3
870 497 35 40
1116 457 14 16
1043 445 15 19
frame - 560
4
1118 457 13 16
955 430 20 18
1046 446 15 17
871 501 34 35
frame - 561
2
1118 458 14 16
874 499 35 38
frame - 562
2
1118 455 14 16
875 499 35 39
frame - 563
3
1117 458 15 16
1117 464 16 20
882 500 33 36
frame - 564
4
1117 457 14 15
1118 464 15 19
879 500 34 34
955 432 20 18
frame - 565
3
881 499 36 39
1119 464 16 20
1119 458 15 16
frame - 566
3
883 502 36 38
1118 464 19 20
1121 460 17 17
frame - 567
3
1120 466 18 19
1122 460 16 17
883 502 37 38
frame - 568
3
1123 464 18 20
883 502 37 36
1126 461 17 17
frame - 569
2
886 501 38 39
1123 464 19 21
frame - 570
4
891 504 34 41
1126 459 17 18
798 520 25 29
1123 463 17 20
frame - 571
4
891 503 35 42
1127 458 18 19
1125 461 19 23
1063 440 20 19
frame - 572
2
891 505 35 39
1128 459 14 17
frame - 573
3
892 505 35 40
1128 457 15 18
1130 462 16 22
frame - 574
4
1130 462 16 23
898 504 34 40
1131 459 15 19
801 521 27 29
frame - 575
3
900 505 34 40
1127 461 19 24
1066 441 20 19
frame - 576
2
901 506 34 41
1130 459 18 19
frame - 577
5
902 506 35 43
1131 463 19 22
1131 460 17 19
974 435 19 16
1065 442 21 19
frame - 578
4
906 505 32 43
1133 464 16 21
1132 459 15 17
975 435 16 16
frame - 579
5
1131 457 15 19
907 508 33 40
973 435 17 16
1132 463 16 22
1066 446 18 19
frame - 580
6
1131 458 15 18
908 509 33 39
1131 463 18 23
975 435 16 15
1070 442 19 18
1067 447 18 19
frame - 581
4
908 509 34 40
1131 457 17 17
975 435 18 15
1133 464 17 22
frame - 582
5
1133 457 15 18
1068 447 17 18
976 436 17 14
908 473 22 21
1133 464 18 22
frame - 583
3
1131 458 17 17
1131 464 19 22
1069 447 17 18
frame - 584
3
1131 458 16 18
1070 447 17 18
1133 463 18 23
frame - 585
3
1133 456 13 17
1135 464 16 22
1073 448 17 18
frame - 586
1
1134 458 14 16
frame - 587
2
1135 464 18 22
1135 459 15 18
frame - 588
2
1135 459 16 17
1137 464 18 21
frame - 589
2
1136 464 19 22
1136 458 16 18
frame - 590
3
1138 458 16 18
1140 463 19 23
968 435 22 16
frame - 591
2
1141 463 19 23
1138 458 16 19
frame - 592
3
1140 459 16 18
930 512 35 42
1141 463 19 22
frame - 593
3
1141 458 16 19
934 518 31 36
1142 463 19 23
frame - 594
2
1143 460 18 18
1142 463 20 22
frame - 595
2
1143 463 20 23
1144 460 17 18
frame - 596
2
1143 464 21 22
1144 461 17 17
frame - 597
1
1145 464 21 23
frame - 598
3
1145 464 21 23
1146 461 19 17
1085 447 16 18
frame - 599
3
1145 464 21 23
946 515 32 40
1146 460 19 18
frame - 600
3
1146 465 21 22
1085 448 16 18
1050 451 16 17
frame - 601
2
1147 464 21 23
1088 450 15 18
frame - 602
2
1089 451 16 19
1148 464 22 23
frame - 603
2
1091 450 15 18
1149 465 20 22
frame - 604
2
1091 450 15 20
1149 465 20 22
frame - 605
1
1150 465 20 22
frame - 606
1
1150 466 20 21
frame - 607
1
1150 466 20 21
frame - 608
1
1151 464 19 22
frame - 609
2
1151 464 19 23
1091 451 15 20
frame - 610
2
1090 450 16 20
1096 452 19 21
frame - 611
2
1091 450 17 22
1159 470 20 24
frame - 612
3
1160 470 19 23
1097 449 18 21
1093 450 15 21
frame - 613
2
1160 470 20 24
1089 452 17 22
frame - 614
4
1160 472 20 21
1096 451 20 23
1090 453 17 22
1161 468 19 18
frame - 615
3
1163 472 18 22
1163 468 17 18
1098 452 18 22
frame - 616
3
1162 471 19 22
1163 468 18 19
1100 452 17 21
frame - 617
3
1164 472 19 22
1099 451 19 21
1164 468 17 18
frame - 618
5
1164 473 19 22
878 454 13 15
1100 453 17 20
1164 468 17 18
970 448 18 16
frame - 619
4
1099 457 19 19
881 459 15 16
1163 473 20 22
1165 468 17 18
frame - 620
4
1165 473 19 22
1101 457 17 17
883 458 15 16
1165 469 18 18
frame - 621
4
1165 472 20 23
1102 454 16 17
1165 468 19 19
960 451 20 15
frame - 622
3
1101 456 17 18
1165 472 20 23
968 449 20 16
frame - 623
4
1101 456 18 18
1167 476 19 24
981 440 18 18
962 450 18 15
frame - 624
5
1103 457 16 16
958 450 18 16
885 458 16 16
1167 473 19 22
980 440 18 18
frame - 625
3
1103 457 18 17
957 451 20 16
1166 476 20 24
frame - 626
2
1103 455 17 18
883 458 16 16
frame - 627
3
884 459 16 15
1106 457 17 18
1115 458 15 17
frame - 628
4
885 458 16 16
1115 458 16 16
970 449 20 14
1106 456 17 18
frame - 629
3
887 458 15 16
963 452 20 14
1036 447 17 16
frame - 630
2
1176 479 20 23
977 450 19 14
frame - 631
1
1176 479 20 23
frame - 632
3
1178 479 19 23
885 455 13 14
981 450 16 14
frame - 633
3
1177 479 20 23
886 455 12 15
1115 457 20 19
frame - 634
4
1176 479 21 22
982 451 20 15
1107 461 26 24
1014 533 37 40
frame - 635
2
1107 461 25 23
1180 481 18 19
frame - 636
2
1179 481 20 20
1107 461 26 24
frame - 637
5
1180 480 20 21
1016 534 39 40
1109 461 26 23
977 448 23 14
1115 459 24 19
frame - 638
4
1016 535 42 40
1181 482 19 21
1109 462 25 22
1115 459 23 19
frame - 639
4
1020 534 42 42
1181 482 20 20
1110 462 25 22
1115 459 23 20
frame - 640
3
1021 536 42 44
1182 481 19 21
1117 463 20 21
frame - 641
2
1021 535 43 44
1183 480 19 21
frame - 642
4
1025 538 41 41
1118 459 21 19
1185 481 17 21
974 451 21 14
frame - 643
3
1025 538 43 45
1185 481 18 21
976 452 20 13
frame - 644
4
1025 539 45 44
976 451 20 14
1184 481 19 22
1116 463 22 21
frame - 645
4
1026 540 45 45
1119 465 20 20
971 458 22 14
1184 481 19 22
frame - 646
4
1120 465 19 20
978 451 23 13
1185 482 18 22
943 478 20 14
frame - 647
2
943 478 20 15
1195 482 17 21
frame - 648
5
1193 482 18 21
978 452 22 14
243 448 16 15
1124 466 20 19
943 479 18 14
frame - 649
2
1195 483 17 19
943 479 18 14
frame - 650
3
1040 550 41 40
982 452 20 14
1195 483 19 21
frame - 651
3
985 450 20 15
1128 466 22 19
1196 483 19 20
frame - 652
3
980 455 20 15
1130 465 20 21
1196 484 19 19
frame - 653
2
1195 484 20 20
1130 466 21 20
frame - 654
3
1048 546 42 46
1130 467 22 19
1195 486 21 25
frame - 655
3
1131 467 22 19
1193 487 22 24
1006 457 19 15
frame - 656
2
1131 467 21 19
1194 488 22 24
frame - 657
2
1130 468 22 18
1196 487 21 25
frame - 658
4
1126 467 23 19
1196 492 20 23
1120 463 21 15
978 460 17 12
frame - 659
3
1196 492 22 23
1130 468 21 19
1199 488 22 24
frame - 660
4
1198 492 20 23
1133 470 21 17
1130 473 23 20
1201 488 22 25
frame - 661
3
1203 492 19 25
1131 473 22 20
1132 470 23 17
frame - 662
3
1206 493 20 25
1133 473 22 20
250 453 19 15
frame - 663
2
1208 494 20 25
1135 472 23 21
frame - 664
2
1208 493 20 24
248 452 21 16
frame - 665
3
1209 493 20 25
1136 472 24 22
247 453 22 17
frame - 666
2
1208 495 20 23
1136 472 23 23
frame - 667
3
1208 495 21 24
1137 473 26 22
1001 459 21 14
frame - 668
2
1207 495 24 22
1138 472 26 23
frame - 669
2
1209 497 21 24
1141 473 25 23
frame - 670
2
1210 496 21 23
1142 471 26 24
frame - 671
3
1211 497 20 21
1001 456 20 14
1143 472 25 23
frame - 672
3
1143 473 26 23
1212 497 20 21
1001 459 20 14
frame - 673
3
1144 473 25 23
1215 498 19 21
1003 461 20 13
frame - 674
3
1216 497 20 21
1144 473 26 23
1006 461 20 12
frame - 675
2
1218 496 20 21
1146 473 24 23
frame - 676
1
1223 497 18 21
frame - 677
2
1226 498 19 20
936 488 25 23
frame - 678
2
1226 499 20 19
660 447 16 19
frame - 679
3
1226 499 22 20
1016 462 21 12
1156 473 24 23
frame - 680
1
655 448 15 17
frame - 681
1
1159 474 21 22
frame - 682
2
1161 478 22 24
1228 498 19 18
frame - 683
2
1161 478 22 24
1020 463 19 11
frame - 684
3
1162 478 23 26
1021 464 19 12
665 449 16 18
frame - 685
2
1163 478 22 25
1230 500 18 20
frame - 686
2
1165 477 22 26
965 495 26 21
frame - 687
4
1133 457 17 11
1023 463 18 13
1171 478 24 25
1166 478 22 25
frame - 688
3
1171 478 24 25
1167 478 21 25
1097 477 20 16
frame - 689
2
1099 477 19 15
1172 478 23 25
frame - 690
1
1173 480 24 23
frame - 691
1
1176 482 22 22
frame - 692
1
1177 483 21 20
frame - 693
2
1178 483 20 20
1153 563 46 55
frame - 694
2
1152 565 49 58
1180 483 21 21
frame - 695
2
1156 564 50 64
1180 483 24 22
frame - 696
3
1040 461 18 14
1157 566 53 66
1184 483 20 21
frame - 697
1
1043 461 18 12
frame - 698
2
1246 520 31 46
1040 463 17 13
frame - 699
1
1190 486 25 26
