frame - 0
2
573 10 56 21
514 359 17 35
frame - 1
2
574 10 55 21
517 363 16 38
frame - 2
3
573 10 57 21
513 368 19 35
410 343 28 33
frame - 3
2
573 10 56 21
157 319 37 36
frame - 4
1
573 10 57 21
frame - 5
1
573 10 57 21
frame - 6
2
573 10 57 21
477 378 23 34
frame - 7
2
573 10 57 21
470 377 28 35
frame - 8
1
573 10 56 21
frame - 9
1
573 10 57 21
frame - 10
1
572 10 58 21
frame - 11
1
571 10 58 20
frame - 12
1
570 10 58 21
frame - 13
1
570 10 57 21
frame - 14
1
570 10 57 20
frame - 15
1
570 10 57 20
frame - 16
1
570 10 57 21
frame - 17
1
570 10 56 20
frame - 18
1
570 10 57 21
frame - 19
1
570 10 56 21
frame - 20
2
570 10 56 21
643 360 18 34
frame - 21
1
570 10 56 21
frame - 22
1
570 10 56 21
frame - 23
1
570 10 56 20
frame - 24
1
570 10 57 21
frame - 25
1
570 10 58 20
frame - 26
1
570 10 58 20
frame - 27
1
570 10 58 20
frame - 28
1
571 10 57 20
frame - 29
1
571 10 57 20
frame - 30
1
571 10 57 20
frame - 31
1
571 10 57 20
frame - 32
2
57 285 37 46
571 10 57 20
frame - 33
2
53 283 39 44
572 10 55 20
frame - 34
2
46 281 40 45
572 10 55 20
frame - 35
2
572 10 55 20
43 280 38 45
frame - 36
2
41 278 40 45
571 10 57 20
frame - 37
2
39 278 41 46
570 10 57 20
frame - 38
2
37 279 43 46
570 10 57 20
frame - 39
2
36 280 43 45
570 10 56 21
frame - 40
2
33 281 43 48
570 10 58 21
frame - 41
2
32 280 45 48
570 10 56 20
frame - 42
2
31 280 45 49
570 10 57 20
frame - 43
2
30 278 44 47
570 10 56 20
frame - 44
2
29 277 43 45
570 10 57 20
frame - 45
2
570 10 56 21
30 275 38 44
frame - 46
2
569 10 59 20
26 272 37 44
frame - 47
1
569 10 58 20
frame - 48
3
570 10 58 20
88 303 39 41
20 267 38 45
frame - 49
2
570 10 58 20
87 303 37 41
frame - 50
1
569 10 59 20
frame - 51
1
569 10 58 20
frame - 52
3
570 10 58 20
8 267 34 46
83 297 37 37
frame - 53
2
570 10 58 20
81 301 34 39
frame - 54
2
570 10 58 20
74 302 39 36
frame - 55
2
570 10 58 20
74 303 37 39
frame - 56
2
570 10 59 20
73 304 35 38
frame - 57
2
570 10 57 20
71 304 35 39
frame - 58
2
570 10 58 20
69 302 35 39
frame - 59
2
569 10 58 20
68 303 35 40
frame - 60
2
569 10 60 20
66 302 35 40
frame - 61
2
64 300 35 42
570 10 59 20
frame - 62
2
570 10 59 20
63 298 36 43
frame - 63
1
570 10 59 20
frame - 64
1
570 10 58 20
frame - 65
3
570 10 58 20
55 289 36 41
140 314 32 46
frame - 66
2
570 10 57 20
53 288 35 40
frame - 67
3
49 288 37 38
570 10 58 20
133 308 33 38
frame - 68
4
570 10 59 20
44 290 38 40
125 308 34 42
203 317 32 39
frame - 69
2
44 290 38 37
570 10 58 20
frame - 70
2
39 292 37 41
570 10 59 19
frame - 71
3
121 302 35 48
35 290 36 37
570 10 58 20
frame - 72
1
570 10 58 19
frame - 73
1
570 10 58 20
frame - 74
2
14 283 40 37
569 10 58 20
frame - 75
1
570 10 58 21
frame - 76
2
9 276 35 40
571 10 56 20
frame - 77
1
5 271 37 39
frame - 78
2
1 267 39 39
571 10 56 21
frame - 79
1
1 265 35 40
frame - 80
0
frame - 81
0
frame - 82
0
frame - 83
2
762 448 19 19
92 287 33 45
frame - 84
1
762 450 20 18
frame - 85
1
762 451 20 19
frame - 86
2
172 296 30 43
763 450 19 20
frame - 87
0
frame - 88
1
160 296 35 43
frame - 89
1
154 295 34 42
frame - 90
2
151 298 36 44
59 289 35 58
frame - 91
2
148 303 36 41
52 284 36 51
frame - 92
1
138 303 37 38
frame - 93
3
44 278 34 51
570 10 56 21
140 301 34 42
frame - 94
2
37 277 36 47
570 10 57 21
frame - 95
2
122 299 37 43
570 10 56 20
frame - 96
2
122 299 35 42
571 10 56 21
frame - 97
2
571 10 56 21
119 296 33 43
frame - 98
2
570 10 57 20
115 291 36 43
frame - 99
0
frame - 100
1
571 10 54 21
frame - 101
0
frame - 102
2
209 243 40 42
571 10 54 21
frame - 103
0
frame - 104
1
207 245 41 45
frame - 105
2
205 246 42 45
103 273 36 46
frame - 106
1
205 246 40 46
frame - 107
2
201 246 40 45
103 274 35 50
frame - 108
2
200 242 37 47
101 272 36 52
frame - 109
2
198 241 39 44
765 440 18 19
frame - 110
3
98 266 34 55
902 451 15 17
764 439 19 20
frame - 111
2
190 233 39 46
96 265 36 59
frame - 112
1
91 263 35 48
frame - 113
0
frame - 114
2
896 451 17 18
178 222 38 48
frame - 115
2
171 220 40 48
897 450 15 18
frame - 116
2
165 220 45 49
895 448 16 19
frame - 117
2
160 220 47 48
894 449 16 18
frame - 118
2
158 221 43 48
891 450 18 17
frame - 119
2
153 223 44 51
891 449 17 19
frame - 120
2
145 225 38 49
890 450 18 18
frame - 121
2
140 225 41 49
890 450 18 17
frame - 122
2
130 223 42 48
890 449 18 17
frame - 123
2
125 220 41 50
889 449 19 17
frame - 124
1
888 447 20 19
frame - 125
2
888 447 20 18
569 10 59 20
frame - 126
2
887 446 21 19
569 10 59 20
frame - 127
2
889 447 19 19
569 10 58 20
frame - 128
3
98 197 40 50
889 446 20 20
569 10 58 20
frame - 129
2
890 446 20 20
569 10 58 20
frame - 130
2
890 446 19 19
569 10 59 20
frame - 131
2
890 447 18 18
570 10 57 20
frame - 132
2
570 10 58 20
882 448 15 18
frame - 133
1
570 10 57 21
frame - 134
0
frame - 135
0
frame - 136
0
frame - 137
0
frame - 138
1
230 287 34 48
frame - 139
1
569 10 58 21
frame - 140
0
frame - 141
0
frame - 142
1
569 10 58 21
frame - 143
2
210 274 35 46
569 10 59 21
frame - 144
1
569 10 58 21
frame - 145
2
203 277 33 45
569 10 58 20
frame - 146
2
569 10 58 21
197 278 34 41
frame - 147
3
192 279 34 44
569 10 58 20
900 447 16 17
frame - 148
3
569 10 58 20
897 447 18 17
187 278 32 50
frame - 149
3
178 277 37 44
569 10 58 20
896 446 18 18
frame - 150
2
172 274 35 42
896 446 19 18
frame - 151
3
170 271 35 48
896 446 19 19
746 408 11 21
frame - 152
4
163 268 38 54
572 10 53 21
898 446 17 17
741 408 12 23
frame - 153
4
571 10 54 21
161 264 39 54
896 446 17 18
738 407 12 24
frame - 154
3
161 259 39 51
571 10 54 21
896 447 16 17
frame - 155
2
572 10 53 21
893 447 18 18
frame - 156
3
571 10 54 21
890 448 16 17
156 252 36 54
frame - 157
3
154 250 38 48
571 10 53 21
891 447 16 18
frame - 158
3
153 249 36 40
571 10 54 21
890 447 15 18
frame - 159
2
571 10 54 21
893 447 17 19
frame - 160
2
571 10 54 21
147 254 35 41
frame - 161
2
570 10 56 21
895 447 15 17
frame - 162
2
570 10 55 21
892 446 16 19
frame - 163
3
137 257 37 42
570 10 56 21
893 446 17 18
frame - 164
3
135 255 38 41
570 10 56 20
893 447 15 18
frame - 165
2
570 10 55 21
893 446 16 19
frame - 166
2
570 10 55 21
893 446 16 18
frame - 167
3
570 10 55 21
128 243 35 57
892 447 16 19
frame - 168
3
121 238 37 51
570 10 55 21
892 447 16 19
frame - 169
3
114 236 39 51
570 10 55 21
891 447 17 19
frame - 170
3
110 234 40 48
570 10 55 20
891 447 17 19
frame - 171
3
570 10 55 20
104 234 35 48
891 446 16 19
frame - 172
3
570 10 55 20
96 232 37 48
890 446 18 19
frame - 173
3
87 233 37 52
570 10 55 20
891 446 16 19
frame - 174
3
570 10 55 21
81 234 37 56
890 447 16 17
frame - 175
3
72 238 36 52
570 10 55 20
889 447 16 17
frame - 176
3
570 10 56 21
888 447 17 18
65 241 37 59
frame - 177
3
50 238 38 58
570 10 55 21
888 446 18 19
frame - 178
3
43 235 39 59
570 10 56 21
887 447 18 18
frame - 179
3
35 231 39 64
570 10 56 21
887 447 18 19
frame - 180
4
570 10 56 21
32 229 38 55
887 447 18 18
163 334 32 38
frame - 181
3
570 10 55 20
27 224 38 60
887 447 16 18
frame - 182
3
21 222 41 63
569 10 57 20
886 447 18 18
frame - 183
2
569 10 57 20
888 447 17 18
frame - 184
3
887 447 16 18
570 10 56 20
796 425 16 25
frame - 185
4
570 10 56 20
888 447 13 18
5 217 42 60
796 426 17 24
frame - 186
4
570 10 56 20
795 426 19 24
888 448 13 17
4 214 40 57
frame - 187
5
137 324 32 47
569 10 56 20
886 448 14 18
796 425 19 24
3 214 38 60
frame - 188
4
569 10 57 20
888 447 13 17
134 317 33 49
1 215 36 55
frame - 189
1
569 10 56 20
frame - 190
2
127 319 36 42
569 10 56 19
frame - 191
3
569 10 56 19
125 320 33 40
326 413 20 24
frame - 192
1
569 10 56 20
frame - 193
3
570 10 55 20
121 321 34 39
851 427 15 22
frame - 194
2
570 10 56 20
119 322 34 37
frame - 195
2
569 10 56 20
117 322 34 36
frame - 196
2
570 10 56 20
112 324 36 36
frame - 197
2
570 10 56 20
849 429 15 21
frame - 198
2
570 10 56 20
849 429 16 21
frame - 199
3
569 10 56 20
848 427 16 21
109 327 32 39
frame - 200
2
570 10 56 21
109 323 31 44
frame - 201
1
570 10 55 20
frame - 202
1
570 10 55 19
frame - 203
2
570 10 56 19
101 316 32 39
frame - 204
2
570 10 56 19
98 314 33 38
frame - 205
1
570 10 56 19
frame - 206
2
570 10 57 20
214 335 27 43
frame - 207
2
570 10 57 21
87 310 33 39
frame - 208
3
570 10 58 21
84 308 32 43
203 338 30 40
frame - 209
2
570 10 56 20
77 310 34 44
frame - 210
3
570 10 56 20
74 311 34 41
885 450 10 17
frame - 211
2
69 312 35 40
570 10 56 20
frame - 212
1
570 10 56 20
frame - 213
1
570 10 56 20
frame - 214
1
569 10 57 21
frame - 215
1
570 10 56 21
frame - 216
1
569 10 57 21
frame - 217
2
569 10 58 20
40 303 35 40
frame - 218
3
569 10 58 20
36 300 34 40
154 325 32 38
frame - 219
2
569 10 58 20
33 298 34 42
frame - 220
1
569 10 58 20
frame - 221
1
570 10 56 20
frame - 222
2
569 10 58 20
139 323 35 40
frame - 223
2
135 324 36 41
569 10 57 20
frame - 224
3
132 323 37 40
569 10 57 20
20 296 36 40
frame - 225
4
130 322 37 41
569 10 57 20
14 299 38 39
806 426 20 23
frame - 226
3
129 321 38 39
569 10 57 20
12 300 35 41
frame - 227
2
569 10 58 21
10 301 36 41
frame - 228
2
570 10 54 20
122 317 36 42
frame - 229
1
8 296 35 47
frame - 230
2
2 295 38 44
569 10 55 20
frame - 231
3
2 292 35 45
569 10 56 20
117 310 34 43
frame - 232
2
569 10 56 20
844 418 19 22
frame - 233
1
570 10 55 20
frame - 234
2
106 312 36 39
570 10 55 20
frame - 235
1
103 310 36 42
frame - 236
2
97 311 38 43
570 10 55 20
frame - 237
1
95 310 36 43
frame - 238
1
91 310 36 40
frame - 239
0
frame - 240
1
570 10 55 20
