frame - 0
1
3 310 24 34
frame - 1
1
1 308 25 35
frame - 2
1
0 305 22 35
frame - 3
1
2 362 33 43
frame - 4
0
frame - 5
1
402 352 21 26
frame - 6
0
frame - 7
0
frame - 8
0
frame - 9
0
frame - 10
0
frame - 11
0
frame - 12
2
380 340 23 31
208 327 24 31
frame - 13
2
207 328 20 27
377 338 25 32
frame - 14
2
204 328 21 27
378 336 23 30
frame - 15
2
377 334 25 33
199 328 23 29
frame - 16
2
195 329 23 30
377 334 25 33
frame - 17
1
190 329 24 30
frame - 18
1
496 415 16 23
frame - 19
2
497 417 14 19
374 338 27 35
frame - 20
2
495 416 14 21
376 339 25 34
frame - 21
2
495 417 13 18
378 340 23 33
frame - 22
3
378 342 23 29
492 416 15 19
172 319 22 29
frame - 23
2
377 339 24 33
171 318 20 26
frame - 24
3
167 316 20 26
379 338 23 33
489 412 16 22
frame - 25
2
164 315 22 29
378 334 25 35
frame - 26
3
162 314 21 29
89 299 28 39
378 333 25 31
frame - 27
2
379 330 24 30
85 302 26 35
frame - 28
2
77 297 30 42
376 327 26 32
frame - 29
1
375 324 25 33
frame - 30
3
375 326 24 30
151 318 23 29
68 298 27 35
frame - 31
1
372 325 25 32
frame - 32
2
371 327 25 31
145 315 25 33
frame - 33
3
370 329 24 31
231 339 23 29
145 315 24 32
frame - 34
4
227 340 24 30
144 315 23 30
367 328 24 34
52 286 29 38
frame - 35
1
46 283 32 42
frame - 36
4
138 311 24 31
220 342 20 26
46 284 29 42
1058 461 32 40
frame - 37
3
214 339 22 30
136 309 24 31
42 285 31 42
frame - 38
4
39 285 32 43
134 309 23 30
480 417 16 23
213 337 19 25
frame - 39
4
38 287 31 42
208 335 21 30
477 418 16 22
129 308 26 33
frame - 40
4
37 286 31 43
205 334 21 27
994 484 25 31
350 318 26 35
frame - 41
6
35 285 33 45
204 330 20 27
349 315 25 32
271 336 26 33
126 310 25 30
475 421 16 20
frame - 42
5
35 285 32 43
199 328 24 30
446 403 17 23
475 421 15 21
347 312 26 34
frame - 43
4
198 328 23 31
32 281 34 46
444 402 18 25
347 311 26 35
frame - 44
4
196 328 23 30
444 402 17 25
35 283 30 42
346 311 29 40
frame - 45
3
32 279 31 43
194 329 22 29
345 312 26 34
frame - 46
4
193 329 21 29
344 313 27 36
29 278 31 41
107 311 24 31
frame - 47
2
190 331 23 29
345 314 25 34
frame - 48
3
190 332 21 28
22 274 31 42
346 316 24 31
frame - 49
4
96 304 25 32
20 274 31 41
189 332 21 28
347 316 24 34
frame - 50
5
186 330 23 30
14 272 33 43
346 314 26 35
92 303 26 32
437 406 20 25
frame - 51
3
185 328 24 31
436 405 20 27
349 314 24 32
frame - 52
3
185 326 22 30
8 272 33 45
437 405 18 25
frame - 53
1
182 322 23 31
frame - 54
3
348 305 27 36
181 319 22 29
0 273 31 46
frame - 55
3
349 302 27 35
255 321 28 33
177 316 23 30
frame - 56
3
176 313 21 29
348 300 27 36
433 401 15 22
frame - 57
2
172 312 22 30
431 401 16 20
frame - 58
3
429 400 15 20
167 311 24 32
346 299 27 36
frame - 59
2
164 311 23 31
428 401 15 20
frame - 60
1
162 313 23 31
frame - 61
1
159 315 22 30
frame - 62
2
154 315 22 31
343 302 26 35
frame - 63
3
149 316 23 30
399 572 32 42
340 305 27 33
frame - 64
2
145 313 23 32
339 303 27 34
frame - 65
1
140 312 23 32
frame - 66
2
137 310 23 31
619 584 25 29
frame - 67
1
134 307 24 32
frame - 68
2
130 304 24 32
1007 541 16 21
frame - 69
1
322 288 30 39
frame - 70
1
125 300 24 32
frame - 71
1
123 299 25 33
frame - 72
1
120 298 24 32
frame - 73
1
117 299 26 35
frame - 74
1
115 301 27 35
frame - 75
2
306 282 31 39
113 302 26 35
frame - 76
3
112 303 26 34
306 283 29 40
12 278 28 38
frame - 77
4
304 286 29 39
110 303 25 34
1160 518 38 44
8 274 29 36
frame - 78
3
109 300 25 35
304 286 27 38
6 271 28 35
frame - 79
4
107 300 25 32
303 285 28 37
307 464 53 66
5 269 25 33
frame - 80
4
104 295 26 35
2 267 26 33
300 282 28 38
846 479 15 27
frame - 81
3
102 293 25 32
299 279 30 42
1 263 26 36
frame - 82
3
297 276 30 41
98 289 24 34
465 405 19 26
frame - 83
2
294 274 30 39
94 288 23 32
frame - 84
2
89 285 25 33
291 268 30 41
frame - 85
2
85 285 25 33
288 267 29 38
frame - 86
1
80 284 26 35
frame - 87
1
75 284 28 36
frame - 88
2
71 286 27 35
277 266 29 41
frame - 89
2
65 287 28 36
273 267 29 40
frame - 90
2
61 288 26 32
269 270 30 39
frame - 91
2
52 286 29 36
261 269 31 41
frame - 92
2
257 270 31 40
48 285 26 35
frame - 93
1
43 283 26 34
frame - 94
1
37 279 28 38
frame - 95
0
frame - 96
1
233 258 30 40
frame - 97
2
26 270 28 37
228 254 29 37
frame - 98
2
23 269 28 38
223 248 31 43
frame - 99
1
22 269 28 36
frame - 100
3
217 244 30 42
17 269 28 36
1166 520 27 29
frame - 101
2
13 268 28 38
214 244 30 42
frame - 102
2
11 270 28 38
211 246 31 40
frame - 103
3
208 245 30 41
9 271 28 38
815 454 27 44
frame - 104
3
6 273 29 38
202 246 33 45
815 455 26 42
frame - 105
2
202 248 32 42
4 271 28 37
frame - 106
3
3 267 28 39
201 248 30 41
812 451 29 46
frame - 107
2
197 246 34 45
0 264 29 40
frame - 108
3
196 245 32 43
96 273 35 48
388 422 29 49
frame - 109
1
194 241 32 45
frame - 110
1
192 240 32 43
frame - 111
1
189 235 33 44
frame - 112
2
185 230 32 43
767 443 13 15
frame - 113
2
180 226 33 45
767 443 13 15
frame - 114
2
177 224 33 45
767 443 13 16
frame - 115
2
171 222 34 45
769 444 11 15
frame - 116
2
164 222 36 46
768 443 13 16
frame - 117
2
769 443 12 17
161 222 34 47
frame - 118
2
155 225 34 45
769 444 12 15
frame - 119
3
149 226 35 46
769 444 13 15
56 250 34 42
frame - 120
3
141 226 37 48
770 443 12 15
50 252 35 45
frame - 121
2
770 442 12 16
136 227 33 45
frame - 122
2
770 441 12 16
129 225 32 43
frame - 123
2
120 220 36 49
769 440 14 17
frame - 124
2
113 217 36 47
770 440 12 15
frame - 125
2
107 211 36 48
768 439 13 15
frame - 126
2
103 206 36 49
768 439 13 16
frame - 127
3
768 439 12 16
96 203 36 48
243 300 29 37
frame - 128
3
90 197 38 50
767 439 13 16
242 299 28 35
frame - 129
2
86 194 38 50
767 439 12 15
frame - 130
4
83 195 37 48
238 298 28 36
766 440 12 15
740 455 49 74
frame - 131
2
235 297 30 39
77 194 40 51
frame - 132
2
75 196 37 48
233 298 31 39
frame - 133
2
71 197 36 48
234 299 28 37
frame - 134
2
66 197 37 51
233 298 29 36
frame - 135
2
62 199 37 48
230 296 31 38
frame - 136
2
59 199 37 49
231 294 29 37
frame - 137
2
56 194 38 51
229 291 28 35
frame - 138
2
51 191 39 50
226 286 28 37
frame - 139
2
48 185 37 51
223 281 29 39
frame - 140
2
220 278 28 36
45 180 38 52
frame - 141
2
38 174 39 53
213 275 31 38
frame - 142
2
32 169 40 54
209 273 31 39
frame - 143
2
28 167 39 52
207 273 31 38
frame - 144
2
202 273 31 39
23 164 39 52
frame - 145
2
201 276 30 38
15 164 40 52
frame - 146
2
10 163 40 56
196 278 28 38
frame - 147
3
4 165 37 53
191 279 30 37
808 435 13 16
frame - 148
2
0 166 36 53
186 279 29 37
frame - 149
1
179 277 30 38
frame - 150
1
175 274 30 39
frame - 151
1
169 273 30 37
frame - 152
1
165 268 29 37
frame - 153
1
162 264 30 38
frame - 154
1
159 260 31 38
frame - 155
1
159 256 29 38
frame - 156
1
157 253 29 36
frame - 157
1
156 252 28 35
frame - 158
1
153 251 30 36
frame - 159
1
153 253 28 36
frame - 160
2
147 254 31 40
218 345 21 29
frame - 161
2
143 256 32 40
217 346 20 27
frame - 162
1
139 257 32 40
frame - 163
1
139 257 31 39
frame - 164
1
135 254 31 38
frame - 165
1
132 250 31 38
frame - 166
1
129 248 30 37
frame - 167
1
126 244 29 37
frame - 168
2
118 238 33 41
200 349 23 33
frame - 169
2
115 236 31 40
198 348 23 30
frame - 170
2
109 235 31 40
196 346 23 32
frame - 171
2
193 344 25 32
102 235 32 40
frame - 172
2
192 341 23 32
95 233 31 41
frame - 173
1
86 235 33 40
frame - 174
2
189 338 21 29
79 237 33 42
frame - 175
2
71 239 32 41
184 337 23 31
frame - 176
1
180 336 23 31
frame - 177
0
frame - 178
1
43 237 34 44
frame - 179
1
34 235 36 44
frame - 180
1
29 232 36 45
frame - 181
2
23 229 35 45
793 432 15 18
frame - 182
2
795 431 14 18
16 225 36 47
frame - 183
2
14 223 35 45
154 340 21 29
frame - 184
1
8 219 38 49
frame - 185
2
799 430 14 16
4 220 37 48
frame - 186
2
138 333 26 33
2 219 36 47
frame - 187
2
136 330 25 32
0 219 35 46
frame - 188
2
136 328 23 31
0 219 29 46
frame - 189
1
802 431 14 17
frame - 190
2
130 324 25 34
802 432 15 18
frame - 191
2
128 324 25 32
803 433 14 18
frame - 192
1
127 321 26 34
frame - 193
1
126 323 25 32
frame - 194
1
120 324 27 33
frame - 195
2
116 326 28 36
802 433 14 18
frame - 196
1
116 329 25 32
frame - 197
1
801 431 15 18
frame - 198
2
112 328 27 36
801 430 15 18
frame - 199
2
109 329 26 34
801 430 14 17
frame - 200
2
108 328 26 33
801 429 15 18
frame - 201
2
106 323 28 36
801 428 15 19
frame - 202
1
801 428 15 19
frame - 203
2
102 318 27 34
802 429 14 18
frame - 204
2
97 318 26 33
802 429 15 18
frame - 205
2
95 315 26 33
802 429 15 18
frame - 206
2
90 311 28 37
803 429 14 18
frame - 207
2
87 310 28 37
804 430 14 17
frame - 208
2
82 311 28 37
805 431 14 17
frame - 209
1
77 311 29 37
frame - 210
2
73 313 28 35
806 431 14 17
frame - 211
2
69 314 27 37
807 430 15 18
frame - 212
1
64 315 27 37
frame - 213
1
61 315 25 36
frame - 214
2
52 311 28 38
810 428 15 19
frame - 215
1
48 309 27 36
frame - 216
1
45 308 25 34
frame - 217
2
39 305 28 37
811 427 15 18
frame - 218
2
37 303 26 34
156 329 27 34
frame - 219
1
34 299 28 37
frame - 220
2
32 297 27 37
811 426 14 19
frame - 221
2
28 295 29 39
810 427 14 17
frame - 222
1
27 295 28 36
frame - 223
1
24 295 28 36
frame - 224
2
22 296 28 37
807 428 15 20
frame - 225
1
20 298 27 37
frame - 226
2
16 300 28 37
130 322 30 40
frame - 227
3
12 300 29 37
1057 461 35 43
127 319 30 40
frame - 228
2
9 300 30 39
125 317 28 39
frame - 229
2
7 299 29 38
123 314 28 40
frame - 230
2
3 295 31 40
120 312 28 39
frame - 231
3
1 292 30 42
118 311 28 39
796 426 16 20
frame - 232
2
0 289 28 41
115 310 29 39
frame - 233
2
0 285 26 38
111 309 31 41
frame - 234
1
109 309 29 40
frame - 235
1
104 309 31 42
frame - 236
2
100 311 30 39
794 424 16 20
frame - 237
2
96 311 30 38
794 425 15 20
frame - 238
2
91 311 29 39
794 425 15 20
frame - 239
2
87 309 30 40
793 425 16 20
frame - 240
2
81 307 30 42
793 426 16 20
