frame - 0
1
1 310 28 37
frame - 1
1
0 308 26 36
frame - 2
1
0 305 23 35
frame - 3
0
frame - 4
0
frame - 5
0
frame - 6
0
frame - 7
0
frame - 8
0
frame - 9
0
frame - 10
1
217 330 25 34
frame - 11
1
213 328 23 31
frame - 12
0
frame - 13
1
206 328 24 29
frame - 14
2
206 328 20 26
376 335 27 35
frame - 15
2
374 334 29 37
199 329 24 29
frame - 16
2
377 336 26 32
198 330 21 27
frame - 17
0
frame - 18
1
187 328 24 31
frame - 19
1
372 339 30 36
frame - 20
1
180 325 21 27
frame - 21
0
frame - 22
1
173 321 22 27
frame - 23
1
169 317 23 30
frame - 24
1
165 315 23 30
frame - 25
1
163 315 24 29
frame - 26
2
160 314 23 29
378 333 24 31
frame - 27
0
frame - 28
1
376 327 25 31
frame - 29
1
376 325 24 31
frame - 30
1
374 325 24 32
frame - 31
2
374 326 23 30
149 319 23 29
frame - 32
3
145 317 26 32
368 327 28 35
52 288 36 45
frame - 33
2
145 316 24 30
50 285 35 46
frame - 34
2
144 315 24 29
366 329 25 32
frame - 35
1
142 313 24 31
frame - 36
3
219 341 23 31
139 312 24 29
42 281 34 46
frame - 37
2
137 310 24 31
34 279 40 52
frame - 38
2
38 284 33 43
211 339 22 28
frame - 39
3
36 285 34 45
132 310 24 30
207 336 23 30
frame - 40
2
35 286 34 45
130 310 23 29
frame - 41
4
35 287 33 44
201 331 24 30
127 310 24 30
351 315 24 32
frame - 42
3
35 287 33 43
126 312 22 27
348 313 27 34
frame - 43
2
198 328 24 31
34 283 33 44
frame - 44
2
196 328 24 31
32 280 33 44
frame - 45
4
345 313 27 35
194 329 23 29
113 313 23 29
29 278 34 47
frame - 46
3
346 314 26 33
192 329 23 30
27 276 33 45
frame - 47
3
190 331 24 30
24 275 33 43
346 315 25 33
frame - 48
2
188 332 25 32
20 273 34 44
frame - 49
2
186 331 26 33
95 304 25 33
frame - 50
3
185 330 25 32
92 301 25 33
347 315 25 32
frame - 51
2
185 329 25 32
348 313 25 34
frame - 52
1
184 326 25 32
frame - 53
1
182 322 24 32
frame - 54
1
179 319 24 31
frame - 55
1
176 316 25 32
frame - 56
2
174 313 24 30
347 300 29 38
frame - 57
1
344 299 32 39
frame - 58
1
167 312 25 32
frame - 59
2
344 298 29 39
165 312 23 30
frame - 60
2
160 313 25 31
343 299 30 39
frame - 61
0
frame - 62
0
frame - 63
0
frame - 64
1
143 314 26 34
frame - 65
0
frame - 66
1
136 310 24 32
frame - 67
1
132 307 26 34
frame - 68
1
323 292 31 41
frame - 69
1
126 301 26 34
frame - 70
1
123 300 28 36
frame - 71
1
122 299 26 35
frame - 72
0
frame - 73
1
117 300 28 36
frame - 74
2
114 302 28 35
309 281 31 41
frame - 75
2
309 284 29 37
113 302 28 35
frame - 76
1
111 303 27 36
frame - 77
3
109 304 27 34
303 286 32 41
9 274 29 38
frame - 78
3
108 303 26 33
6 271 28 37
303 287 29 38
frame - 79
3
105 299 28 36
5 269 26 34
302 286 29 37
frame - 80
1
300 284 31 40
frame - 81
1
0 263 28 40
frame - 82
2
297 278 31 40
96 289 27 36
frame - 83
0
frame - 84
2
292 271 31 41
87 284 29 39
frame - 85
0
frame - 86
1
79 285 28 36
frame - 87
2
74 285 29 37
279 265 37 48
frame - 88
2
69 286 30 38
277 266 32 42
frame - 89
1
65 287 29 38
frame - 90
2
269 272 31 40
60 287 29 37
frame - 91
0
frame - 92
2
257 269 32 43
45 285 31 40
frame - 93
0
frame - 94
0
frame - 95
0
frame - 96
0
frame - 97
1
227 254 31 40
frame - 98
1
223 249 34 44
frame - 99
2
219 245 34 46
20 268 31 40
frame - 100
2
218 245 31 41
16 270 28 36
frame - 101
2
213 246 32 41
12 270 31 38
frame - 102
1
210 245 32 43
frame - 103
2
9 273 29 37
204 245 37 47
frame - 104
2
203 246 34 44
6 272 29 39
frame - 105
2
202 249 33 42
4 272 29 37
frame - 106
2
201 250 32 41
1 268 30 40
frame - 107
2
198 249 34 42
95 276 35 45
frame - 108
1
197 248 33 41
frame - 109
2
195 243 33 44
95 273 34 44
frame - 110
1
190 238 35 48
frame - 111
1
187 236 36 46
frame - 112
1
184 232 35 44
frame - 113
1
181 227 33 42
frame - 114
1
175 224 35 46
frame - 115
1
171 224 35 46
frame - 116
2
164 222 37 47
768 443 13 16
frame - 117
1
160 222 36 48
frame - 118
2
155 225 35 46
769 443 13 17
frame - 119
2
147 227 38 47
769 443 13 16
frame - 120
2
140 227 37 48
769 442 13 17
frame - 121
2
769 441 13 17
132 227 38 48
frame - 122
1
770 440 13 17
frame - 123
1
121 221 35 48
frame - 124
1
111 218 39 48
frame - 125
1
107 212 37 48
frame - 126
1
102 208 37 48
frame - 127
2
96 203 38 48
2 236 39 51
frame - 128
1
93 200 37 47
frame - 129
1
87 196 38 48
frame - 130
1
84 196 38 47
frame - 131
0
frame - 132
1
74 196 39 50
frame - 133
2
70 197 38 48
231 297 33 42
frame - 134
2
65 199 38 50
229 298 34 42
frame - 135
2
61 200 39 49
228 296 34 43
frame - 136
2
57 198 39 50
228 294 32 38
frame - 137
2
54 197 38 48
226 291 32 40
frame - 138
2
51 190 39 51
223 284 34 43
frame - 139
2
46 185 41 53
222 282 31 38
frame - 140
2
220 279 30 38
43 181 40 52
frame - 141
1
38 176 40 52
frame - 142
2
33 171 39 51
209 272 32 41
frame - 143
2
28 167 41 52
206 273 32 39
frame - 144
2
21 164 41 54
203 274 32 40
frame - 145
2
13 162 43 57
200 277 31 39
frame - 146
2
8 164 42 55
195 278 30 38
frame - 147
2
1 165 41 55
189 280 32 41
frame - 148
2
183 279 32 39
0 166 37 56
frame - 149
1
178 277 31 39
frame - 150
1
175 275 29 37
frame - 151
1
168 272 31 39
frame - 152
1
162 269 34 42
frame - 153
1
160 265 33 42
frame - 154
1
158 260 33 41
frame - 155
1
156 256 34 42
frame - 156
1
155 252 33 41
frame - 157
1
154 252 31 40
frame - 158
1
152 252 32 39
frame - 159
1
151 252 30 40
frame - 160
1
145 255 33 40
frame - 161
1
143 257 32 40
frame - 162
1
138 257 34 43
frame - 163
1
135 256 35 43
frame - 164
1
133 254 34 43
frame - 165
2
130 251 34 41
206 348 24 32
frame - 166
2
126 247 35 43
206 350 23 30
frame - 167
2
201 350 25 32
122 242 34 45
frame - 168
2
117 240 34 42
199 348 25 33
frame - 169
2
114 236 32 42
198 348 25 32
frame - 170
2
195 346 26 34
106 234 34 43
frame - 171
1
193 344 26 32
frame - 172
1
192 342 25 32
frame - 173
2
84 235 35 44
190 341 24 30
frame - 174
2
78 238 33 41
188 339 23 29
frame - 175
1
182 336 27 35
frame - 176
0
frame - 177
0
frame - 178
1
42 238 37 46
frame - 179
2
34 237 35 44
167 338 26 34
frame - 180
2
28 232 36 46
164 339 25 34
frame - 181
1
23 230 35 45
frame - 182
3
155 340 26 33
15 225 38 49
794 430 16 20
frame - 183
2
12 223 37 47
153 340 24 31
frame - 184
1
8 221 38 48
frame - 185
2
4 220 38 48
143 334 25 33
frame - 186
2
2 219 37 49
139 333 25 33
frame - 187
1
137 330 25 33
frame - 188
1
136 328 24 33
frame - 189
0
frame - 190
1
129 324 27 34
frame - 191
1
128 325 25 33
frame - 192
1
126 322 27 34
frame - 193
1
125 324 25 32
frame - 194
1
120 327 26 31
frame - 195
1
117 326 27 36
frame - 196
1
116 327 27 35
frame - 197
2
114 330 26 34
801 430 16 19
frame - 198
2
112 331 26 33
801 429 15 20
frame - 199
1
108 327 30 39
frame - 200
1
107 325 27 35
frame - 201
1
107 324 26 34
frame - 202
0
frame - 203
1
101 317 28 36
frame - 204
1
98 318 27 34
frame - 205
1
96 316 25 32
frame - 206
1
88 311 32 40
frame - 207
1
87 313 26 34
frame - 208
1
84 311 27 36
frame - 209
2
78 314 27 36
195 342 28 35
frame - 210
2
74 315 27 35
806 429 16 20
frame - 211
1
68 315 28 36
frame - 212
1
65 315 27 37
frame - 213
1
60 316 27 34
frame - 214
1
53 314 27 35
frame - 215
1
47 309 30 39
frame - 216
1
43 309 27 34
frame - 217
1
39 305 29 36
frame - 218
2
36 302 29 37
157 330 26 33
frame - 219
1
35 300 27 35
frame - 220
1
33 297 27 37
frame - 221
1
26 296 32 39
frame - 222
1
26 296 30 36
frame - 223
2
24 294 30 39
136 328 29 37
frame - 224
1
21 297 29 37
frame - 225
1
17 300 29 38
frame - 226
2
14 301 30 39
130 323 29 39
frame - 227
1
11 300 31 39
frame - 228
1
10 301 29 40
frame - 229
1
6 300 30 38
frame - 230
2
2 297 31 39
119 313 30 41
frame - 231
2
0 295 31 38
116 312 31 41
frame - 232
2
1 291 28 39
114 310 31 41
frame - 233
2
107 308 35 46
0 286 26 40
frame - 234
1
107 310 33 42
frame - 235
1
104 310 31 41
frame - 236
1
99 311 31 41
frame - 237
1
96 312 30 39
frame - 238
1
89 310 33 43
frame - 239
1
85 310 32 41
frame - 240
1
81 308 32 42
