frame - 0
3
573 0 57 32
513 361 17 34
0 314 34 29
frame - 1
3
573 0 57 32
518 366 15 35
0 307 29 34
frame - 2
4
573 1 57 31
514 369 17 34
166 321 31 36
412 344 25 32
frame - 3
2
573 1 56 31
158 319 35 36
frame - 4
1
573 1 57 31
frame - 5
2
402 350 24 34
573 1 56 31
frame - 6
2
573 1 56 31
478 378 21 34
frame - 7
3
573 1 56 31
473 378 25 34
625 361 12 23
frame - 8
3
573 0 56 32
394 348 30 38
473 379 23 33
frame - 9
1
573 1 56 31
frame - 10
1
573 0 56 31
frame - 11
1
571 1 59 30
frame - 12
2
570 0 59 32
461 379 24 33
frame - 13
1
570 0 59 31
frame - 14
2
134 310 34 40
570 1 58 30
frame - 15
2
133 309 33 42
571 1 56 30
frame - 16
1
571 1 56 30
frame - 17
1
570 1 56 30
frame - 18
1
570 0 57 32
frame - 19
2
570 0 57 32
643 359 16 34
frame - 20
2
570 1 57 30
643 360 17 34
frame - 21
1
571 1 55 30
frame - 22
0
frame - 23
1
101 295 32 42
frame - 24
3
163 312 33 39
99 295 32 43
570 1 57 31
frame - 25
2
570 1 59 30
162 311 32 39
frame - 26
1
570 1 59 29
frame - 27
1
570 1 58 30
frame - 28
1
570 1 59 29
frame - 29
1
570 0 59 31
frame - 30
1
571 0 58 31
frame - 31
2
571 0 58 31
65 286 34 46
frame - 32
2
571 0 58 31
59 284 36 46
frame - 33
2
53 281 41 46
571 0 58 31
frame - 34
2
46 281 41 45
571 0 57 31
frame - 35
2
42 279 40 46
572 1 56 30
frame - 36
2
41 279 41 44
571 1 58 30
frame - 37
2
40 278 40 47
571 0 57 31
frame - 38
2
38 279 43 47
570 0 58 32
frame - 39
2
36 280 43 44
571 0 56 32
frame - 40
2
32 280 45 50
570 0 59 31
frame - 41
2
32 280 44 48
570 0 57 32
frame - 42
2
31 279 46 50
570 0 58 31
frame - 43
2
30 278 46 47
570 0 57 31
frame - 44
2
28 277 44 46
570 0 58 31
frame - 45
2
570 0 57 32
29 275 40 44
frame - 46
2
570 0 59 31
27 273 36 44
frame - 47
2
570 0 58 31
94 304 38 47
frame - 48
3
570 1 60 30
89 303 39 42
20 267 39 45
frame - 49
2
570 0 58 31
88 302 38 40
frame - 50
1
570 0 59 32
frame - 51
2
570 0 58 31
84 298 38 39
frame - 52
3
570 1 59 30
7 267 37 45
83 298 37 35
frame - 53
2
570 1 58 30
82 300 34 40
frame - 54
2
569 1 60 29
74 301 39 36
frame - 55
2
569 1 60 30
74 303 37 38
frame - 56
2
569 1 60 30
73 304 35 38
frame - 57
3
570 1 58 30
71 303 34 40
1027 475 13 13
frame - 58
2
569 0 60 31
69 302 35 40
frame - 59
2
570 0 58 31
69 302 34 43
frame - 60
2
569 1 61 30
66 302 35 42
frame - 61
2
570 1 59 30
65 300 34 42
frame - 62
2
569 1 61 30
64 297 34 43
frame - 63
1
570 1 60 30
frame - 64
1
570 0 59 31
frame - 65
3
571 0 57 31
56 289 35 41
140 314 33 47
frame - 66
2
571 0 57 32
53 289 36 41
frame - 67
3
49 287 38 40
570 1 59 30
134 307 33 35
frame - 68
4
570 0 60 31
43 289 39 40
127 308 36 41
203 318 32 40
frame - 69
2
43 289 36 40
571 1 59 30
frame - 70
2
570 1 60 30
39 292 37 40
frame - 71
3
35 290 36 38
570 1 59 30
122 301 34 44
frame - 72
2
570 1 60 29
123 304 32 46
frame - 73
1
570 1 60 29
frame - 74
2
14 283 41 38
569 1 60 30
frame - 75
3
570 0 59 32
764 449 17 19
11 281 34 36
frame - 76
3
9 276 36 41
570 0 58 31
642 408 8 19
frame - 77
1
6 272 37 37
frame - 78
2
1 267 39 38
570 1 58 30
frame - 79
1
1 265 36 39
frame - 80
0
frame - 81
0
frame - 82
2
97 288 35 37
184 309 29 40
frame - 83
2
91 287 34 44
763 450 19 18
frame - 84
1
764 450 19 19
frame - 85
3
87 286 33 53
764 451 19 19
172 299 33 41
frame - 86
1
171 296 32 44
frame - 87
1
765 449 19 19
frame - 88
2
71 284 33 60
163 294 31 45
frame - 89
1
156 296 32 43
frame - 90
2
152 296 35 45
59 288 35 53
frame - 91
2
149 303 35 42
52 281 37 52
frame - 92
1
138 302 36 40
frame - 93
2
44 278 34 50
140 302 33 41
frame - 94
2
36 277 38 47
133 302 35 38
frame - 95
2
34 276 35 47
123 299 36 43
frame - 96
1
123 299 35 43
frame - 97
2
119 296 34 42
571 0 56 32
frame - 98
1
116 292 36 42
frame - 99
0
frame - 100
0
frame - 101
1
13 271 40 40
frame - 102
2
210 243 39 43
108 271 34 47
frame - 103
1
208 244 39 45
frame - 104
1
207 245 42 47
frame - 105
1
205 245 41 47
frame - 106
3
205 247 41 47
104 273 35 53
6 266 35 48
frame - 107
2
201 246 41 47
104 273 34 55
frame - 108
2
200 243 37 47
101 271 36 51
frame - 109
3
199 240 38 46
767 440 16 19
101 270 34 54
frame - 110
4
99 266 33 58
905 451 14 18
195 236 36 48
766 440 17 19
frame - 111
2
190 234 38 46
96 265 36 62
frame - 112
2
188 228 38 47
91 263 35 46
frame - 113
1
182 227 36 46
frame - 114
2
178 221 38 50
899 452 14 16
frame - 115
2
173 219 41 49
898 451 13 17
frame - 116
2
166 220 46 50
896 449 15 18
frame - 117
2
160 220 48 50
895 449 15 18
frame - 118
2
158 221 42 50
893 450 16 18
frame - 119
2
153 224 45 50
893 450 15 18
frame - 120
3
892 450 16 18
146 226 35 49
1049 496 13 13
frame - 121
2
139 225 40 48
892 449 15 18
frame - 122
2
130 223 44 47
890 449 17 17
frame - 123
2
126 220 38 51
890 449 17 17
frame - 124
1
889 448 19 18
frame - 125
3
889 447 19 18
569 1 60 30
798 437 15 21
frame - 126
2
888 447 20 18
569 1 60 30
frame - 127
2
889 447 19 19
569 0 59 31
frame - 128
3
96 199 43 47
889 447 20 19
569 1 59 30
frame - 129
2
890 447 19 19
569 1 59 30
frame - 130
2
891 446 18 19
569 1 59 30
frame - 131
2
891 447 17 18
569 0 58 31
frame - 132
2
569 1 59 30
882 449 14 17
frame - 133
2
570 0 57 32
878 450 13 16
frame - 134
0
frame - 135
3
933 527 10 12
760 436 11 15
570 0 59 31
frame - 136
1
569 1 59 30
frame - 137
0
frame - 138
0
frame - 139
1
569 1 59 30
frame - 140
0
frame - 141
0
frame - 142
1
377 387 22 26
frame - 143
3
209 273 36 44
569 1 60 30
775 408 11 20
frame - 144
3
802 407 11 20
204 275 34 49
569 1 59 30
frame - 145
2
203 276 34 46
569 1 59 30
frame - 146
2
198 277 35 42
569 0 59 31
frame - 147
4
193 279 35 43
568 1 61 29
902 447 14 17
763 407 9 21
frame - 148
3
899 447 15 17
568 1 61 29
187 277 32 49
frame - 149
4
178 276 37 47
899 446 16 17
569 0 59 30
370 377 25 28
frame - 150
3
171 274 37 42
898 447 17 17
750 410 10 19
frame - 151
3
171 271 35 47
898 447 17 18
746 409 11 20
frame - 152
4
571 0 55 31
165 268 37 56
900 447 14 16
748 411 11 22
frame - 153
3
163 265 37 55
571 0 55 32
899 447 14 16
frame - 154
3
571 0 54 32
163 259 35 51
897 448 15 15
frame - 155
3
571 0 55 32
895 448 15 16
161 256 35 43
frame - 156
3
156 252 37 53
571 0 54 32
893 448 14 16
frame - 157
3
154 250 39 47
571 0 53 32
892 448 14 16
frame - 158
3
153 249 36 40
571 0 54 32
892 448 14 17
frame - 159
1
894 448 15 17
frame - 160
2
150 254 33 41
893 449 14 16
frame - 161
2
571 0 56 32
893 448 15 16
frame - 162
2
892 448 15 17
570 0 57 32
frame - 163
3
137 257 38 41
895 447 14 17
571 1 55 31
frame - 164
3
136 254 37 42
895 447 14 17
571 1 56 30
frame - 165
2
570 0 56 32
895 447 14 17
frame - 166
3
570 1 56 30
894 447 15 17
131 248 34 50
frame - 167
3
894 448 15 18
571 0 55 31
128 243 34 55
frame - 168
3
122 238 37 49
894 448 14 18
571 0 55 31
frame - 169
3
114 236 40 48
893 448 14 18
571 0 55 31
frame - 170
3
109 234 41 47
892 447 16 19
571 0 55 31
frame - 171
3
104 233 36 48
570 0 56 32
892 447 16 18
frame - 172
3
95 232 38 48
892 447 15 18
570 1 56 30
frame - 173
3
87 234 38 50
570 0 56 32
892 447 15 17
frame - 174
3
81 235 37 50
570 0 56 32
892 447 14 17
frame - 175
3
72 238 36 51
571 0 54 32
890 447 16 17
frame - 176
4
571 0 56 32
890 447 16 18
66 242 37 59
990 457 14 19
frame - 177
3
49 238 39 56
571 0 54 32
889 447 15 18
frame - 178
3
42 235 40 61
571 0 55 32
888 447 16 18
frame - 179
4
33 231 42 64
570 0 56 32
887 448 16 18
168 333 32 38
frame - 180
4
30 229 40 52
570 0 56 32
888 448 16 17
165 334 30 39
frame - 181
3
26 224 40 58
570 0 56 31
889 447 16 18
frame - 182
5
19 221 43 64
570 0 57 31
889 447 15 18
796 426 16 24
982 459 14 17
frame - 183
5
570 0 57 31
888 447 16 18
18 221 41 58
796 425 16 24
983 460 16 18
frame - 184
4
887 447 15 18
570 0 57 31
795 427 17 23
985 461 15 17
frame - 185
4
570 0 57 31
888 447 14 18
5 216 44 61
797 427 15 22
frame - 186
4
570 0 58 31
796 427 18 22
889 448 13 17
3 215 42 53
frame - 187
5
570 0 57 31
138 325 31 46
796 426 17 23
2 214 39 61
889 448 12 16
frame - 188
6
570 0 57 31
132 320 35 42
890 448 11 16
1 214 37 56
798 426 17 23
342 417 11 21
frame - 189
4
569 0 57 30
891 449 10 15
1 215 33 59
132 319 32 41
frame - 190
3
569 0 57 30
128 319 35 41
332 414 15 20
frame - 191
2
570 0 56 31
328 415 19 23
frame - 192
3
570 0 56 31
800 430 15 20
124 320 33 38
frame - 193
3
571 0 54 31
122 321 34 39
801 430 14 20
frame - 194
2
571 0 55 31
119 322 35 37
frame - 195
2
571 0 55 31
116 323 36 35
frame - 196
3
570 0 57 31
113 325 35 36
851 428 15 21
frame - 197
2
570 0 56 32
850 430 15 19
frame - 198
2
571 0 55 32
851 430 14 19
frame - 199
3
571 0 55 32
110 327 32 40
850 428 15 20
frame - 200
3
571 0 56 32
110 323 31 42
850 428 15 20
frame - 201
2
571 0 56 31
848 427 15 20
frame - 202
1
571 0 56 31
frame - 203
2
571 0 56 31
103 316 31 37
frame - 204
3
571 0 56 31
101 314 30 37
885 450 11 16
frame - 205
2
570 0 57 31
93 312 35 35
frame - 206
2
571 0 56 32
214 335 27 43
frame - 207
2
571 0 56 32
86 310 36 36
frame - 208
3
570 0 58 32
83 308 33 40
204 339 29 38
frame - 209
2
570 0 58 31
76 311 36 42
frame - 210
3
75 311 34 40
570 0 58 31
886 451 9 16
frame - 211
2
70 312 34 40
570 0 57 31
frame - 212
2
570 1 58 29
65 311 34 42
frame - 213
1
570 0 57 31
frame - 214
1
570 0 57 31
frame - 215
1
570 0 57 32
frame - 216
3
570 0 58 32
169 331 26 46
812 421 18 21
frame - 217
3
570 0 58 31
41 303 34 39
813 420 17 22
frame - 218
3
569 1 59 30
37 300 33 40
154 325 34 38
frame - 219
2
569 0 59 31
32 299 36 40
frame - 220
1
569 0 59 31
frame - 221
1
570 0 58 31
frame - 222
2
570 0 57 31
139 323 35 40
frame - 223
2
135 324 36 41
569 0 58 31
frame - 224
3
131 324 38 39
569 0 58 31
809 425 18 23
frame - 225
4
130 322 37 39
569 0 58 31
14 298 40 39
807 426 18 22
frame - 226
4
129 322 38 38
570 0 57 31
12 300 36 42
802 426 18 22
frame - 227
3
10 300 38 43
569 0 58 32
126 320 36 36
frame - 228
2
570 0 56 30
9 299 36 44
frame - 229
1
568 0 58 30
frame - 230
3
3 295 39 43
569 0 57 30
827 420 15 21
frame - 231
4
568 0 58 30
3 293 35 42
118 311 34 42
817 421 16 20
frame - 232
2
569 0 58 31
1 287 34 50
frame - 233
3
109 311 34 46
569 0 58 30
807 420 16 22
frame - 234
3
106 312 36 38
811 419 16 22
569 0 58 30
frame - 235
3
104 310 36 43
569 0 57 31
806 418 15 23
frame - 236
2
98 311 37 43
569 0 58 30
frame - 237
2
95 310 36 43
569 0 58 30
frame - 238
2
92 310 36 40
569 0 57 30
frame - 239
2
88 310 31 37
568 0 58 30
frame - 240
1
83 309 34 38
