frame - 0
2
826 427 18 16
1053 453 18 23
frame - 1
3
826 426 18 17
289 414 16 15
1058 454 16 22
frame - 2
2
813 428 16 14
291 414 15 15
frame - 3
1
1051 450 20 26
frame - 4
4
1226 514 23 17
1055 452 19 24
822 428 15 15
291 415 15 14
frame - 5
2
822 427 16 15
292 414 14 15
frame - 6
3
1056 451 19 26
823 427 15 15
293 414 14 16
frame - 7
3
826 426 15 16
803 414 13 14
293 414 14 15
frame - 8
2
822 427 15 15
293 415 14 14
frame - 9
0
frame - 10
2
329 412 16 15
293 412 14 15
frame - 11
2
813 427 13 15
331 412 15 15
frame - 12
2
825 427 14 16
330 412 16 15
frame - 13
0
frame - 14
4
1067 455 17 23
849 441 12 16
333 413 16 17
812 428 13 14
frame - 15
3
333 414 16 15
848 441 13 16
814 428 14 14
frame - 16
4
848 441 13 17
333 414 16 16
818 428 14 14
1070 455 15 22
frame - 17
2
849 441 12 17
334 414 17 17
frame - 18
3
850 442 12 16
1072 457 12 19
831 429 15 15
frame - 19
2
1073 457 13 21
849 442 12 16
frame - 20
3
1072 456 14 23
830 429 15 14
850 442 12 16
frame - 21
3
850 442 12 16
828 428 15 15
701 440 18 18
frame - 22
0
frame - 23
3
850 441 13 17
828 428 15 15
1073 459 15 20
frame - 24
2
828 427 16 17
881 441 11 16
frame - 25
1
881 440 11 17
frame - 26
1
883 440 10 17
frame - 27
1
883 440 10 17
frame - 28
2
1101 454 26 47
852 442 11 16
frame - 29
1
1072 454 14 24
frame - 30
2
1073 454 16 25
851 441 13 16
frame - 31
2
851 442 13 16
1075 456 13 23
frame - 32
2
360 418 30 41
851 442 13 16
frame - 33
1
852 442 12 16
frame - 34
1
852 441 12 16
frame - 35
1
852 442 13 16
frame - 36
0
frame - 37
1
881 436 13 15
frame - 38
1
881 436 13 14
frame - 39
1
881 436 13 14
frame - 40
1
882 436 12 14
frame - 41
2
833 428 17 16
882 435 12 15
frame - 42
2
832 427 17 15
840 427 18 16
frame - 43
3
840 427 18 16
1086 452 17 27
844 432 16 16
frame - 44
2
840 427 18 16
843 431 16 17
frame - 45
4
840 427 18 16
1087 451 18 26
835 427 17 16
851 439 13 18
frame - 46
2
852 440 14 17
353 411 19 35
frame - 47
2
851 440 14 17
843 426 16 15
frame - 48
2
851 440 14 17
845 426 15 15
frame - 49
2
841 425 18 16
849 438 15 18
frame - 50
2
842 426 17 16
850 439 15 17
frame - 51
2
842 426 17 16
1090 451 16 23
frame - 52
1
842 427 17 16
frame - 53
2
853 440 13 16
844 426 16 16
frame - 54
4
853 440 14 17
844 425 16 16
860 441 13 17
555 440 21 25
frame - 55
3
844 426 16 16
852 439 13 16
818 426 17 16
frame - 56
2
844 425 16 17
1088 451 19 27
frame - 57
3
844 426 17 16
1089 451 18 26
845 429 17 18
frame - 58
1
847 426 15 16
frame - 59
1
846 426 16 16
frame - 60
1
846 426 15 16
frame - 61
3
845 426 16 17
420 425 25 25
861 440 14 17
frame - 62
3
845 426 17 16
848 432 14 16
419 427 24 23
frame - 63
3
845 425 18 17
845 429 17 18
420 426 25 24
frame - 64
3
844 423 19 18
1103 456 14 22
845 427 17 19
frame - 65
2
845 423 17 17
863 441 14 17
frame - 66
2
845 424 17 15
558 438 21 26
frame - 67
2
845 425 17 16
863 440 14 17
frame - 68
3
845 425 17 16
558 438 21 26
317 421 23 36
frame - 69
5
846 425 17 17
883 440 15 18
318 418 23 38
559 438 21 27
863 440 16 18
frame - 70
4
847 425 16 17
318 416 23 39
863 440 15 18
883 440 13 18
frame - 71
3
846 426 16 16
317 416 23 41
863 440 15 18
frame - 72
4
847 426 16 16
1108 451 14 24
315 416 22 41
1170 448 14 26
frame - 73
1
846 425 18 16
frame - 74
2
845 424 19 16
860 441 17 17
frame - 75
1
848 422 16 18
frame - 76
2
848 426 15 15
862 440 15 17
frame - 77
2
848 425 15 17
863 440 15 17
frame - 78
1
849 426 15 16
frame - 79
2
1091 449 14 21
851 425 14 17
frame - 80
3
312 414 30 43
850 426 14 16
1167 453 23 38
frame - 81
5
850 425 16 17
1101 476 19 20
857 426 17 16
1176 449 17 27
309 413 25 37
frame - 82
3
850 425 16 17
857 426 17 16
422 427 25 23
frame - 83
2
850 425 16 17
857 426 17 16
frame - 84
2
279 418 31 38
1104 475 16 21
frame - 85
3
850 425 15 16
279 420 30 36
881 441 14 17
frame - 86
4
850 424 16 17
280 420 31 38
1180 451 17 26
882 440 13 18
frame - 87
4
850 426 16 16
279 420 30 38
1179 455 17 23
424 432 24 25
frame - 88
5
852 426 14 16
279 422 30 40
1180 456 18 29
882 440 14 18
424 431 25 26
frame - 89
6
280 418 29 39
851 426 15 16
881 440 13 18
726 427 15 14
1181 455 19 30
425 433 23 24
frame - 90
4
282 417 30 41
860 428 15 14
425 432 24 26
1180 455 22 31
frame - 91
5
278 421 31 42
861 426 14 15
426 433 24 25
1179 455 23 32
729 422 13 12
frame - 92
4
279 420 31 42
1179 456 24 31
431 436 19 22
864 427 13 15
frame - 93
5
279 416 32 43
428 436 22 23
864 428 13 14
1181 456 23 31
730 421 13 12
frame - 94
5
280 416 29 40
863 427 14 15
428 436 21 22
1181 454 25 38
731 421 12 12
frame - 95
5
279 415 28 41
863 427 14 15
429 435 22 23
1183 456 22 30
1137 459 17 27
frame - 96
2
863 427 14 15
430 433 21 25
frame - 97
2
863 427 13 15
429 427 23 29
frame - 98
1
863 427 15 15
frame - 99
3
879 440 13 17
1140 458 20 29
573 440 22 25
frame - 100
2
1142 460 22 27
431 431 26 26
frame - 101
0
frame - 102
4
1138 458 16 27
879 435 12 15
1135 455 13 23
328 421 23 36
frame - 103
4
1142 459 16 27
328 419 24 38
866 426 13 15
881 438 12 18
frame - 104
7
1136 461 13 25
866 425 14 16
436 434 22 25
881 438 13 18
328 418 23 38
1195 459 21 27
1136 456 11 21
frame - 105
1
866 425 15 16
frame - 106
2
866 425 15 16
1196 459 23 28
frame - 107
2
867 426 15 17
433 427 24 30
frame - 108
4
866 425 16 17
812 413 14 14
1146 461 18 25
878 434 13 16
frame - 109
3
866 426 17 17
738 450 18 17
1146 459 18 27
frame - 110
2
867 425 17 17
1145 458 21 28
frame - 111
1
867 426 18 16
frame - 112
2
866 426 18 17
814 414 15 14
frame - 113
5
866 427 17 16
813 412 15 14
1149 459 16 27
1203 457 27 31
884 434 13 16
frame - 114
3
867 425 17 18
873 427 15 16
815 414 13 14
frame - 115
3
865 426 17 17
883 439 15 18
1148 462 17 23
frame - 116
4
1142 462 18 23
868 425 16 17
878 433 15 16
734 424 15 16
frame - 117
3
734 423 15 16
1149 461 17 25
1208 460 23 33
frame - 118
4
1142 461 16 25
1207 461 24 32
733 423 15 17
878 432 15 17
frame - 119
5
1209 459 26 34
1142 458 16 28
874 426 17 17
878 432 15 17
890 439 13 18
frame - 120
4
890 439 14 18
1143 460 16 26
875 425 17 17
882 433 14 17
frame - 121
5
889 439 14 19
439 425 28 31
254 409 24 38
1211 459 27 33
876 425 15 17
frame - 122
6
439 425 29 32
891 439 13 18
254 407 24 41
1144 460 16 26
1214 458 27 29
879 426 14 16
frame - 123
3
887 438 15 19
1213 457 28 35
440 426 26 31
frame - 124
8
1146 458 19 27
887 439 15 18
1150 455 17 24
254 408 24 39
442 427 25 30
1213 458 26 33
878 425 15 16
817 411 17 14
frame - 125
4
889 438 15 19
1162 457 22 27
878 426 15 16
1161 455 20 23
frame - 126
2
890 438 15 19
879 425 15 16
frame - 127
5
248 408 28 41
891 438 15 19
878 425 15 16
1145 456 15 20
382 411 14 16
frame - 128
6
892 438 16 20
876 424 15 17
249 410 25 39
305 416 20 31
1162 454 20 23
382 410 15 17
frame - 129
4
878 424 14 17
894 438 13 19
886 432 14 18
382 409 15 17
frame - 130
6
244 410 31 41
879 425 14 17
893 438 14 19
889 433 14 17
1167 454 17 22
1226 458 24 28
frame - 131
7
242 409 33 41
894 437 15 19
878 425 14 16
1169 453 15 23
890 433 15 18
1226 459 24 28
925 438 14 18
frame - 132
5
878 424 14 16
891 433 13 17
902 438 13 18
242 409 31 40
1168 453 16 22
frame - 133
6
901 438 14 18
892 433 14 18
879 424 14 17
243 407 30 41
1228 458 26 32
383 407 14 16
frame - 134
8
1173 450 13 21
892 433 15 18
242 408 31 40
897 437 15 19
923 438 16 19
384 405 14 18
588 440 21 25
1231 459 22 28
frame - 135
6
896 437 16 19
894 434 15 17
922 438 17 19
382 408 15 16
1170 452 15 22
240 407 26 42
frame - 136
6
895 437 15 19
895 434 14 17
925 437 15 19
1167 452 17 24
381 407 15 16
589 440 21 25
frame - 137
8
895 435 16 21
925 436 16 20
893 432 15 19
382 408 15 15
240 408 24 40
589 440 21 25
1157 448 13 20
880 424 15 17
frame - 138
6
892 431 16 19
895 435 16 21
240 407 26 41
879 425 15 17
380 407 15 15
923 436 17 20
frame - 139
7
893 431 16 20
895 434 16 22
239 406 28 41
1237 451 24 25
923 436 17 20
590 440 21 25
379 407 15 15
frame - 140
7
894 431 15 19
1238 451 26 26
925 437 16 21
898 435 16 21
883 423 16 18
851 426 12 15
590 441 21 24
frame - 141
5
897 431 15 18
926 438 15 20
852 425 13 16
591 440 21 24
238 407 27 40
frame - 142
3
896 431 16 19
927 438 15 19
237 406 26 42
frame - 143
5
897 432 14 18
928 439 15 18
236 407 25 41
902 436 14 20
1176 456 20 22
frame - 144
3
898 432 13 18
235 409 24 39
930 439 13 18
frame - 145
4
236 410 24 38
906 438 13 19
898 433 13 18
1180 452 20 26
frame - 146
3
898 432 14 18
910 437 13 20
393 406 15 17
frame - 147
4
899 432 14 18
1178 452 19 24
1170 454 17 23
234 412 27 37
frame - 148
4
1182 451 18 25
898 431 13 18
390 406 16 16
232 415 28 40
frame - 149
3
1179 452 20 25
889 424 14 16
898 432 13 18
frame - 150
1
1181 453 19 24
frame - 151
2
1182 452 17 25
895 424 13 17
frame - 152
6
893 422 13 18
1255 452 23 24
392 405 17 17
900 432 12 17
935 435 11 16
1183 455 18 22
frame - 153
4
393 406 17 17
1192 455 17 22
896 423 12 17
903 433 12 17
frame - 154
7
281 420 29 40
1194 454 19 24
394 406 17 18
893 421 16 18
903 432 14 18
1198 458 21 27
1250 459 27 28
frame - 155
7
1195 453 20 24
1255 450 23 23
393 406 17 18
905 432 15 18
895 423 16 17
756 420 12 12
1183 452 16 24
frame - 156
5
392 407 18 17
1197 453 18 25
904 430 14 19
897 423 14 18
1183 453 16 24
frame - 157
4
909 431 13 19
395 407 17 18
279 420 28 39
898 423 14 17
frame - 158
4
276 420 32 40
908 434 14 17
397 407 16 18
912 436 13 20
frame - 159
5
912 436 14 21
278 420 28 37
397 407 16 19
908 434 14 18
1202 451 19 26
frame - 160
7
278 420 29 39
1204 452 18 25
907 433 15 18
912 436 15 20
398 407 16 18
894 421 15 18
1165 424 15 18
frame - 161
6
1203 453 19 25
278 419 28 39
906 433 15 18
397 408 16 18
911 437 15 20
895 423 15 16
frame - 162
6
274 417 32 44
906 432 15 19
1202 452 21 26
397 408 15 17
894 421 16 18
913 436 14 20
frame - 163
7
274 417 33 45
911 436 16 21
907 433 15 19
1204 453 19 25
896 422 14 17
399 408 14 18
1262 455 18 21
frame - 164
6
271 416 31 45
912 436 16 21
1205 454 19 24
909 434 15 18
895 422 15 16
399 409 13 17
frame - 165
6
1206 453 18 24
912 436 15 21
909 434 15 18
398 409 15 17
894 423 14 15
1265 454 14 19
frame - 166
6
912 435 17 23
1206 453 19 24
894 421 15 17
399 410 14 17
1260 439 17 19
907 432 16 19
frame - 167
4
911 436 17 22
1209 453 17 25
397 408 15 18
895 423 14 16
frame - 168
5
911 436 17 22
1210 454 17 23
896 424 13 15
1169 431 13 19
398 409 14 17
frame - 169
5
912 435 16 22
398 409 14 17
906 432 17 20
895 424 15 16
1169 426 14 16
frame - 170
4
912 435 17 22
399 409 15 17
909 433 17 19
282 419 24 28
frame - 171
6
917 436 15 21
400 410 15 17
909 432 16 19
896 423 16 18
1212 453 15 23
1266 441 13 18
frame - 172
5
400 410 14 16
917 436 15 21
911 432 15 19
1215 454 15 23
898 424 15 17
frame - 173
6
402 410 14 17
919 437 14 20
898 424 14 17
910 432 15 19
1218 454 14 23
237 430 33 30
frame - 174
5
400 410 14 16
907 433 14 18
917 437 14 20
1218 453 15 24
898 425 13 16
frame - 175
6
896 424 15 17
919 437 13 20
905 431 15 18
924 438 16 21
402 410 13 16
1219 453 14 24
frame - 176
5
919 438 14 19
896 423 14 17
1219 454 15 23
923 438 16 20
909 432 15 17
frame - 177
5
919 438 15 19
897 424 14 16
1219 453 15 23
922 438 16 21
907 430 15 19
frame - 178
6
918 438 14 20
1220 454 16 22
895 425 15 16
908 432 14 17
1270 449 10 19
924 438 15 20
frame - 179
7
896 425 15 16
1219 457 15 21
919 439 13 18
1270 450 10 22
1225 460 15 24
907 431 14 18
404 407 13 17
frame - 180
5
1224 462 19 23
895 423 15 18
1271 448 9 20
919 439 13 18
470 433 26 26
frame - 181
3
1224 462 19 23
895 423 16 18
1271 448 9 20
frame - 182
5
1225 461 17 25
895 423 15 18
920 439 12 18
1271 449 9 22
924 439 13 19
frame - 183
5
1218 455 13 21
284 414 15 16
921 438 16 21
894 423 17 18
918 439 14 19
frame - 184
5
1218 455 14 21
894 424 16 17
922 438 15 21
282 414 16 16
917 438 14 19
frame - 185
4
921 439 16 21
1228 461 18 24
1225 456 14 20
894 424 16 17
frame - 186
3
1226 456 14 20
893 423 17 18
927 439 14 20
frame - 187
4
1227 455 14 20
893 423 16 18
925 439 14 20
1230 461 16 24
frame - 188
4
1227 456 14 19
894 424 15 17
925 439 14 20
916 438 13 19
frame - 189
4
1215 457 16 20
920 439 17 21
892 423 17 18
915 438 15 20
frame - 190
4
1233 456 13 19
921 439 17 21
893 423 17 18
610 448 22 23
frame - 191
5
921 440 18 20
1233 458 14 19
893 424 17 17
1233 461 15 23
913 439 15 19
frame - 192
5
922 440 17 20
1234 458 13 19
1223 462 15 22
893 423 17 18
914 439 14 19
frame - 193
4
923 440 16 20
1220 464 16 20
1228 460 15 18
894 425 16 16
frame - 194
5
925 440 16 20
1222 462 18 23
1234 458 15 19
894 423 16 18
282 414 16 17
frame - 195
4
925 440 16 20
1233 457 16 20
895 424 15 17
1219 462 17 23
frame - 196
6
927 440 15 20
1217 463 18 22
896 425 16 17
1232 458 15 19
1170 431 16 20
1178 430 17 21
frame - 197
6
927 440 16 20
1236 457 15 19
897 425 15 17
1180 430 16 20
1226 461 18 24
613 448 21 23
frame - 198
2
928 440 15 20
896 424 16 18
frame - 199
3
927 439 16 21
1238 456 14 19
896 425 16 17
frame - 200
5
928 440 16 20
895 424 17 18
1244 458 14 17
1239 459 12 18
898 427 17 20
frame - 201
4
929 440 16 21
897 424 15 18
1246 456 15 18
802 432 14 17
frame - 202
5
929 440 16 20
896 424 16 18
1245 457 16 17
956 436 13 15
1235 458 13 19
frame - 203
5
929 439 15 20
896 425 15 17
1246 455 15 18
802 431 14 18
955 436 13 14
frame - 204
5
930 439 15 20
815 430 15 19
897 424 16 18
956 438 13 17
1247 459 15 15
frame - 205
6
931 440 15 20
805 430 13 19
1229 457 14 17
957 437 12 15
907 431 15 17
615 447 24 26
frame - 206
5
930 439 17 21
807 433 14 16
1225 457 16 19
958 437 13 15
910 431 14 17
frame - 207
6
930 439 17 21
957 438 14 18
959 436 14 17
617 448 24 26
1251 455 16 18
1226 457 15 18
frame - 208
6
930 439 16 20
956 438 13 18
959 436 14 16
617 448 23 26
943 439 15 20
806 433 13 16
frame - 209
6
956 438 14 18
931 440 16 20
959 436 13 16
940 439 16 20
899 427 14 15
905 430 14 17
frame - 210
5
931 441 16 19
955 437 15 18
958 435 14 16
470 438 24 21
411 409 17 15
frame - 211
6
959 435 15 16
931 440 16 20
1229 459 15 18
410 409 18 15
957 437 15 18
470 437 24 22
frame - 212
4
957 438 15 18
1223 455 14 17
932 440 15 20
959 436 15 17
frame - 213
6
1225 457 15 18
956 437 15 19
959 436 15 16
932 440 15 20
1257 457 16 18
471 437 24 22
frame - 214
8
957 438 15 18
960 436 15 17
1258 457 16 18
933 440 14 20
621 448 23 26
898 425 14 17
828 432 16 17
1227 455 14 18
frame - 215
5
1258 456 16 18
957 439 14 18
898 424 14 17
934 440 14 20
960 437 14 15
frame - 216
5
957 437 15 20
1254 456 19 19
896 423 15 18
942 438 15 22
936 440 13 19
frame - 217
6
1255 454 19 21
956 437 14 19
943 438 14 21
899 424 14 17
624 449 24 25
959 436 14 16
frame - 218
8
959 435 13 16
828 435 15 15
1264 455 12 18
894 421 16 19
1263 462 15 23
625 449 24 25
413 409 17 15
943 438 13 21
frame - 219
6
626 450 23 24
962 435 12 16
825 435 15 15
1263 461 15 24
413 409 17 15
896 421 15 19
frame - 220
5
626 449 23 24
961 436 12 15
413 410 17 14
895 421 16 18
823 435 15 15
frame - 221
6
627 450 23 25
825 435 15 15
1266 455 13 21
1263 460 15 25
414 411 16 14
958 437 12 14
frame - 222
2
628 450 22 24
828 436 14 14
frame - 223
0
frame - 224
2
897 424 14 16
1266 463 13 22
frame - 225
1
898 423 15 17
frame - 226
2
897 422 15 18
629 451 22 23
frame - 227
4
897 422 15 18
1260 463 15 23
1254 463 15 24
629 451 22 22
frame - 228
3
898 423 14 17
631 450 21 23
1253 464 14 22
frame - 229
5
898 421 15 19
631 451 22 21
84 422 33 38
1260 461 15 25
76 424 31 39
frame - 230
3
897 422 16 19
633 450 21 22
87 420 32 36
frame - 231
3
897 422 15 19
85 420 33 35
415 412 15 14
frame - 232
2
633 449 22 23
897 423 14 18
frame - 233
2
897 423 16 18
72 421 34 34
frame - 234
2
899 424 14 17
74 423 33 39
frame - 235
3
636 447 22 28
73 422 33 36
898 423 15 18
frame - 236
3
897 423 15 17
1268 460 12 26
636 448 21 27
frame - 237
3
70 421 35 36
968 436 10 15
900 424 14 17
frame - 238
1
1270 462 10 23
frame - 239
1
827 448 17 14
frame - 240
3
899 424 16 18
640 447 20 28
71 421 33 36
frame - 241
2
899 422 17 19
641 448 23 26
frame - 242
2
641 448 24 26
899 422 17 20
frame - 243
2
642 448 23 27
898 423 17 19
frame - 244
4
965 438 11 19
899 423 17 19
643 449 23 26
817 432 15 17
frame - 245
3
900 423 16 18
642 449 24 26
814 431 15 17
frame - 246
2
898 423 19 19
645 450 21 25
frame - 247
2
901 423 18 19
644 449 23 25
frame - 248
2
901 422 18 19
644 449 23 23
frame - 249
1
902 423 18 18
frame - 250
3
903 422 18 19
646 450 22 24
817 434 14 15
frame - 251
1
903 422 18 19
frame - 252
4
904 422 17 19
56 424 29 34
850 434 14 16
649 452 20 23
frame - 253
3
904 423 17 18
648 451 21 25
56 425 28 32
frame - 254
2
904 423 18 18
649 450 22 25
frame - 255
2
904 423 17 19
649 449 23 26
frame - 256
3
905 423 17 18
649 449 23 25
980 436 11 16
frame - 257
2
903 423 18 19
848 430 16 20
frame - 258
2
903 423 18 19
650 450 22 25
frame - 259
2
904 423 19 19
651 449 21 26
frame - 260
2
905 424 17 18
651 448 22 26
frame - 261
2
905 424 19 19
651 448 22 26
frame - 262
3
26 410 34 37
907 424 18 18
651 448 23 26
frame - 263
3
906 424 18 18
26 407 34 39
814 433 15 15
frame - 264
3
907 424 18 19
841 441 18 18
92 415 33 39
frame - 265
4
93 418 30 39
962 447 11 17
908 425 18 18
812 433 15 15
frame - 266
3
90 418 33 38
820 433 16 15
907 425 19 18
frame - 267
3
89 419 33 37
806 429 16 15
809 432 17 15
frame - 268
5
89 418 34 37
804 429 17 15
24 416 31 33
967 451 8 15
907 425 17 18
frame - 269
4
86 420 36 35
847 425 16 17
907 424 17 19
799 428 18 15
frame - 270
5
86 419 32 38
800 429 16 14
908 426 17 16
655 449 20 26
968 447 10 16
frame - 271
4
86 419 31 38
906 425 17 17
801 429 16 14
967 450 9 16
frame - 272
4
86 419 35 37
907 425 18 18
804 429 16 14
968 451 8 16
frame - 273
5
88 419 31 36
907 424 17 17
968 449 9 16
803 429 15 14
659 450 21 25
frame - 274
3
909 425 18 18
968 449 9 16
806 430 14 13
frame - 275
4
77 420 36 33
968 448 10 16
910 425 17 18
811 430 13 13
frame - 276
6
812 430 14 14
969 451 9 15
77 419 30 37
911 425 17 18
815 430 15 16
980 439 10 19
frame - 277
6
809 430 15 13
77 422 26 34
970 450 9 16
660 452 22 23
912 426 17 17
812 432 15 14
frame - 278
4
911 426 18 17
969 453 8 16
809 430 15 14
811 431 15 15
frame - 279
4
911 425 18 18
808 430 15 13
839 448 21 17
75 417 24 32
frame - 280
4
910 425 19 18
812 429 14 14
995 440 10 18
977 450 8 13
frame - 281
5
841 450 21 15
911 425 18 18
660 452 23 25
815 430 14 13
972 451 8 15
frame - 282
6
911 425 17 17
660 451 23 26
78 416 23 32
815 430 13 13
971 448 10 15
841 449 20 15
frame - 283
6
911 425 16 17
814 431 14 12
841 450 20 14
432 412 15 14
661 451 22 26
971 448 10 15
frame - 284
4
912 425 15 17
813 431 14 12
662 451 21 25
969 447 10 16
frame - 285
6
815 430 14 13
912 425 16 17
970 447 12 17
663 452 22 25
464 413 15 16
818 432 15 15
frame - 286
3
810 430 15 13
664 452 22 24
912 423 16 17
frame - 287
4
812 430 16 13
664 453 22 23
914 422 16 17
3 416 16 44
frame - 288
5
811 429 16 14
664 453 21 22
1 419 15 40
914 422 16 18
971 451 11 16
frame - 289
4
665 453 21 22
913 424 16 18
1 418 14 40
816 428 14 15
frame - 290
3
915 423 17 19
1 420 15 36
815 428 14 14
frame - 291
3
914 423 17 19
0 418 14 32
809 429 16 13
frame - 292
1
0 418 13 32
frame - 293
3
0 420 13 37
821 429 17 14
665 451 22 21
frame - 294
3
0 420 14 37
817 428 15 14
664 451 24 22
frame - 295
2
0 421 12 37
822 428 17 15
frame - 296
2
0 422 11 36
824 428 15 15
frame - 297
2
1 422 9 37
666 451 22 24
frame - 298
3
921 424 18 18
668 451 21 27
38 425 20 31
frame - 299
1
668 453 22 25
frame - 300
1
922 422 18 18
frame - 301
1
922 422 19 18
frame - 302
2
38 422 20 26
921 423 19 17
frame - 303
2
921 424 20 18
40 420 24 28
frame - 304
2
921 424 21 18
39 419 27 30
frame - 305
3
832 429 16 18
921 423 19 17
829 427 16 17
frame - 306
1
927 417 16 15
frame - 307
0
frame - 308
3
923 423 18 18
31 422 26 26
825 428 16 16
frame - 309
5
973 453 10 16
923 423 19 18
832 429 16 18
827 428 16 16
675 454 22 24
frame - 310
4
995 437 11 15
924 422 19 19
997 438 11 18
844 449 20 15
frame - 311
2
923 423 20 19
844 449 20 14
frame - 312
0
frame - 313
0
frame - 314
0
frame - 315
3
818 427 19 15
674 457 24 21
844 449 20 15
frame - 316
2
981 455 11 16
823 427 17 15
frame - 317
1
983 455 10 16
frame - 318
4
927 423 19 18
826 426 18 16
678 458 22 20
984 452 10 16
frame - 319
3
985 454 9 17
824 426 18 16
678 459 21 19
frame - 320
3
826 427 18 16
976 454 10 15
677 458 22 21
frame - 321
4
823 427 18 15
982 455 11 17
995 437 12 15
676 457 23 22
frame - 322
3
984 456 11 17
827 427 17 15
995 437 13 15
frame - 323
2
824 427 18 15
984 456 11 16
frame - 324
2
995 435 13 16
825 427 17 15
frame - 325
3
996 436 12 15
826 425 17 16
677 457 22 18
frame - 326
3
677 457 22 17
995 436 13 15
829 424 17 17
frame - 327
3
677 457 22 17
995 436 12 15
830 423 16 18
frame - 328
2
677 456 22 18
992 435 13 15
frame - 329
3
679 454 20 18
985 456 11 16
830 425 16 17
frame - 330
3
986 457 10 16
1013 438 12 14
678 457 24 18
frame - 331
4
1014 438 12 14
987 456 10 15
1016 439 11 16
676 457 25 17
frame - 332
2
1015 439 12 17
677 457 24 17
frame - 333
3
985 453 10 15
676 454 24 18
1016 439 11 17
frame - 334
3
982 454 11 16
677 454 22 17
1015 437 13 15
frame - 335
3
984 455 11 15
1015 437 13 15
677 454 22 17
frame - 336
3
984 453 10 14
1015 437 13 15
677 456 22 17
frame - 337
2
985 456 10 15
1015 437 14 14
frame - 338
3
985 455 10 15
1019 437 15 14
1016 437 14 14
frame - 339
1
985 456 11 15
frame - 340
1
985 453 10 14
frame - 341
2
985 455 10 15
1020 436 14 14
frame - 342
2
1021 436 14 14
986 454 10 15
frame - 343
1
1023 437 12 14
frame - 344
3
550 453 22 20
987 453 10 16
1024 436 12 14
frame - 345
3
548 452 24 21
988 453 10 16
1024 437 11 13
frame - 346
3
549 451 25 22
986 454 11 16
1024 437 12 14
frame - 347
2
1023 437 13 14
552 451 23 23
frame - 348
3
551 452 23 21
1023 437 12 14
991 452 10 16
frame - 349
3
985 453 11 15
1022 437 13 14
309 414 14 14
frame - 350
2
1022 437 14 14
308 414 15 14
frame - 351
0
frame - 352
1
549 452 25 21
frame - 353
0
frame - 354
0
frame - 355
2
1024 436 13 15
988 452 10 16
frame - 356
1
992 452 10 16
frame - 357
1
993 449 10 16
frame - 358
1
309 414 14 14
frame - 359
2
309 414 14 14
971 447 8 15
frame - 360
4
690 462 25 23
503 411 18 17
942 432 17 17
309 415 14 14
frame - 361
3
993 454 11 16
690 463 26 22
309 415 14 14
frame - 362
1
309 415 14 14
frame - 363
1
308 414 15 15
frame - 364
3
308 414 14 15
909 425 14 15
1036 441 12 16
frame - 365
1
1035 441 12 17
frame - 366
1
1034 441 12 16
frame - 367
1
1033 440 13 17
frame - 368
1
971 435 11 16
frame - 369
2
908 423 13 17
892 417 14 16
frame - 370
1
893 423 14 17
frame - 371
1
998 452 11 15
frame - 372
4
997 453 11 16
882 422 14 18
1010 437 12 14
306 415 15 14
frame - 373
3
999 447 11 15
306 415 15 15
885 421 16 18
frame - 374
4
1010 437 13 14
1036 436 12 15
307 415 14 14
998 449 10 15
frame - 375
0
frame - 376
0
frame - 377
0
frame - 378
2
1010 436 12 15
1041 436 12 14
frame - 379
3
1041 434 12 16
312 422 14 16
1012 437 11 14
frame - 380
3
1041 437 12 14
1012 438 11 14
313 422 13 16
frame - 381
2
312 422 13 16
1012 438 13 14
frame - 382
2
310 422 13 15
1013 437 12 14
frame - 383
4
305 417 15 15
310 422 14 15
1040 436 13 15
1012 437 13 15
frame - 384
1
311 422 13 16
frame - 385
1
1013 437 12 14
frame - 386
1
1013 437 12 14
frame - 387
1
1041 437 14 14
frame - 388
1
311 422 13 15
frame - 389
1
960 432 12 17
frame - 390
2
311 422 13 15
304 417 15 15
frame - 391
2
932 427 13 15
311 423 13 15
frame - 392
0
frame - 393
1
961 429 14 19
frame - 394
1
962 431 13 18
frame - 395
0
frame - 396
0
frame - 397
0
frame - 398
2
1025 437 11 15
305 415 15 16
frame - 399
2
962 432 13 16
305 416 15 15
frame - 400
2
1025 437 12 14
965 428 13 15
frame - 401
2
934 427 13 15
305 416 14 15
frame - 402
1
720 468 28 29
frame - 403
2
1024 437 12 14
965 431 12 17
frame - 404
3
1026 437 12 15
303 416 16 17
963 430 14 18
frame - 405
2
1025 437 13 15
302 417 17 16
frame - 406
5
1022 447 12 18
1025 437 13 14
302 417 16 16
724 470 29 32
1016 450 11 16
frame - 407
3
1024 448 11 16
304 417 15 16
726 470 28 31
frame - 408
5
1023 447 12 18
1027 437 12 14
304 416 15 17
728 469 27 33
969 432 14 17
frame - 409
7
1026 448 13 17
730 469 28 34
303 417 16 16
309 421 13 15
967 430 16 18
1026 437 15 14
969 427 17 16
frame - 410
4
733 469 27 33
303 416 15 17
1027 447 13 18
969 430 16 18
frame - 411
4
732 469 29 33
968 430 17 19
1028 446 13 19
300 416 17 17
frame - 412
4
734 469 27 34
1027 447 13 19
966 430 15 18
302 417 16 16
frame - 413
4
735 469 28 33
1028 447 12 18
254 415 14 17
302 416 16 17
frame - 414
4
736 469 27 33
1030 437 12 14
1027 448 12 17
254 416 13 16
frame - 415
4
737 469 26 33
1028 448 11 17
966 431 14 17
253 416 14 16
frame - 416
5
970 432 13 17
253 416 15 17
1031 437 12 15
303 416 16 17
738 475 26 29
frame - 417
2
967 432 14 17
254 415 15 18
frame - 418
3
969 430 17 19
1039 446 10 17
253 415 16 18
frame - 419
1
970 431 18 18
frame - 420
3
882 454 17 16
974 431 15 18
1039 448 12 17
frame - 421
2
742 466 32 35
1039 447 11 18
frame - 422
3
975 430 14 18
1039 447 11 18
849 424 14 16
frame - 423
3
1038 447 11 18
977 430 14 18
744 469 32 34
frame - 424
4
1039 447 11 19
977 426 15 17
849 425 14 16
744 468 33 35
frame - 425
2
974 429 17 19
1039 448 10 16
frame - 426
3
1039 449 10 16
977 430 15 19
254 415 18 18
frame - 427
4
749 466 31 36
979 432 15 17
1040 447 10 16
254 415 17 17
frame - 428
4
1039 441 11 17
750 466 30 36
254 416 17 17
978 432 14 17
frame - 429
5
1038 441 11 17
254 416 17 17
1037 447 11 16
752 466 28 36
981 432 15 17
frame - 430
4
1038 449 12 18
254 415 17 18
976 432 15 17
753 468 29 29
frame - 431
3
1038 450 11 18
977 431 16 18
253 415 18 18
frame - 432
4
1039 447 12 19
977 431 16 18
254 416 17 17
1049 442 11 17
frame - 433
2
1039 450 13 19
755 466 31 35
frame - 434
2
1041 448 14 20
757 466 29 29
frame - 435
3
1040 450 13 19
757 467 32 33
253 415 18 17
frame - 436
2
1040 449 13 19
253 414 18 18
frame - 437
5
1040 449 13 19
253 414 18 18
759 465 32 36
881 433 17 16
895 426 17 16
frame - 438
3
1039 448 11 18
759 466 31 35
253 414 18 18
frame - 439
4
1041 449 11 16
253 414 18 18
981 431 15 18
291 415 16 17
frame - 440
2
1045 450 12 18
253 414 18 18
frame - 441
2
1048 447 11 19
254 414 17 18
frame - 442
3
1046 437 12 13
891 425 16 17
253 414 18 18
frame - 443
2
766 464 32 31
1048 437 11 14
frame - 444
2
766 464 31 32
986 432 17 16
frame - 445
3
765 463 30 38
1048 437 13 13
255 414 17 17
frame - 446
4
1048 436 12 14
986 433 17 16
768 465 31 32
254 414 18 17
frame - 447
3
1049 437 13 14
254 414 18 17
1045 449 12 16
frame - 448
1
990 433 15 16
frame - 449
3
771 466 29 29
255 413 16 18
294 413 15 17
frame - 450
5
1046 451 12 18
253 413 18 18
1173 451 12 16
771 467 30 30
886 426 16 15
frame - 451
5
1048 451 12 18
253 413 17 18
772 464 33 37
1172 452 13 16
989 431 17 17
frame - 452
3
1048 452 10 16
254 413 16 17
771 467 30 30
frame - 453
4
1055 449 10 17
253 413 17 17
774 464 31 37
290 414 16 19
frame - 454
4
252 412 19 19
1052 448 11 17
774 465 31 37
990 431 16 18
frame - 455
3
254 412 18 19
1057 448 10 17
990 430 16 18
frame - 456
3
1060 448 10 17
990 429 17 19
254 413 18 18
frame - 457
3
1059 447 12 18
254 413 17 18
995 431 14 17
frame - 458
3
1058 447 13 18
253 413 17 18
992 430 15 18
frame - 459
4
1058 447 12 18
253 413 18 18
907 442 19 16
993 432 15 17
frame - 460
4
1057 448 13 19
254 413 17 18
996 433 14 17
908 442 20 17
frame - 461
5
1057 448 13 19
254 414 18 17
1005 435 15 16
779 466 32 37
995 433 14 16
frame - 462
5
1056 448 12 17
779 466 32 37
992 433 15 15
254 413 17 18
1005 436 15 15
frame - 463
3
1058 448 12 18
780 468 31 39
1006 436 14 15
frame - 464
3
1056 447 12 18
995 433 15 16
781 469 31 39
frame - 465
2
1060 447 12 18
781 468 32 39
frame - 466
2
1056 448 14 19
782 471 34 34
frame - 467
2
1057 448 12 19
783 472 33 32
frame - 468
4
1055 449 10 17
786 470 33 38
993 433 15 16
256 414 16 18
frame - 469
3
1058 449 12 19
787 470 33 38
995 432 13 16
frame - 470
5
787 471 34 38
1057 448 12 20
963 427 15 16
1007 432 14 16
1008 428 15 15
frame - 471
4
1058 448 12 18
788 472 33 39
902 425 18 16
992 433 15 16
frame - 472
4
1058 448 11 18
789 472 32 39
904 424 17 17
995 434 14 16
frame - 473
3
1060 449 11 20
989 433 14 17
899 426 17 15
frame - 474
2
1058 448 12 19
986 434 15 17
frame - 475
3
1057 449 11 18
994 434 15 16
1005 434 16 16
frame - 476
5
1060 450 11 17
764 497 35 45
1006 434 15 15
997 436 14 15
893 428 16 15
frame - 477
4
1061 451 10 17
763 497 34 43
1008 434 14 17
994 435 14 17
frame - 478
4
1064 450 9 18
791 479 34 37
1009 435 14 16
890 432 17 15
frame - 479
3
792 480 35 38
1068 453 11 19
1007 433 14 17
frame - 480
3
793 479 35 39
1068 452 12 18
1012 435 14 15
frame - 481
3
1071 451 12 20
794 478 33 40
1012 434 14 16
frame - 482
3
795 478 33 40
1013 432 14 16
1073 450 11 20
frame - 483
3
795 479 33 41
1013 434 13 16
1072 451 12 19
frame - 484
3
796 478 33 41
1013 435 13 16
1071 453 13 18
frame - 485
4
797 478 33 43
1073 452 13 19
1013 433 15 17
975 432 15 18
frame - 486
3
1073 451 13 20
797 479 33 40
1012 433 12 16
frame - 487
3
796 478 32 41
1073 453 13 21
1012 433 15 17
frame - 488
4
1072 454 12 19
796 480 33 39
1012 434 15 17
1010 436 14 19
frame - 489
3
1073 454 12 20
796 480 34 39
1009 433 17 18
frame - 490
3
1073 455 12 20
797 480 34 37
1011 434 15 17
frame - 491
3
1073 454 13 20
798 482 34 35
1012 434 15 17
frame - 492
3
1075 454 12 20
798 484 35 33
1012 433 14 18
frame - 493
2
1075 452 12 21
802 485 32 35
frame - 494
3
1075 454 13 21
256 417 17 14
804 488 30 37
frame - 495
4
805 485 30 37
1013 433 13 18
255 417 17 15
1075 452 12 20
frame - 496
5
1073 453 11 19
975 431 15 18
255 417 16 15
1013 434 14 17
805 486 29 38
frame - 497
2
806 484 30 37
1073 455 12 18
frame - 498
1
1074 455 13 19
frame - 499
3
1018 431 17 20
1074 454 13 20
807 485 29 37
frame - 500
3
1076 453 12 20
806 486 31 37
1014 433 14 18
frame - 501
2
1077 453 13 21
1012 432 15 19
frame - 502
4
805 487 33 34
1019 433 16 18
1076 451 12 20
1013 433 15 18
frame - 503
2
1018 431 18 19
977 432 17 18
frame - 504
4
805 487 35 38
1076 451 11 20
1018 432 16 18
1013 433 15 18
frame - 505
2
1018 434 17 17
1086 453 14 22
frame - 506
4
810 488 32 39
1071 450 13 19
1013 433 15 19
1017 434 17 18
frame - 507
3
1013 434 15 18
1072 450 12 19
1017 434 17 18
frame - 508
4
1073 449 12 18
1018 434 17 17
811 488 32 38
1014 434 15 18
frame - 509
4
810 487 33 39
1019 435 16 17
1015 434 14 18
1085 450 14 19
frame - 510
4
809 485 35 37
1018 434 17 18
1086 450 13 17
1013 434 15 18
frame - 511
2
811 485 33 40
1020 436 17 16
frame - 512
2
1021 437 17 19
1087 449 13 19
frame - 513
2
1087 450 13 19
1024 435 14 16
frame - 514
3
812 483 34 39
1089 449 12 19
1024 436 16 16
frame - 515
3
1025 435 14 17
811 484 37 40
1091 450 11 19
frame - 516
3
1025 434 16 18
1088 449 12 19
1077 448 11 17
frame - 517
3
1089 449 13 19
1026 435 15 17
818 483 34 39
frame - 518
4
821 483 32 38
1028 435 14 17
1090 448 12 17
684 468 29 35
frame - 519
3
820 483 34 38
1027 435 15 17
1090 451 12 18
frame - 520
2
964 434 13 15
1026 435 16 16
frame - 521
1
1091 453 12 18
frame - 522
3
821 485 37 40
1128 449 11 16
987 431 16 18
frame - 523
2
823 486 36 38
1093 449 12 17
frame - 524
4
823 486 37 39
1091 449 13 17
1130 450 13 16
1087 442 14 17
frame - 525
2
824 484 37 37
1093 449 13 19
frame - 526
3
1093 449 13 18
827 483 35 39
1027 433 15 18
frame - 527
3
826 484 37 40
1093 450 14 19
1027 435 15 16
frame - 528
3
828 483 35 39
1092 449 14 17
1035 435 15 16
frame - 529
3
829 482 34 40
1091 447 14 16
1091 443 15 16
frame - 530
2
1090 447 15 16
831 483 34 35
frame - 531
5
1093 455 14 18
835 482 34 39
1038 437 17 19
944 427 15 14
1035 435 18 17
frame - 532
4
1093 453 14 19
836 486 32 39
1037 437 17 20
1098 455 15 19
frame - 533
4
837 484 34 41
1093 454 15 19
1097 456 16 20
1039 438 16 18
frame - 534
4
837 485 38 41
1095 451 12 17
1041 439 16 18
992 433 15 17
frame - 535
6
837 485 37 41
1095 451 13 17
1042 438 15 19
1100 455 13 19
991 434 14 16
1039 434 16 17
frame - 536
5
840 486 35 41
1097 449 11 16
1041 438 15 19
1102 454 12 18
1039 435 15 17
frame - 537
4
840 486 36 40
1097 450 12 18
1043 439 15 19
1101 454 13 19
frame - 538
5
842 486 35 43
1095 450 13 18
1100 454 15 19
996 433 15 15
1043 439 15 18
frame - 539
5
843 485 35 42
1095 449 13 17
1101 454 14 18
1045 439 15 19
976 434 15 15
frame - 540
4
843 486 36 41
1100 455 17 21
1040 437 18 21
1093 456 14 19
frame - 541
4
843 487 36 40
1103 456 15 20
1041 437 16 21
1094 458 13 18
frame - 542
4
1101 457 16 20
843 489 37 34
1094 458 13 18
1042 438 17 20
frame - 543
4
1102 458 15 20
847 487 36 39
1042 438 17 20
1095 458 12 17
frame - 544
3
1103 456 16 20
848 487 35 39
1041 437 18 21
frame - 545
4
850 487 36 39
1103 457 16 20
1043 437 17 21
956 431 15 18
frame - 546
4
854 489 34 39
1102 457 16 20
1043 437 17 21
1096 457 12 18
frame - 547
4
851 489 36 39
1103 456 14 19
1096 453 11 18
1044 436 18 22
frame - 548
5
856 490 35 38
1105 455 13 17
1048 439 16 20
1148 456 12 17
1097 457 11 15
frame - 549
5
856 491 37 38
958 451 15 16
1104 451 14 17
1138 456 11 16
770 511 25 35
frame - 550
6
855 492 39 38
1106 457 13 18
1139 457 11 17
960 451 15 15
1048 440 16 19
773 513 24 28
frame - 551
5
856 493 39 38
1121 458 11 16
1107 458 13 17
964 452 13 15
1049 441 16 18
frame - 552
4
858 493 39 34
1107 457 14 16
1146 458 13 17
1050 441 16 19
frame - 553
4
860 493 38 35
1128 458 13 17
1106 458 15 17
1049 442 15 18
frame - 554
4
861 494 34 40
1123 457 10 16
1108 457 13 17
1046 446 13 18
frame - 555
2
863 494 36 40
1118 458 12 15
frame - 556
2
865 496 35 39
1119 459 11 15
frame - 557
4
1117 459 12 16
869 498 34 35
1116 465 12 18
1042 446 14 17
frame - 558
5
869 497 35 38
1117 459 12 16
1043 445 13 18
1117 463 12 18
1049 442 15 19
frame - 559
4
871 497 34 40
1118 459 12 16
1043 445 13 18
957 432 18 17
frame - 560
3
1119 457 12 15
956 431 18 18
1043 446 14 17
frame - 561
3
1119 458 13 16
874 498 35 39
1049 446 12 16
frame - 562
3
1119 457 13 16
876 499 35 37
1118 466 14 18
frame - 563
3
1117 465 15 19
883 501 30 35
1117 459 14 17
frame - 564
4
883 499 31 39
1116 456 13 15
1118 466 14 18
956 433 19 17
frame - 565
3
881 500 36 39
1120 466 15 18
1119 459 13 16
frame - 566
3
884 502 35 39
1119 465 17 19
1120 461 15 16
frame - 567
3
1122 466 16 19
885 502 34 37
1122 461 14 15
frame - 568
5
1122 465 18 20
885 502 35 36
1062 441 17 19
1011 441 15 16
1132 462 14 16
frame - 569
4
888 500 35 41
1124 464 17 21
1063 441 16 19
1127 461 15 17
frame - 570
3
892 504 33 41
1128 460 14 17
1125 463 16 21
frame - 571
3
892 502 36 43
1129 459 14 18
1130 463 15 22
frame - 572
3
893 505 34 40
1129 460 13 17
799 521 26 30
frame - 573
4
894 504 34 41
1130 459 14 18
1131 462 15 22
1060 447 15 18
frame - 574
5
899 504 33 40
1130 461 14 17
802 520 25 30
1066 442 20 19
1130 463 16 22
frame - 575
2
900 507 34 38
1128 462 19 23
frame - 576
2
900 507 34 40
1130 462 18 23
frame - 577
4
903 506 35 43
1131 462 18 23
976 436 17 15
1066 442 20 19
frame - 578
5
906 506 32 42
1132 464 16 21
974 435 16 15
1132 460 14 17
1073 442 16 17
frame - 579
5
908 508 31 40
1132 458 13 17
1069 447 16 19
1133 463 15 22
975 436 15 14
frame - 580
6
908 509 32 39
1133 458 13 18
1134 464 15 22
1072 443 18 18
1070 447 16 18
976 436 15 14
frame - 581
5
910 508 32 41
1132 457 14 17
1134 464 16 22
976 436 16 14
1071 448 15 17
frame - 582
4
1071 447 15 17
1133 459 14 17
978 436 15 14
1026 443 16 16
frame - 583
5
1133 458 14 16
1133 464 18 23
1071 447 15 17
918 509 31 39
971 434 16 15
frame - 584
4
1133 459 13 16
1071 447 16 18
920 510 30 37
1135 464 15 21
frame - 585
2
1133 457 13 16
1135 465 15 22
frame - 586
3
1137 465 15 21
1137 459 13 17
972 434 16 16
frame - 587
3
1136 465 17 21
1137 460 14 17
978 436 17 15
frame - 588
4
1137 465 15 20
1135 459 14 17
1072 448 15 19
1184 454 14 20
frame - 589
3
1138 464 18 23
928 511 30 43
1137 459 15 17
frame - 590
3
1140 459 14 17
930 512 32 42
1143 464 17 22
frame - 591
3
1143 463 18 23
1139 458 15 18
977 435 19 16
frame - 592
4
1142 459 15 18
931 512 33 42
1143 463 18 22
979 437 17 14
frame - 593
4
1143 460 15 17
935 517 31 37
1144 463 18 23
1083 448 17 19
frame - 594
3
1145 460 16 17
1143 464 19 21
830 459 18 20
frame - 595
2
1144 464 20 23
1145 461 17 17
frame - 596
4
1145 464 20 23
1146 461 16 17
944 523 30 29
1086 448 15 17
frame - 597
3
1147 465 19 22
1146 460 16 17
946 516 30 38
frame - 598
3
1147 461 17 17
1146 465 20 22
946 520 30 31
frame - 599
3
945 515 33 40
1147 465 20 22
1148 462 17 17
frame - 600
2
1149 466 19 21
1086 450 15 16
frame - 601
2
1149 465 19 22
1090 451 13 18
frame - 602
4
1091 450 14 18
1151 465 19 22
1148 461 15 16
1198 453 15 17
frame - 603
4
1092 449 14 18
1150 462 15 15
1151 466 18 21
1201 453 15 15
frame - 604
3
1091 450 15 20
1151 466 18 21
1149 462 15 15
frame - 605
1
1152 466 17 22
frame - 606
2
1152 466 18 21
1148 462 15 16
frame - 607
1
1152 466 18 21
frame - 608
3
1154 465 16 21
1154 462 14 17
1092 451 15 19
frame - 609
3
1093 452 14 19
1100 454 15 20
1154 469 17 23
frame - 610
4
1091 451 15 19
1097 452 17 21
1159 469 20 24
1041 451 13 16
frame - 611
2
1161 470 18 24
1094 451 14 21
frame - 612
3
1098 449 16 20
1162 472 17 21
1094 450 15 20
frame - 613
2
1162 472 18 22
1091 452 15 23
frame - 614
5
1097 452 18 23
1091 454 16 21
1163 472 18 21
1163 468 17 19
850 438 15 20
frame - 615
4
1165 473 16 20
1164 469 16 18
1099 452 16 21
1093 454 14 21
frame - 616
4
1166 472 16 21
1165 468 16 19
1101 453 15 21
945 452 15 15
frame - 617
3
1100 454 18 19
1166 472 17 21
1165 469 17 17
frame - 618
5
1166 473 17 21
1101 455 16 19
878 453 12 15
1165 469 17 18
966 448 17 16
frame - 619
5
1101 459 17 17
1165 473 19 22
958 452 17 15
881 459 13 16
1165 469 17 18
frame - 620
2
1167 473 17 22
1101 458 17 17
frame - 621
4
1167 472 18 22
1167 469 16 18
963 451 17 14
853 441 14 16
frame - 622
7
983 449 16 15
1167 475 19 25
1102 457 15 17
854 441 14 16
988 442 15 16
1004 450 16 15
1167 469 16 18
frame - 623
6
963 451 16 14
1104 457 14 17
982 441 16 17
1169 476 18 25
885 454 12 15
855 440 14 16
frame - 624
6
964 450 16 16
1103 457 15 17
1038 448 14 15
1168 473 18 22
882 458 12 14
984 441 16 17
frame - 625
5
1105 457 14 17
961 451 17 15
984 441 16 17
1168 476 19 24
1039 449 13 14
frame - 626
1
883 458 14 14
frame - 627
5
883 458 13 16
1107 457 16 17
1115 458 14 17
981 442 20 17
972 448 19 15
frame - 628
4
885 458 14 15
1116 460 15 16
971 449 18 15
1107 457 16 18
frame - 629
5
965 452 19 13
1036 448 16 15
887 459 14 16
1212 476 15 18
1176 475 19 20
frame - 630
4
1176 480 19 22
977 452 16 14
887 455 12 15
1039 451 15 15
frame - 631
2
1177 479 18 23
887 455 11 14
frame - 632
3
1179 479 17 23
889 457 12 14
968 453 16 15
frame - 633
4
1178 479 18 23
888 456 11 14
1117 458 17 19
1011 536 39 37
frame - 634
4
1013 533 39 40
1178 481 19 21
983 451 19 15
1108 460 25 24
frame - 635
3
1012 532 42 38
1108 461 25 23
1180 481 18 20
frame - 636
4
1012 533 43 41
1180 483 19 18
1109 462 25 23
973 449 18 14
frame - 637
5
1015 535 41 40
1181 482 18 19
1110 462 25 22
978 449 22 14
1116 460 22 19
frame - 638
3
1015 534 45 45
1182 483 18 20
1110 463 25 21
frame - 639
3
1018 535 44 41
1182 482 18 20
1114 462 21 22
frame - 640
3
1021 535 43 46
1184 482 16 20
1119 464 17 20
frame - 641
3
1022 534 42 45
1184 481 17 21
972 455 20 15
frame - 642
4
1024 538 42 42
1119 461 20 23
976 453 18 14
1186 482 15 21
frame - 643
3
1024 538 45 46
1185 482 17 21
975 453 19 13
frame - 644
4
979 452 19 14
1116 464 20 21
1024 540 44 40
1184 482 17 20
frame - 645
4
1026 540 45 45
1120 465 19 20
1185 483 16 20
973 458 20 14
frame - 646
6
1121 465 17 20
980 451 20 14
1004 456 18 14
1196 483 15 20
1186 484 16 20
944 478 18 14
frame - 647
5
980 451 20 13
944 479 19 14
1195 483 17 20
1036 542 43 44
245 449 13 14
frame - 648
6
1038 545 41 36
1124 467 19 19
1197 483 16 19
978 453 20 14
1196 481 15 16
245 449 14 14
frame - 649
3
245 450 15 14
1126 465 20 20
1195 483 18 20
frame - 650
5
1041 549 43 37
983 454 18 14
1127 465 19 20
245 450 16 14
1197 484 17 20
frame - 651
4
1129 466 21 20
987 452 18 14
945 464 17 12
1197 483 17 19
frame - 652
4
984 454 17 15
1130 466 19 21
1197 484 17 20
246 451 14 14
frame - 653
4
1048 547 41 42
1131 467 21 20
849 531 43 49
1196 485 19 19
frame - 654
4
1049 546 41 43
1131 468 21 19
1194 486 20 25
1007 457 16 14
frame - 655
3
1133 468 20 18
1008 457 17 15
1195 488 19 23
frame - 656
4
1131 468 21 19
1195 491 19 22
250 451 19 15
1008 458 17 14
frame - 657
3
1131 469 20 18
1197 492 17 22
979 461 15 13
frame - 658
6
1127 467 22 19
1198 492 18 23
1121 464 20 15
1057 548 42 45
981 460 16 13
1200 488 20 25
frame - 659
6
1197 493 19 22
1133 469 18 18
1003 457 19 14
1199 489 21 24
250 451 19 15
1132 472 19 20
frame - 660
4
1200 492 19 23
1134 471 18 17
1203 489 20 24
1132 474 19 18
frame - 661
5
1205 493 18 24
251 453 18 15
1132 474 20 19
1134 471 19 17
986 461 16 12
frame - 662
3
1207 494 19 25
1135 470 20 18
251 453 17 14
frame - 663
5
1209 495 18 25
1137 469 20 19
1002 456 18 13
250 452 18 16
861 542 50 43
frame - 664
3
1209 494 19 24
250 453 18 16
1137 474 19 19
frame - 665
5
1210 495 18 23
1138 473 20 20
249 453 19 16
238 451 17 15
692 475 14 25
frame - 666
2
1209 496 19 22
1139 473 21 21
frame - 667
3
1209 495 20 23
1137 472 26 23
239 451 16 17
frame - 668
2
1209 495 20 23
1140 473 25 22
frame - 669
3
1209 498 21 22
1143 473 23 21
237 450 17 18
frame - 670
3
1211 497 19 21
1144 472 24 24
1083 468 18 17
frame - 671
4
1213 497 18 22
1004 461 18 13
1144 472 24 23
1081 470 20 17
frame - 672
4
1144 473 26 23
1213 499 17 19
1092 555 39 45
1002 458 18 13
frame - 673
3
1145 473 25 23
1215 498 19 20
1005 462 18 13
frame - 674
3
1216 498 19 20
1146 474 24 22
1007 461 18 12
frame - 675
4
1219 498 18 19
1149 473 21 23
605 451 15 16
682 459 15 24
frame - 676
3
1223 499 17 19
935 492 22 17
603 450 16 16
frame - 677
5
1227 499 18 18
1151 475 20 21
938 493 21 18
664 448 15 18
605 451 15 15
frame - 678
2
1228 499 19 19
660 448 14 18
frame - 679
4
1228 501 19 18
1019 463 18 12
656 449 15 17
1158 473 23 23
frame - 680
5
657 449 13 15
1160 477 22 25
661 449 12 15
995 460 16 13
1228 499 18 16
frame - 681
2
1160 475 20 20
663 447 16 17
frame - 682
4
1161 478 22 23
1230 496 16 17
662 449 13 15
1251 478 14 14
frame - 683
4
1162 478 22 24
667 448 14 16
1022 464 18 12
1230 497 16 17
frame - 684
5
1163 479 22 24
667 450 15 16
1022 465 17 12
1231 502 17 18
732 456 11 13
frame - 685
4
1164 477 22 26
667 450 15 16
1232 501 15 20
1024 465 17 12
frame - 686
5
964 497 25 18
1166 477 22 26
1166 387 19 18
667 450 14 17
1230 499 16 20
frame - 687
4
1171 478 23 25
1132 457 14 11
668 451 15 17
969 495 24 19
frame - 688
5
1173 478 21 25
963 495 22 17
1099 477 18 16
667 452 14 16
734 455 13 15
frame - 689
4
1174 479 21 24
1099 478 18 14
670 455 15 15
1139 459 15 12
frame - 690
1
1175 481 22 22
frame - 691
3
1177 482 21 22
1035 455 19 14
670 457 16 15
frame - 692
4
1179 483 20 21
1104 478 17 16
1139 459 15 12
898 461 11 12
frame - 693
4
1152 564 47 54
1179 483 19 20
900 462 12 12
1261 508 17 23
frame - 694
4
1180 483 20 21
1153 565 48 59
1036 481 19 14
701 459 15 15
frame - 695
2
1157 565 49 63
1181 483 22 22
frame - 696
3
1158 566 52 64
1040 463 17 13
701 459 15 14
frame - 697
2
1043 461 17 13
1188 486 24 25
frame - 698
2
1246 520 31 50
1040 464 16 12
frame - 699
3
1191 486 25 26
1038 464 17 12
686 458 16 15
