frame - 0
3
174 329 23 37
4 312 23 35
419 346 20 30
frame - 1
3
168 331 25 36
3 308 23 33
418 348 18 29
frame - 2
5
1 307 22 33
166 329 26 38
414 349 22 35
508 372 19 29
500 372 21 30
frame - 3
5
0 306 19 34
411 349 22 35
160 327 25 37
511 374 18 29
243 343 18 26
frame - 4
4
0 306 17 34
160 323 24 36
512 375 19 28
409 351 22 34
frame - 5
4
0 307 15 33
156 322 23 36
403 353 22 32
513 374 21 29
frame - 6
4
401 352 21 33
0 308 14 31
153 322 24 35
517 372 19 32
frame - 7
4
398 352 21 33
150 320 27 37
0 310 14 29
514 373 24 38
frame - 8
4
393 352 24 34
229 338 16 24
145 319 25 38
861 350 19 33
frame - 9
4
144 317 26 40
389 350 26 36
227 333 16 25
527 369 20 34
frame - 10
3
142 316 26 41
530 367 21 35
225 332 16 26
frame - 11
4
143 319 23 37
214 329 20 29
383 344 25 33
530 368 20 32
frame - 12
3
212 328 19 29
141 318 23 38
381 341 25 34
frame - 13
3
209 328 20 29
138 318 25 39
382 337 23 32
frame - 14
5
380 335 24 32
207 327 19 29
139 317 21 35
661 353 17 32
534 376 22 30
frame - 15
3
381 335 24 33
203 327 21 30
131 317 25 39
frame - 16
4
130 311 26 42
200 328 19 30
381 336 23 32
660 352 17 32
frame - 17
2
128 309 25 41
660 352 19 31
frame - 18
3
126 307 25 42
660 354 19 31
192 328 19 29
frame - 19
5
120 306 26 38
660 354 19 31
378 340 23 29
548 383 17 29
187 327 20 30
frame - 20
3
115 302 26 40
183 323 19 28
381 341 22 33
frame - 21
3
113 299 25 41
180 322 19 28
380 341 23 34
frame - 22
4
109 298 27 42
176 319 19 30
381 341 22 34
661 362 19 32
frame - 23
3
104 298 26 41
172 317 20 31
382 340 22 34
frame - 24
4
99 299 28 42
384 338 20 30
167 316 22 32
545 378 21 32
frame - 25
2
96 300 25 40
384 337 21 31
frame - 26
3
89 300 25 41
381 333 22 33
162 314 21 34
frame - 27
3
85 300 26 41
159 315 22 33
380 330 22 33
frame - 28
4
78 299 27 42
158 315 22 35
378 328 22 31
561 384 18 29
frame - 29
3
73 296 29 47
377 325 23 33
157 318 20 32
frame - 30
4
66 294 31 44
375 325 24 33
154 318 19 31
243 337 20 30
frame - 31
4
63 291 29 44
242 337 20 30
152 318 20 31
374 325 24 34
frame - 32
4
59 286 29 45
149 316 22 33
372 327 24 37
238 342 20 35
frame - 33
5
57 286 28 44
147 314 22 34
372 329 24 36
236 343 20 33
666 372 17 30
frame - 34
5
56 284 26 42
146 312 21 37
369 329 25 36
230 343 21 32
670 372 18 30
frame - 35
6
51 283 29 44
367 330 25 35
227 344 20 32
0 16 429 577
144 312 21 35
670 374 18 28
frame - 36
6
0 18 431 575
48 281 29 46
366 331 26 36
221 341 19 28
143 309 20 34
671 373 18 29
frame - 37
5
46 282 29 46
142 308 19 34
363 331 22 35
218 340 17 27
674 374 16 27
frame - 38
5
45 281 28 47
214 336 18 30
138 308 19 33
675 374 17 28
361 329 23 35
frame - 39
5
41 283 29 47
211 336 20 30
133 307 22 34
357 324 23 33
677 375 17 26
frame - 40
6
39 283 29 49
132 306 21 35
600 390 16 31
354 321 25 35
675 373 18 28
208 334 19 31
frame - 41
5
39 282 29 50
130 308 20 33
354 320 25 37
205 330 20 29
601 392 16 30
frame - 42
3
38 283 29 48
353 314 25 36
126 308 21 34
frame - 43
3
39 279 28 49
353 315 25 35
125 310 20 38
frame - 44
7
36 276 29 51
352 314 24 36
118 309 22 39
199 326 21 32
0 10 422 632
677 373 19 28
269 331 21 32
frame - 45
6
33 276 30 50
353 313 23 37
0 10 435 621
198 328 20 33
114 309 21 40
270 331 19 30
frame - 46
7
31 275 29 48
353 314 23 35
109 309 23 40
196 329 20 33
678 374 17 28
52 334 25 47
270 332 19 29
frame - 47
3
29 272 29 47
353 316 23 34
194 330 20 34
frame - 48
5
23 268 32 50
98 302 25 40
192 330 20 35
352 316 23 35
266 335 18 31
frame - 49
6
22 268 30 51
97 301 23 40
189 330 21 36
352 319 24 37
266 336 18 30
42 332 27 47
frame - 50
5
16 268 34 49
352 315 25 35
187 330 22 36
94 299 23 35
266 335 18 31
frame - 51
5
11 269 34 49
353 314 24 36
88 297 27 42
187 328 22 36
265 334 19 32
frame - 52
5
11 268 30 49
353 313 24 36
87 296 26 38
185 323 24 37
264 330 19 33
frame - 53
4
4 270 31 49
353 313 24 37
85 302 25 38
183 323 25 35
frame - 54
5
3 270 29 50
354 307 24 35
80 303 26 39
181 320 23 38
262 326 20 32
frame - 55
4
79 301 26 42
1 271 27 48
353 304 25 37
179 315 22 35
frame - 56
5
1 271 20 46
352 300 27 40
77 302 25 43
258 319 20 31
176 312 23 38
frame - 57
3
351 299 28 40
0 273 18 43
75 305 24 39
frame - 58
2
350 299 29 39
169 312 23 37
frame - 59
2
351 302 26 37
920 459 11 18
frame - 60
3
350 303 27 38
245 319 21 32
163 311 23 39
frame - 61
2
350 304 25 38
68 301 22 42
frame - 62
6
348 305 25 35
237 324 22 33
67 300 22 42
155 315 22 36
693 384 17 27
622 397 18 25
frame - 63
2
347 305 24 35
67 297 20 35
frame - 64
4
226 325 23 33
63 295 19 36
344 305 24 34
148 313 19 35
frame - 65
3
58 293 23 39
222 322 22 35
143 311 20 40
frame - 66
4
59 293 21 36
217 322 19 34
336 300 25 33
139 308 21 34
frame - 67
3
214 321 19 35
58 291 20 37
140 308 18 32
frame - 68
4
330 296 25 35
53 291 21 37
211 318 19 32
134 304 19 35
frame - 69
4
50 291 22 39
327 292 26 37
131 302 19 36
209 315 18 33
frame - 70
3
326 287 26 38
44 293 23 36
129 300 20 31
frame - 71
4
40 292 24 39
322 286 24 37
126 299 21 39
202 308 19 33
frame - 72
4
321 285 26 38
201 307 19 34
33 290 24 39
123 298 22 35
frame - 73
3
317 285 27 39
198 306 21 34
31 289 22 40
frame - 74
4
196 305 22 36
314 285 25 37
24 284 25 37
119 303 21 36
frame - 75
5
117 302 22 38
195 310 23 39
18 280 25 39
313 287 23 36
599 422 12 16
frame - 76
4
115 302 22 38
195 310 21 39
15 277 24 38
312 291 22 39
frame - 77
4
193 313 23 38
11 272 25 42
112 300 23 39
313 290 21 34
frame - 78
4
8 268 26 38
110 299 23 40
309 290 24 39
190 312 24 41
frame - 79
4
6 266 26 40
107 298 24 40
309 289 24 40
188 311 24 42
frame - 80
5
105 295 24 36
189 312 23 39
5 264 26 40
309 285 22 39
304 286 24 43
frame - 81
4
302 281 26 41
187 310 25 42
103 291 24 39
2 264 24 39
frame - 82
4
98 290 25 40
302 280 26 40
185 310 23 38
1 264 24 39
frame - 83
4
298 276 26 41
95 286 25 38
182 307 22 35
468 404 17 25
frame - 84
5
295 274 29 44
178 303 22 40
91 282 25 43
0 266 20 31
90 300 27 50
frame - 85
6
175 302 22 40
87 283 24 39
292 271 28 44
0 264 17 32
277 419 19 29
467 404 17 24
frame - 86
4
288 269 28 50
0 263 15 32
169 301 23 38
86 285 23 37
frame - 87
4
286 269 28 47
79 285 24 36
169 301 20 31
0 261 13 33
frame - 88
3
72 284 26 39
281 270 27 44
166 300 20 32
frame - 89
3
276 270 28 44
161 300 22 41
66 286 26 38
frame - 90
3
63 287 25 36
274 274 24 41
155 304 23 36
frame - 91
4
268 274 29 43
56 284 26 39
57 306 27 46
151 306 25 41
frame - 92
3
261 273 32 43
146 306 22 36
49 284 26 39
frame - 93
4
256 271 28 43
45 282 26 39
140 305 24 38
45 306 28 45
frame - 94
6
249 269 28 49
40 277 26 42
40 298 29 52
247 280 29 50
135 305 20 36
360 396 15 25
frame - 95
4
243 263 29 45
36 275 24 40
131 305 22 35
38 297 27 48
frame - 96
3
236 259 29 45
32 272 28 42
126 302 23 38
frame - 97
2
229 255 31 46
31 270 27 44
frame - 98
3
227 252 29 47
27 269 28 45
118 296 21 35
frame - 99
3
223 246 31 46
25 269 27 45
117 288 21 35
frame - 100
4
220 245 32 47
114 283 23 39
19 267 29 47
20 286 29 50
frame - 101
3
215 245 33 45
16 270 28 41
114 283 22 38
frame - 102
3
212 246 31 46
14 272 28 40
113 277 24 39
frame - 103
4
208 246 32 49
13 272 27 40
110 276 27 46
909 450 10 16
frame - 104
4
207 245 32 50
10 271 28 42
107 276 28 42
908 450 11 16
frame - 105
4
208 248 29 46
107 277 25 44
8 270 27 41
908 450 10 15
frame - 106
4
207 250 29 50
102 277 29 45
5 267 29 45
910 449 11 16
frame - 107
5
203 247 31 51
101 277 29 46
2 263 29 43
910 450 10 15
911 447 10 13
frame - 108
5
201 245 30 51
103 278 26 44
1 263 25 40
910 450 9 15
912 446 9 14
frame - 109
4
198 244 32 50
101 274 28 45
1 258 24 41
910 449 10 16
frame - 110
4
195 243 31 51
99 272 28 46
1 256 21 40
909 450 11 15
frame - 111
3
191 237 33 48
98 268 27 48
907 451 11 15
frame - 112
4
187 232 32 49
92 266 31 47
904 451 11 15
1054 496 9 13
frame - 113
4
183 228 32 48
88 261 31 44
901 451 10 16
1052 498 9 13
frame - 114
6
179 225 31 49
86 256 27 43
900 452 10 14
877 509 10 15
879 506 10 15
1053 498 8 13
frame - 115
5
173 222 34 50
83 253 27 43
899 451 10 15
1054 498 8 13
362 432 10 15
frame - 116
3
167 221 35 50
76 247 29 44
899 451 10 15
frame - 117
4
163 221 34 51
67 247 32 43
898 451 10 15
362 433 10 16
frame - 118
5
159 225 34 50
65 250 31 45
898 450 9 15
892 445 9 14
895 451 9 15
frame - 119
7
152 227 35 53
61 251 31 47
898 450 9 15
891 445 9 14
430 396 18 25
896 452 10 15
1050 496 9 14
frame - 120
6
52 252 32 47
146 227 33 51
892 444 10 15
897 449 10 16
893 451 10 16
1050 495 9 15
frame - 121
6
136 228 36 48
49 258 30 48
896 449 11 16
891 444 10 15
893 451 10 15
1048 492 9 13
frame - 122
6
130 226 35 54
41 257 31 49
896 449 11 16
892 445 10 15
893 450 11 16
1046 491 9 14
frame - 123
7
126 222 32 54
33 256 31 48
890 445 10 14
894 449 11 16
256 316 22 33
889 451 10 16
1045 491 10 14
frame - 124
8
118 217 34 53
27 252 31 46
250 310 26 38
889 445 10 15
893 449 11 16
1047 491 9 14
890 451 10 15
992 447 9 16
frame - 125
8
112 210 35 59
250 304 24 36
18 249 33 46
891 445 9 15
895 449 9 15
1045 492 9 13
890 451 10 15
415 391 20 31
frame - 126
5
107 207 34 55
14 246 30 42
894 445 9 14
1045 492 9 13
892 449 9 14
frame - 127
5
101 201 35 53
8 241 30 39
246 302 25 37
894 445 9 14
891 449 10 15
frame - 128
6
95 198 37 53
5 237 30 41
892 446 9 14
891 449 10 14
245 299 25 38
764 461 11 15
frame - 129
7
91 194 38 55
4 231 29 41
889 446 10 14
964 498 9 12
245 300 25 37
890 450 9 13
402 391 21 31
frame - 130
6
85 194 40 55
1 225 24 36
890 445 10 15
892 450 10 14
244 299 26 38
398 391 21 31
frame - 131
5
82 196 37 52
896 446 8 13
239 299 26 39
892 450 8 13
395 391 22 30
frame - 132
6
77 197 38 54
237 300 27 39
966 480 10 13
883 452 9 13
335 409 22 30
394 390 23 32
frame - 133
3
72 197 39 57
238 299 26 39
880 452 9 13
frame - 134
5
66 196 42 56
238 298 26 41
963 473 9 13
965 477 9 14
996 450 10 15
frame - 135
3
63 196 40 59
236 295 27 40
995 450 10 15
frame - 136
2
60 195 40 59
232 293 27 38
frame - 137
3
58 190 40 62
231 291 26 39
382 385 21 28
frame - 138
4
54 189 39 59
229 285 27 40
380 385 22 29
995 451 10 14
frame - 139
5
49 183 40 64
225 282 26 40
994 451 10 14
378 385 21 29
894 408 13 21
frame - 140
4
46 179 37 61
222 277 27 39
995 451 10 14
278 417 16 22
frame - 141
4
40 172 41 61
218 273 27 41
995 452 10 14
883 407 14 22
frame - 142
3
36 168 38 62
214 274 27 39
995 452 10 14
frame - 143
4
29 165 39 61
211 273 28 40
993 452 10 15
900 444 10 14
frame - 144
5
25 162 39 62
207 273 26 40
902 445 10 14
993 453 10 14
1041 497 10 14
frame - 145
6
17 161 40 63
204 275 26 39
993 453 10 14
902 445 10 14
375 381 19 31
992 456 10 15
frame - 146
5
13 161 39 62
199 278 26 38
373 380 21 31
901 445 12 14
993 453 9 14
frame - 147
5
5 162 40 62
371 378 21 33
901 445 12 15
993 452 10 15
993 464 8 13
frame - 148
4
2 164 34 65
188 279 28 37
370 378 21 33
901 444 11 15
frame - 149
7
1 169 31 62
901 444 11 16
244 361 20 34
995 452 9 14
981 463 7 13
370 380 21 31
368 375 20 29
frame - 150
6
366 374 22 30
901 445 10 15
0 166 27 65
176 276 26 38
965 464 7 12
988 459 9 14
frame - 151
6
238 360 21 35
901 445 10 15
902 448 11 16
363 373 24 31
995 452 9 14
172 273 26 39
frame - 152
5
360 372 24 31
171 267 24 39
901 446 9 13
981 461 8 13
964 465 8 12
frame - 153
5
962 463 8 13
997 453 10 13
988 459 10 13
901 450 9 14
901 446 9 13
frame - 154
7
997 453 9 14
961 462 8 14
901 450 9 14
987 459 9 13
357 374 22 30
901 447 9 13
879 479 10 14
frame - 155
4
161 256 27 40
999 454 9 14
972 462 8 13
998 458 9 13
frame - 156
4
159 253 28 39
999 454 10 14
899 446 10 14
981 462 8 13
frame - 157
3
1000 455 10 14
899 446 9 14
996 462 9 13
frame - 158
4
898 446 9 14
157 251 26 39
998 459 9 14
1000 456 9 13
frame - 159
3
223 348 17 28
898 446 9 13
1000 456 9 13
frame - 160
3
221 347 18 29
897 446 9 13
897 451 10 13
frame - 161
1
220 347 18 30
frame - 162
4
218 346 19 31
897 446 10 13
897 449 10 13
147 259 23 36
frame - 163
4
144 258 24 37
896 445 10 14
214 347 19 28
1000 455 9 14
frame - 164
3
140 255 26 38
896 446 11 13
1000 454 10 14
frame - 165
5
138 252 25 36
895 446 11 13
999 453 10 14
897 448 11 14
892 450 10 13
frame - 166
8
895 446 11 14
136 250 24 35
897 449 11 14
534 432 13 17
893 450 10 14
998 453 10 14
998 458 10 15
835 433 13 17
frame - 167
6
895 446 11 13
897 448 10 14
998 454 10 14
132 246 21 33
998 463 10 14
893 450 10 14
frame - 168
5
895 445 10 14
125 241 25 37
895 448 11 14
999 465 10 14
894 450 10 14
frame - 169
4
118 237 28 41
895 446 9 13
896 450 10 14
839 434 11 15
frame - 170
4
112 236 27 40
894 445 10 14
895 449 10 15
840 434 11 16
frame - 171
4
108 236 27 39
895 450 10 14
893 446 10 14
194 345 24 39
frame - 172
4
893 450 11 15
194 340 23 39
893 446 10 14
994 459 9 13
frame - 173
4
193 340 20 36
893 450 11 14
893 446 11 14
993 458 9 13
frame - 174
3
893 446 10 14
893 450 11 14
993 456 9 13
frame - 175
4
894 446 9 14
893 449 11 15
77 240 27 40
992 456 9 14
frame - 176
5
893 446 10 13
183 336 19 33
893 450 10 13
794 460 9 13
994 464 8 12
frame - 177
7
175 337 25 38
101 324 29 49
60 243 22 37
893 446 10 13
793 460 10 14
987 466 8 12
894 449 10 14
frame - 178
7
93 325 31 49
46 239 30 41
172 336 24 38
892 446 9 13
794 460 10 15
892 450 10 14
984 467 8 11
frame - 179
5
39 237 29 41
169 338 23 38
891 450 10 14
891 446 10 14
985 467 8 12
frame - 180
4
34 234 30 44
166 339 23 37
987 470 8 12
986 463 8 13
frame - 181
6
29 232 28 43
162 339 23 39
985 472 7 12
890 450 10 14
891 446 10 14
983 462 8 13
frame - 182
6
20 226 31 46
156 341 23 35
985 469 8 12
890 449 11 15
982 463 8 13
890 445 11 15
frame - 183
7
20 225 30 45
153 339 23 37
987 472 8 13
977 463 9 13
1015 473 8 12
990 474 8 12
889 450 11 14
frame - 184
7
14 221 34 48
147 338 24 38
986 470 9 12
890 450 11 14
985 462 8 13
890 445 11 15
854 431 13 18
frame - 185
7
9 220 33 48
985 469 8 12
146 334 22 36
890 446 11 14
985 463 8 12
890 450 11 14
1015 473 8 12
frame - 186
8
5 221 32 44
141 332 23 37
985 466 8 13
279 360 17 34
985 462 8 13
1015 472 8 12
988 473 8 11
888 445 11 15
frame - 187
7
137 329 25 39
4 222 30 43
333 412 9 18
984 466 9 12
985 462 9 13
1015 473 8 12
857 429 13 18
frame - 188
6
138 329 22 37
1 220 27 44
986 465 8 12
1015 473 8 12
986 461 9 13
330 409 12 19
frame - 189
5
1 223 24 46
986 467 8 12
986 461 9 13
1015 473 8 12
331 411 11 19
frame - 190
7
131 327 24 38
985 469 9 13
1 227 20 42
329 415 12 20
328 411 12 20
1013 473 9 12
804 431 13 20
frame - 191
7
131 325 23 34
986 464 8 12
326 416 12 20
2 306 14 35
986 460 8 13
1014 473 8 12
804 432 14 20
frame - 192
3
131 325 21 33
984 462 8 13
984 459 9 14
frame - 193
3
129 326 21 32
983 461 8 13
984 458 9 14
frame - 194
2
122 326 25 38
983 460 9 13
frame - 195
7
105 451 34 53
62 414 30 48
119 327 26 38
982 462 9 13
983 459 9 14
256 362 19 32
854 430 13 18
frame - 196
6
59 412 30 51
983 464 8 13
118 329 23 36
103 453 32 53
983 459 9 15
247 361 15 31
frame - 197
3
118 329 22 36
984 463 8 13
983 459 9 14
frame - 198
4
117 329 22 36
983 466 8 12
982 460 9 14
987 475 7 12
frame - 199
5
112 327 25 39
979 465 9 12
239 350 19 35
982 461 9 13
292 442 17 34
frame - 200
3
111 327 23 38
975 464 9 13
980 461 8 14
frame - 201
4
109 324 23 36
230 346 21 38
979 464 9 13
980 461 9 14
frame - 202
3
227 341 23 36
105 321 24 38
981 460 9 14
frame - 203
5
224 340 22 37
292 370 15 25
103 319 24 36
983 464 8 12
981 460 9 14
frame - 204
4
223 340 21 35
982 464 8 13
101 318 23 34
981 460 8 14
frame - 205
6
218 339 24 36
98 314 24 36
982 463 8 13
83 442 31 50
50 434 32 51
981 459 9 14
frame - 206
4
94 311 25 39
214 339 22 38
983 463 8 12
981 458 9 15
frame - 207
4
88 310 26 39
211 340 21 36
983 464 8 12
981 458 9 14
frame - 208
3
204 342 25 35
86 312 23 37
984 469 8 11
frame - 209
3
80 312 26 38
200 341 24 36
984 467 8 12
frame - 210
5
78 313 24 38
195 342 24 38
984 463 8 13
983 458 9 15
68 450 34 47
frame - 211
5
189 341 25 37
71 314 25 38
984 463 8 13
983 458 8 15
280 366 16 27
frame - 212
6
187 342 22 35
182 342 21 35
66 315 25 37
280 366 16 27
983 459 9 14
984 463 8 13
frame - 213
3
177 339 23 38
62 315 23 37
984 460 8 14
frame - 214
5
55 314 25 36
175 338 24 38
984 465 8 12
984 461 8 13
988 479 7 11
frame - 215
5
50 312 24 36
173 339 22 38
983 465 8 12
983 462 8 12
989 477 7 11
frame - 216
4
167 337 24 40
44 308 27 40
985 465 7 12
983 462 8 13
frame - 217
4
42 307 24 35
166 331 24 36
34 443 36 50
984 466 8 12
frame - 218
4
39 303 26 37
157 328 26 37
30 441 32 44
984 463 8 13
frame - 219
4
28 436 31 44
154 327 24 36
37 302 23 37
983 464 8 13
frame - 220
3
34 299 25 39
149 328 21 36
984 467 8 12
frame - 221
3
146 328 24 37
32 296 26 38
984 468 8 12
frame - 222
2
31 295 25 38
144 328 25 38
frame - 223
3
140 329 25 37
28 295 25 39
984 470 8 13
frame - 224
3
136 328 26 37
25 297 26 38
984 471 9 13
frame - 225
3
134 326 26 38
985 470 9 13
20 299 29 39
frame - 226
4
15 299 31 40
133 323 27 37
804 428 15 21
976 468 9 13
frame - 227
5
13 300 29 40
128 321 29 38
982 462 8 15
237 363 16 22
804 429 15 20
frame - 228
5
14 300 26 39
127 318 27 41
235 360 15 25
235 378 14 24
975 466 9 15
frame - 229
4
125 314 27 47
10 298 26 40
233 379 15 25
234 359 17 25
frame - 230
3
6 295 29 41
121 311 30 43
230 377 16 24
frame - 231
4
6 293 27 41
120 310 29 42
230 376 15 25
231 360 17 25
frame - 232
5
116 309 29 42
3 289 27 43
230 356 17 28
974 473 8 13
982 478 7 13
frame - 233
5
113 310 27 41
228 355 17 29
1 286 26 39
976 472 7 13
981 477 8 13
frame - 234
4
108 309 31 43
1 283 23 40
977 469 7 13
223 353 19 31
frame - 235
5
108 309 27 42
0 282 19 40
223 356 18 28
976 471 7 13
980 475 7 12
frame - 236
6
104 310 27 42
215 375 16 27
0 281 15 40
975 471 8 13
220 358 17 27
980 475 8 12
frame - 237
5
97 310 28 41
975 472 8 13
216 368 16 27
219 360 16 26
980 479 8 12
frame - 238
5
95 311 28 40
219 360 16 25
217 364 14 22
981 479 8 12
974 473 7 12
frame - 239
4
91 311 25 39
216 357 17 29
974 471 8 13
979 479 8 12
frame - 240
6
88 310 24 39
218 359 15 27
217 370 13 24
14 350 19 28
974 472 7 13
978 478 8 13
