frame - 0
2
1205 540 16 18
1217 513 15 17
frame - 1
3
1203 538 17 19
1048 446 26 37
1223 512 15 17
frame - 2
2
1045 446 29 38
1204 537 17 19
frame - 3
2
1045 447 29 37
1222 513 14 15
frame - 4
2
1226 512 16 17
1045 448 28 31
frame - 5
3
1207 539 17 19
1048 447 28 37
1218 514 14 16
frame - 6
2
1208 539 18 20
1216 513 16 17
frame - 7
3
1211 539 17 20
1049 447 28 39
1226 512 15 17
frame - 8
3
1212 539 16 19
1049 445 29 41
1228 514 12 15
frame - 9
3
1211 538 17 20
1050 447 26 38
1216 536 17 20
frame - 10
0
frame - 11
0
frame - 12
1
1215 540 16 20
frame - 13
2
1216 540 16 20
1132 435 28 41
frame - 14
1
1216 541 16 19
frame - 15
1
1220 542 16 18
frame - 16
1
1222 541 15 19
frame - 17
1
1224 540 16 20
frame - 18
1
1227 542 16 18
frame - 19
1
1227 542 16 18
frame - 20
1
1221 543 16 19
frame - 21
1
1222 542 17 19
frame - 22
1
1226 543 16 18
frame - 23
0
frame - 24
1
1068 449 24 36
frame - 25
1
1069 450 23 34
frame - 26
0
frame - 27
1
1068 453 25 37
frame - 28
1
1069 452 24 38
frame - 29
1
1069 453 25 37
frame - 30
0
frame - 31
1
1069 453 24 37
frame - 32
1
1071 454 23 37
frame - 33
2
1069 453 25 37
1065 456 23 31
frame - 34
2
1071 453 24 37
551 447 13 21
frame - 35
0
frame - 36
0
frame - 37
2
1074 452 23 40
550 446 14 21
frame - 38
1
1074 452 23 40
frame - 39
1
1073 452 25 41
frame - 40
1
1072 452 26 41
frame - 41
1
1074 452 25 40
frame - 42
0
frame - 43
0
frame - 44
0
frame - 45
1
1084 449 23 36
frame - 46
1
1084 449 24 35
frame - 47
1
1088 449 21 35
frame - 48
1
1088 447 22 37
frame - 49
1
1090 449 20 35
frame - 50
1
1089 447 21 37
frame - 51
0
frame - 52
0
frame - 53
0
frame - 54
1
1085 446 26 37
frame - 55
1
1084 445 27 40
frame - 56
1
1085 448 26 37
frame - 57
1
1086 449 27 37
frame - 58
1
1087 449 26 36
frame - 59
1
1087 449 26 37
frame - 60
1
1085 450 29 43
frame - 61
2
1098 452 24 41
1090 448 24 39
frame - 62
2
1096 451 25 42
1091 447 25 41
frame - 63
1
1098 451 24 42
frame - 64
1
1098 451 24 42
frame - 65
1
1097 450 24 41
frame - 66
2
1098 447 25 40
952 332 15 18
frame - 67
2
1097 447 26 40
953 332 16 17
frame - 68
3
1098 447 26 40
953 332 16 17
1262 523 17 25
frame - 69
1
953 332 16 17
frame - 70
1
954 332 15 17
frame - 71
1
954 332 15 18
frame - 72
2
955 332 15 18
1098 447 26 38
frame - 73
2
955 332 15 18
420 422 22 28
frame - 74
2
955 333 16 17
1097 449 26 35
frame - 75
2
955 332 16 17
1099 449 23 29
frame - 76
2
1096 449 27 36
955 332 15 17
frame - 77
2
956 331 16 17
1096 454 26 38
frame - 78
2
957 331 16 18
1101 449 23 35
frame - 79
1
1099 449 21 28
frame - 80
1
956 331 15 17
frame - 81
0
frame - 82
1
959 331 16 18
frame - 83
0
frame - 84
1
961 331 15 18
frame - 85
0
frame - 86
0
frame - 87
1
962 332 15 17
frame - 88
1
964 332 15 17
frame - 89
1
967 332 14 17
frame - 90
2
967 332 15 18
1106 448 22 36
frame - 91
1
1105 447 24 36
frame - 92
1
1110 445 25 39
frame - 93
2
1180 457 23 36
1112 445 24 39
frame - 94
1
1110 446 27 38
frame - 95
1
1111 447 27 37
frame - 96
2
1112 447 26 38
1183 459 23 35
frame - 97
1
1113 447 26 39
frame - 98
0
frame - 99
0
frame - 100
1
1121 449 21 30
frame - 101
1
1121 449 20 29
frame - 102
1
1120 449 22 30
frame - 103
1
1121 449 20 29
frame - 104
1
1121 449 21 30
frame - 105
2
1128 448 24 37
1194 458 24 38
frame - 106
2
1123 449 24 31
1127 449 26 36
frame - 107
1
1129 449 26 37
frame - 108
2
1127 449 26 37
909 438 13 17
frame - 109
1
1128 449 24 36
frame - 110
1
1128 456 23 30
frame - 111
2
1131 457 21 29
910 434 10 14
frame - 112
1
1130 457 21 29
frame - 113
3
910 434 12 15
1198 461 29 41
910 438 12 15
frame - 114
1
1125 457 20 29
frame - 115
2
1127 458 20 28
910 433 12 15
frame - 116
4
1229 446 25 38
1128 457 19 28
1204 461 27 39
910 433 12 16
frame - 117
2
1133 457 19 28
1136 450 22 34
frame - 118
2
1205 461 27 39
1137 450 22 34
frame - 119
2
1210 461 24 35
1137 450 21 34
frame - 120
2
881 447 12 16
908 439 13 17
frame - 121
0
frame - 122
0
frame - 123
0
frame - 124
0
frame - 125
0
frame - 126
1
884 434 10 14
frame - 127
2
883 432 12 17
892 440 11 15
frame - 128
2
882 432 12 16
896 442 10 14
frame - 129
3
876 428 14 17
877 424 15 18
1168 447 22 37
frame - 130
4
882 431 12 16
878 424 13 17
1169 447 21 37
898 440 11 15
frame - 131
3
885 433 12 16
1169 447 21 37
896 440 11 15
frame - 132
5
1227 456 26 39
887 433 11 16
1170 448 20 36
900 440 11 15
877 424 13 17
frame - 133
4
893 434 12 16
1227 457 26 38
900 438 11 17
899 442 11 15
frame - 134
4
899 437 12 19
1228 456 25 39
887 433 12 18
927 435 14 21
frame - 135
5
1228 455 27 41
901 436 13 19
894 434 13 17
925 434 16 21
878 423 13 17
frame - 136
4
902 436 14 20
896 434 12 17
926 435 16 21
1169 448 21 35
frame - 137
4
902 435 14 20
1229 457 27 38
926 433 17 23
897 434 14 18
frame - 138
5
902 436 14 20
927 434 17 22
1169 448 21 35
898 434 13 18
1231 456 24 38
frame - 139
5
1170 448 20 35
902 436 14 19
928 435 16 21
900 434 13 17
1230 455 28 40
frame - 140
3
1170 449 21 34
902 437 13 18
900 434 12 17
frame - 141
3
905 437 12 18
900 434 12 17
776 437 9 12
frame - 142
2
903 437 12 17
901 434 11 16
frame - 143
2
906 438 12 16
901 434 11 16
frame - 144
2
910 439 11 16
902 434 11 15
frame - 145
1
909 438 12 17
frame - 146
3
1244 456 27 37
909 438 12 18
1179 448 23 35
frame - 147
4
1181 447 23 37
1246 455 26 39
909 438 12 17
908 434 12 15
frame - 148
1
1181 447 24 36
frame - 149
1
1182 448 24 35
frame - 150
3
1184 448 23 35
906 433 12 16
1247 454 27 39
frame - 151
3
1184 448 23 35
909 438 11 16
907 434 11 16
frame - 152
3
1182 448 24 35
909 438 12 16
908 434 12 16
frame - 153
4
909 435 12 15
910 438 11 16
1185 448 22 35
957 471 10 15
frame - 154
5
908 434 12 16
1247 455 28 40
909 438 12 16
959 470 11 16
1185 450 23 33
frame - 155
5
910 435 12 15
1248 455 27 40
1194 448 25 36
960 471 10 14
1183 450 25 33
frame - 156
4
911 438 12 17
910 435 12 15
285 422 21 35
96 390 8 10
frame - 157
2
911 436 11 14
911 444 10 14
frame - 158
5
911 435 11 15
1194 449 25 35
283 421 22 37
912 439 10 15
1006 323 16 17
frame - 159
2
281 420 23 38
911 439 11 16
frame - 160
6
282 422 22 36
913 439 11 16
911 442 11 15
1201 457 20 26
1008 324 15 16
912 436 11 15
frame - 161
3
913 440 12 16
1197 449 27 35
911 442 11 15
frame - 162
2
913 439 12 17
1198 449 26 35
frame - 163
1
915 440 11 16
frame - 164
1
915 441 11 15
frame - 165
1
914 440 12 16
frame - 166
2
916 440 11 15
915 436 11 14
frame - 167
1
916 440 11 15
frame - 168
3
1223 542 13 22
916 440 11 16
1204 457 20 29
frame - 169
1
917 440 11 16
frame - 170
1
918 441 11 15
frame - 171
2
918 441 11 15
1206 452 23 34
frame - 172
1
920 441 10 15
frame - 173
2
919 440 12 16
1202 456 26 32
frame - 174
2
920 441 11 16
606 442 18 23
frame - 175
3
1208 457 23 31
920 441 11 15
606 441 18 24
frame - 176
3
920 439 12 17
1211 454 23 37
607 443 18 23
frame - 177
3
1210 453 25 38
921 439 11 17
474 432 20 26
frame - 178
3
1213 455 24 37
920 441 12 16
892 425 12 16
frame - 179
3
1215 455 24 37
474 431 23 28
921 440 11 17
frame - 180
4
894 427 12 16
920 441 12 16
1219 458 23 30
612 445 15 23
frame - 181
4
1220 458 23 30
893 427 12 16
920 441 12 16
473 431 21 28
frame - 182
3
1219 457 25 31
611 445 17 23
918 441 13 16
frame - 183
5
1216 457 25 35
918 441 13 16
611 445 17 24
96 391 10 13
473 432 20 26
frame - 184
5
1217 457 25 35
611 445 17 24
95 391 9 12
473 432 21 26
887 428 11 15
frame - 185
4
1218 458 25 34
920 441 12 16
612 445 17 24
925 441 13 18
frame - 186
6
1221 455 28 37
475 433 18 26
611 445 17 24
925 440 13 18
920 440 12 17
894 427 11 16
frame - 187
5
475 433 19 26
1222 455 27 37
1217 456 25 36
925 440 14 18
612 445 16 24
frame - 188
4
474 432 20 28
1218 457 24 36
1224 455 25 37
925 440 13 19
frame - 189
1
475 432 19 27
frame - 190
3
1227 456 25 37
1247 589 15 21
474 432 19 26
frame - 191
3
1247 589 15 21
1227 456 25 37
474 433 20 26
frame - 192
3
1228 456 25 37
1247 589 15 21
473 431 22 27
frame - 193
2
1229 457 25 36
473 432 21 27
frame - 194
2
1228 457 26 36
474 432 20 27
frame - 195
3
1229 458 25 36
473 432 21 27
894 424 13 18
frame - 196
4
474 432 20 27
1213 464 24 39
1229 458 26 36
895 425 13 17
frame - 197
3
474 432 20 27
1230 457 25 37
1214 464 23 39
frame - 198
3
473 432 21 27
1231 457 25 37
62 385 8 11
frame - 199
3
473 433 21 27
1209 463 23 40
1232 457 24 37
frame - 200
2
474 434 20 25
1211 463 23 40
frame - 201
3
474 434 20 26
1232 459 23 36
1214 463 22 39
frame - 202
3
1210 463 22 40
474 432 20 27
931 442 13 18
frame - 203
2
1209 463 22 40
472 431 22 28
frame - 204
2
1206 462 22 42
474 433 19 26
frame - 205
2
473 433 20 26
1205 460 22 44
frame - 206
2
1205 459 24 46
473 433 19 26
frame - 207
3
473 432 21 27
1208 460 22 44
936 443 12 16
frame - 208
2
1208 461 22 43
935 443 12 17
frame - 209
3
1211 462 22 42
938 442 11 17
899 425 11 16
frame - 210
2
1211 463 23 41
938 443 12 16
frame - 211
3
1212 463 22 40
623 447 19 26
938 443 11 16
frame - 212
2
1211 462 23 42
623 447 19 26
frame - 213
5
1211 461 23 43
624 447 18 26
954 435 11 15
899 424 12 17
474 432 21 26
frame - 214
3
624 448 19 26
1213 462 22 42
898 424 12 17
frame - 215
3
898 424 13 17
626 449 18 25
1213 461 22 43
frame - 216
4
627 449 18 25
898 424 11 17
475 430 20 27
1216 462 21 42
frame - 217
3
627 449 18 25
897 425 12 16
955 439 12 17
frame - 218
4
896 423 13 18
627 449 19 26
1216 462 21 43
954 439 12 17
frame - 219
6
1215 463 21 41
897 424 12 17
628 449 18 25
955 439 12 17
957 435 12 15
945 439 13 19
frame - 220
4
1214 463 22 42
897 424 12 17
628 449 18 25
954 438 13 18
frame - 221
4
1214 464 23 41
954 438 14 19
895 424 12 16
629 449 18 25
frame - 222
5
897 424 12 16
957 434 11 16
954 439 12 18
629 449 18 25
1033 323 14 17
frame - 223
5
958 434 12 16
897 424 12 17
896 427 12 16
1033 323 15 17
956 437 12 17
frame - 224
6
956 439 13 17
959 435 12 15
897 425 12 15
947 440 12 18
1033 323 16 18
629 449 19 25
frame - 225
4
958 440 13 17
1035 323 15 18
959 436 11 14
897 425 11 15
frame - 226
5
958 440 13 17
1035 323 16 18
1232 463 24 42
946 440 13 18
897 425 11 15
frame - 227
3
959 440 12 17
1035 323 17 18
897 425 12 16
frame - 228
6
961 440 13 19
1037 323 16 18
963 442 13 19
898 423 12 17
474 427 23 30
1235 463 22 41
frame - 229
3
1037 323 16 18
897 423 13 17
959 440 12 17
frame - 230
3
1037 323 17 18
959 441 12 16
898 423 13 18
frame - 231
4
957 442 12 16
897 424 13 17
636 447 19 26
1036 323 17 19
frame - 232
4
897 423 13 17
1038 323 17 18
959 441 11 16
1233 463 24 41
frame - 233
6
638 448 18 25
1039 322 16 18
1228 464 26 41
900 422 12 18
958 441 11 15
898 425 12 16
frame - 234
4
638 447 20 26
1042 322 16 19
901 424 12 17
898 427 12 16
frame - 235
5
639 447 20 27
901 424 12 16
1042 322 16 17
955 441 11 15
476 426 24 31
frame - 236
5
640 448 19 26
1042 322 16 19
899 422 13 18
956 437 10 13
897 426 12 16
frame - 237
6
641 448 19 26
1042 322 16 18
900 424 12 17
956 437 10 12
477 427 23 30
898 427 11 16
frame - 238
4
641 448 19 26
901 425 12 16
899 427 11 16
1043 323 17 18
frame - 239
4
643 448 19 27
1045 323 16 18
901 424 13 18
960 441 11 16
frame - 240
3
643 449 19 25
1045 323 15 17
900 425 13 17
frame - 241
4
644 449 18 25
1046 323 15 18
901 425 12 16
963 442 11 15
frame - 242
3
1047 322 16 19
644 449 19 25
902 425 12 17
frame - 243
4
645 449 18 26
902 426 12 16
962 436 10 13
1048 322 15 19
frame - 244
4
964 436 10 13
902 425 12 17
644 449 19 26
1048 323 16 18
frame - 245
3
902 425 13 17
1048 323 16 19
645 449 19 25
frame - 246
2
904 426 11 15
902 428 11 15
frame - 247
2
904 426 12 15
646 448 21 26
frame - 248
1
903 425 12 16
frame - 249
2
903 425 13 17
1049 322 18 20
frame - 250
3
905 425 13 17
1050 322 17 20
647 449 20 25
frame - 251
3
905 426 11 16
1050 323 17 19
649 449 19 25
frame - 252
2
905 429 12 16
1050 326 16 20
frame - 253
3
904 428 12 17
1051 323 16 19
649 451 19 24
frame - 254
3
906 429 11 16
650 450 19 24
1052 324 16 18
frame - 255
2
906 428 11 17
651 450 19 25
frame - 256
4
905 428 12 17
485 433 23 26
651 451 20 24
1053 326 16 20
frame - 257
3
1053 326 16 20
909 426 11 16
485 433 23 27
frame - 258
6
1054 326 16 19
962 477 9 17
652 451 20 24
907 430 11 14
910 428 10 14
486 433 23 26
frame - 259
4
910 426 11 16
1054 326 16 19
488 434 23 25
653 451 19 24
frame - 260
5
653 450 20 24
1055 324 16 18
910 426 11 16
906 428 12 16
488 435 22 25
frame - 261
4
1055 324 17 19
910 425 11 15
654 449 19 25
908 426 11 16
frame - 262
4
1056 324 16 19
911 425 12 15
655 450 19 25
965 443 10 15
frame - 263
3
1056 324 17 19
655 450 19 25
912 426 11 15
frame - 264
4
1057 325 17 20
655 450 19 25
911 425 11 16
492 434 21 26
frame - 265
3
1058 326 16 20
655 451 20 25
911 425 11 16
frame - 266
4
1058 326 16 19
657 452 19 24
911 425 11 16
962 443 9 16
frame - 267
3
1059 326 16 19
656 452 20 25
911 426 12 15
frame - 268
3
1059 325 16 20
658 453 19 24
914 426 12 16
frame - 269
3
1060 324 16 20
659 453 19 24
913 425 12 16
frame - 270
3
1059 324 18 19
659 452 18 24
912 428 11 16
frame - 271
1
911 425 12 16
frame - 272
1
912 425 12 16
frame - 273
2
912 426 12 15
661 451 18 25
frame - 274
2
662 451 17 25
914 429 11 15
frame - 275
1
661 451 18 25
frame - 276
2
1207 548 25 29
662 451 18 25
frame - 277
2
1211 548 24 28
1064 322 16 18
frame - 278
4
1063 322 18 19
914 430 11 15
661 452 19 26
1208 550 21 26
frame - 279
4
1064 321 18 19
914 430 11 15
662 453 19 25
916 428 10 14
frame - 280
4
1064 322 18 19
662 452 19 26
914 430 11 15
916 428 11 14
frame - 281
3
1065 322 17 18
663 453 19 25
913 430 11 15
frame - 282
4
915 428 12 18
1065 322 17 19
664 453 19 25
916 426 13 16
frame - 283
3
916 428 12 17
663 453 19 25
917 425 12 17
frame - 284
4
917 424 12 18
664 452 19 26
1067 323 17 18
0 416 19 43
frame - 285
3
917 424 13 18
664 454 20 24
0 418 19 41
frame - 286
3
667 454 19 24
917 423 14 18
916 426 13 18
frame - 287
3
667 454 19 25
0 413 18 46
918 424 13 17
frame - 288
4
666 454 19 24
919 423 12 18
507 436 24 31
0 414 17 45
frame - 289
2
919 423 12 18
666 453 20 25
frame - 290
2
919 424 13 17
668 454 19 24
frame - 291
2
919 422 13 19
668 453 20 25
frame - 292
2
918 422 14 19
669 453 19 25
frame - 293
2
918 425 13 20
670 454 19 24
frame - 294
2
670 453 20 26
920 424 12 16
frame - 295
1
669 453 21 25
frame - 296
5
89 408 27 43
670 453 21 26
76 406 26 44
47 381 23 42
919 429 11 16
frame - 297
2
671 453 20 26
45 380 24 43
frame - 298
2
43 381 24 44
671 454 20 25
frame - 299
2
42 379 24 44
671 454 20 28
frame - 300
3
671 455 20 27
43 378 25 46
521 433 24 32
frame - 301
1
672 455 20 27
frame - 302
1
671 455 20 27
frame - 303
2
673 456 19 26
522 432 25 33
frame - 304
2
524 432 24 33
672 455 20 27
frame - 305
4
524 431 24 33
673 455 20 27
987 433 11 16
27 390 29 51
frame - 306
2
673 455 20 27
525 432 24 32
frame - 307
2
674 456 20 27
526 432 25 32
frame - 308
2
674 456 20 27
527 432 25 32
frame - 309
2
674 456 21 27
529 432 23 32
frame - 310
1
675 457 20 27
frame - 311
1
676 457 20 27
frame - 312
1
675 457 20 27
frame - 313
1
675 457 20 27
frame - 314
1
675 457 20 27
frame - 315
1
676 457 20 27
frame - 316
1
677 459 21 25
frame - 317
1
677 458 21 26
frame - 318
1
678 458 20 26
frame - 319
1
677 458 21 25
frame - 320
1
677 457 20 27
frame - 321
1
676 458 22 27
frame - 322
1
678 460 21 25
frame - 323
1
677 459 21 26
frame - 324
1
677 459 21 26
frame - 325
1
677 459 22 26
frame - 326
1
677 459 22 26
frame - 327
1
677 459 22 26
frame - 328
1
678 459 21 26
frame - 329
1
677 458 22 27
frame - 330
2
677 460 22 26
542 435 22 31
frame - 331
2
677 460 22 26
543 435 23 31
frame - 332
3
678 460 22 26
542 435 23 31
1088 320 17 21
frame - 333
2
678 460 22 26
544 435 22 31
frame - 334
2
679 460 21 26
545 435 24 31
frame - 335
2
679 460 22 26
1215 417 19 21
frame - 336
3
680 460 21 25
1089 321 17 19
544 437 24 33
frame - 337
1
681 460 20 25
frame - 338
1
682 461 20 25
frame - 339
1
682 461 20 25
frame - 340
2
683 461 20 25
545 437 24 33
frame - 341
1
685 461 19 25
frame - 342
1
686 461 19 25
frame - 343
1
685 461 21 25
frame - 344
1
685 461 22 26
frame - 345
1
685 461 22 26
frame - 346
2
685 460 22 26
1096 320 20 21
frame - 347
2
685 460 22 26
1098 320 19 20
frame - 348
3
685 460 21 26
1098 320 19 21
1255 545 12 16
frame - 349
1
685 460 22 26
frame - 350
1
686 461 22 27
frame - 351
1
685 462 22 26
frame - 352
1
687 462 21 25
frame - 353
1
687 462 21 25
frame - 354
1
689 463 20 24
frame - 355
1
691 462 21 25
frame - 356
1
690 462 22 25
frame - 357
1
691 462 22 25
frame - 358
0
frame - 359
1
550 436 25 35
frame - 360
0
frame - 361
0
frame - 362
0
frame - 363
1
554 440 23 33
frame - 364
1
553 439 24 35
frame - 365
1
554 440 24 34
frame - 366
1
554 440 23 34
frame - 367
1
555 441 22 34
frame - 368
1
555 441 24 33
frame - 369
1
555 441 23 33
frame - 370
1
555 442 24 33
frame - 371
1
557 443 23 32
frame - 372
1
557 441 23 34
frame - 373
1
556 441 24 34
frame - 374
1
557 441 24 34
frame - 375
4
557 442 24 33
699 463 22 30
954 429 9 13
953 432 10 14
frame - 376
2
699 463 23 30
557 443 24 32
frame - 377
2
557 442 24 33
702 463 21 29
frame - 378
2
558 442 23 34
701 463 21 29
frame - 379
2
558 442 24 34
702 464 21 28
frame - 380
2
559 439 23 37
703 463 22 30
frame - 381
3
558 439 26 37
705 464 21 29
952 432 11 16
frame - 382
3
557 442 25 35
705 464 21 30
953 433 11 15
frame - 383
2
705 465 21 29
952 433 11 16
frame - 384
3
956 433 10 15
558 443 24 33
706 465 22 30
frame - 385
1
956 433 10 15
frame - 386
2
707 465 21 30
559 443 25 33
frame - 387
1
559 443 24 33
frame - 388
2
956 432 11 16
709 465 23 30
frame - 389
3
710 466 24 29
956 432 11 16
559 448 26 34
frame - 390
2
559 441 25 36
712 466 23 30
frame - 391
2
713 467 23 29
559 449 28 34
frame - 392
2
712 467 25 30
559 448 28 35
frame - 393
3
714 467 24 30
961 432 10 16
560 449 27 34
frame - 394
2
713 467 24 33
559 448 28 34
frame - 395
3
713 468 25 32
560 448 27 35
961 431 11 17
frame - 396
2
715 469 24 32
560 448 26 34
frame - 397
2
716 469 24 32
961 433 10 15
frame - 398
1
717 470 24 31
frame - 399
2
718 470 24 32
964 432 11 15
frame - 400
1
719 470 25 32
frame - 401
1
719 470 25 33
frame - 402
1
721 471 24 31
frame - 403
1
721 471 24 31
frame - 404
2
723 471 23 31
963 427 11 14
frame - 405
1
724 471 23 31
frame - 406
1
725 471 26 32
frame - 407
2
728 471 25 32
566 442 27 34
frame - 408
3
567 441 26 34
731 471 24 33
1051 442 10 15
frame - 409
2
567 441 27 35
732 471 24 33
frame - 410
3
566 440 27 36
732 470 24 35
965 431 11 17
frame - 411
3
565 440 29 37
731 471 27 37
966 432 10 16
frame - 412
3
566 440 29 37
734 471 24 33
967 432 10 16
frame - 413
4
565 440 29 38
733 472 27 36
965 432 11 16
1044 442 10 15
frame - 414
4
566 443 29 39
735 472 26 33
1042 443 10 14
968 431 10 17
frame - 415
4
567 444 29 38
736 471 25 33
1040 442 10 15
967 433 11 16
frame - 416
4
567 443 31 40
737 471 25 33
1041 442 10 15
967 434 10 15
frame - 417
4
567 441 31 41
739 472 23 31
1047 442 10 14
967 434 11 15
frame - 418
6
568 441 30 41
1041 442 10 15
969 433 11 15
741 471 25 31
1078 492 11 17
605 451 22 32
frame - 419
4
570 440 29 38
1045 441 11 16
970 431 12 16
742 470 25 33
frame - 420
5
570 441 29 36
1039 442 10 16
743 471 26 33
974 434 10 14
1040 444 11 18
frame - 421
4
573 443 27 39
745 470 25 33
1038 442 11 17
976 431 12 17
frame - 422
4
747 470 24 33
573 445 28 37
1048 442 11 17
977 432 11 16
frame - 423
3
749 471 23 32
1051 442 11 17
976 432 11 16
frame - 424
2
749 470 24 34
976 431 12 17
frame - 425
3
750 470 25 34
976 430 13 17
1043 445 12 19
frame - 426
2
750 470 26 37
976 432 12 16
frame - 427
2
751 469 25 35
977 432 13 16
frame - 428
4
752 469 25 35
979 430 13 18
311 415 10 13
1040 442 11 16
frame - 429
4
753 468 24 36
979 428 15 20
576 441 28 36
1041 441 11 17
frame - 430
4
754 469 24 34
980 427 15 21
576 441 28 36
312 415 10 13
frame - 431
2
980 427 16 21
755 468 23 34
frame - 432
5
979 427 15 21
755 468 24 34
1069 441 12 17
312 415 10 13
1053 445 12 18
frame - 433
4
756 468 27 34
979 429 13 18
1060 441 12 17
581 449 28 34
frame - 434
4
757 467 27 35
1055 440 11 17
1042 436 11 15
981 430 12 17
frame - 435
5
758 467 27 35
983 429 13 19
583 447 29 36
1043 437 11 14
1047 440 11 16
frame - 436
4
759 467 26 35
584 446 28 37
981 429 13 18
1043 437 11 15
frame - 437
2
760 467 26 34
982 428 12 19
frame - 438
4
761 467 26 34
585 442 28 35
981 432 10 16
1042 441 11 16
frame - 439
5
763 466 25 35
987 429 13 18
587 443 27 34
1041 441 12 17
1041 447 12 17
frame - 440
5
763 465 25 36
587 442 29 37
988 428 14 19
1042 446 12 18
1042 442 12 17
frame - 441
5
765 465 25 36
987 429 13 19
1043 446 13 18
589 442 27 35
1042 443 12 16
frame - 442
5
766 465 25 36
590 444 30 39
1045 446 12 19
988 428 13 19
1044 441 12 18
frame - 443
4
766 465 26 37
591 443 30 41
1045 447 12 18
1045 442 12 17
frame - 444
4
767 466 26 36
591 443 30 40
1044 447 13 18
991 433 11 15
frame - 445
3
766 466 28 36
1043 441 12 18
1044 447 12 18
frame - 446
5
767 466 27 36
595 439 30 40
1044 447 12 18
1044 441 12 17
992 431 12 16
frame - 447
4
595 441 31 42
768 466 26 36
1043 446 12 18
1045 441 12 17
frame - 448
4
596 441 30 41
769 466 25 35
1045 446 12 18
1045 441 12 17
frame - 449
5
597 442 30 42
769 466 26 35
992 430 11 17
1049 448 11 17
1050 441 11 16
frame - 450
4
598 440 31 43
770 466 26 36
1048 449 10 16
1057 443 10 15
frame - 451
5
598 440 32 43
772 465 27 37
1045 448 11 16
1054 442 11 16
991 429 12 17
frame - 452
3
599 440 31 43
772 465 28 37
1046 448 10 17
frame - 453
2
601 440 31 42
773 466 28 36
frame - 454
3
602 442 32 40
774 466 27 36
1049 442 11 16
frame - 455
4
775 466 27 35
606 441 28 36
1050 442 11 17
1048 444 11 18
frame - 456
4
777 467 26 34
606 443 30 40
1052 446 12 19
1051 443 11 17
frame - 457
5
779 466 25 35
609 445 28 39
1055 446 12 19
997 429 13 18
1053 443 11 17
frame - 458
5
779 467 26 34
608 444 30 40
1054 447 11 18
252 415 13 15
997 429 12 18
frame - 459
3
781 467 26 35
1052 448 10 18
609 446 29 38
frame - 460
3
782 467 25 35
611 445 30 39
1053 449 11 17
frame - 461
4
613 446 29 38
783 467 25 35
1058 449 10 17
253 416 11 14
frame - 462
4
614 446 30 39
782 467 26 36
1058 449 10 17
253 416 12 14
frame - 463
4
614 446 31 41
783 469 26 34
1057 449 11 17
281 425 12 16
frame - 464
4
616 446 31 42
784 468 26 36
1050 530 12 17
1057 449 11 17
frame - 465
4
785 470 25 34
1058 449 11 17
1106 445 10 14
282 425 12 15
frame - 466
3
1057 450 10 17
785 471 25 33
282 425 12 16
frame - 467
3
1058 449 11 17
786 472 24 31
282 425 12 16
frame - 468
4
1058 450 10 16
281 425 12 16
787 471 30 36
1106 443 10 16
frame - 469
3
788 471 29 37
1057 452 10 15
281 426 12 16
frame - 470
2
788 472 29 36
1057 450 11 16
frame - 471
2
788 472 29 36
1057 450 11 16
frame - 472
2
790 473 28 35
1057 450 11 16
frame - 473
3
789 473 28 36
1057 450 12 17
628 466 28 34
frame - 474
3
789 474 29 36
1057 451 11 17
628 466 30 35
frame - 475
2
791 475 28 36
1058 451 10 16
frame - 476
2
792 476 27 35
1060 452 10 15
frame - 477
2
792 476 28 36
1060 455 10 15
frame - 478
1
792 477 28 35
frame - 479
1
794 477 28 36
frame - 480
1
794 478 28 37
frame - 481
3
794 479 29 36
638 466 29 35
1069 455 13 18
frame - 482
1
796 480 28 37
frame - 483
2
644 456 30 39
797 481 27 36
frame - 484
2
643 455 32 42
797 481 27 37
frame - 485
2
643 459 32 40
797 481 28 37
frame - 486
2
644 457 32 42
798 483 27 36
frame - 487
2
646 457 32 43
798 483 27 36
frame - 488
3
798 484 28 36
646 459 32 42
1071 454 12 18
frame - 489
2
798 483 27 37
646 458 34 44
frame - 490
2
799 483 27 38
649 464 31 39
frame - 491
3
798 483 29 40
651 460 32 42
1073 454 13 20
frame - 492
3
649 457 35 45
800 483 28 39
1072 454 12 19
frame - 493
3
651 459 33 44
800 484 28 37
1072 455 11 18
frame - 494
3
652 457 34 45
802 486 25 36
1072 452 12 20
frame - 495
2
653 453 35 46
804 485 27 38
frame - 496
2
653 455 35 46
805 485 27 38
frame - 497
2
656 455 35 46
804 485 28 38
frame - 498
2
657 455 35 46
806 486 26 37
frame - 499
3
657 455 35 46
805 485 27 39
1074 455 12 20
frame - 500
2
658 456 35 46
805 487 28 40
frame - 501
3
660 456 34 45
806 486 28 41
1012 435 14 20
frame - 502
2
661 456 34 46
806 487 29 41
frame - 503
2
661 455 34 48
808 485 27 38
frame - 504
2
663 459 33 43
808 486 28 37
frame - 505
3
665 460 32 42
809 486 27 38
1013 437 12 19
frame - 506
2
666 459 33 43
810 487 28 41
frame - 507
2
666 459 33 43
811 486 29 41
frame - 508
4
666 458 33 42
811 487 30 40
1118 454 16 21
1075 445 13 20
frame - 509
4
667 458 33 42
811 485 30 39
1120 455 14 20
879 434 9 13
frame - 510
2
812 485 29 40
668 460 32 41
frame - 511
4
813 485 29 39
669 461 32 41
876 435 8 12
1023 437 14 20
frame - 512
3
669 458 34 43
814 484 30 40
1078 440 10 15
frame - 513
3
814 484 30 40
669 458 34 43
1079 440 11 15
frame - 514
2
672 456 34 45
816 483 29 41
frame - 515
3
673 458 33 44
816 484 29 39
1081 441 10 15
frame - 516
3
675 457 33 44
818 483 29 41
1081 441 10 15
frame - 517
3
676 458 32 44
819 483 29 41
1074 441 10 15
frame - 518
3
679 461 30 43
819 484 29 40
1068 441 10 14
frame - 519
3
678 462 31 44
821 484 28 39
1060 441 10 15
frame - 520
3
679 459 32 43
821 484 29 39
1062 441 10 15
frame - 521
3
681 462 31 43
822 483 28 40
1040 441 11 15
frame - 522
2
823 483 29 40
682 462 30 43
frame - 523
3
826 483 28 41
683 462 30 43
1035 439 11 17
frame - 524
1
827 484 28 39
frame - 525
2
681 460 34 43
829 484 28 40
frame - 526
2
830 484 28 40
682 463 31 42
frame - 527
2
830 484 28 40
1039 440 10 16
frame - 528
3
829 487 32 39
686 461 31 43
1036 440 11 17
frame - 529
3
830 486 32 40
690 461 30 42
1037 442 11 16
frame - 530
3
832 485 33 42
686 461 31 43
1040 441 11 17
frame - 531
3
686 460 33 45
834 487 31 40
1034 440 12 17
frame - 532
3
836 487 30 37
689 461 32 45
1034 439 12 17
frame - 533
4
837 487 29 36
693 462 30 44
1034 440 11 16
1039 435 11 15
frame - 534
3
838 487 29 35
1037 439 11 17
1040 433 12 17
frame - 535
2
838 488 31 35
1034 438 13 19
frame - 536
2
840 487 30 36
1037 437 14 20
frame - 537
1
842 489 30 37
frame - 538
2
843 488 30 35
697 470 32 41
frame - 539
3
845 489 29 37
1103 456 13 20
1036 439 13 18
frame - 540
4
847 491 29 37
700 469 32 41
1040 440 14 17
1106 458 12 17
frame - 541
3
846 492 31 37
1040 439 14 18
700 469 32 40
frame - 542
3
846 491 31 38
1039 439 14 19
1105 457 15 20
frame - 543
2
850 491 29 38
1040 439 15 20
frame - 544
3
850 491 31 40
1041 440 15 19
1105 457 14 19
frame - 545
5
852 491 31 39
1043 439 15 20
1107 457 13 20
1044 444 16 20
1127 456 14 20
frame - 546
4
854 491 29 39
1043 439 17 20
1142 455 14 21
1106 457 14 20
frame - 547
2
854 492 30 38
1044 439 15 20
frame - 548
3
856 493 30 39
708 482 29 38
1046 440 15 19
frame - 549
3
857 494 31 38
708 484 30 36
1048 440 14 19
frame - 550
3
860 495 29 37
1048 443 16 21
177 418 8 10
frame - 551
3
861 496 30 36
777 510 26 35
1050 444 15 20
frame - 552
5
862 498 29 33
778 512 25 33
1126 462 11 16
1050 446 14 18
1150 459 11 17
frame - 553
5
863 499 29 37
779 512 25 33
1118 463 12 18
1124 460 11 17
712 480 30 39
frame - 554
3
711 480 34 42
863 499 30 38
1055 447 13 18
frame - 555
3
866 499 30 39
714 482 31 42
1051 445 15 20
frame - 556
4
868 499 29 40
712 483 34 46
1052 445 13 20
906 470 16 24
frame - 557
4
711 483 37 47
871 501 28 37
1120 463 12 20
1052 446 13 19
frame - 558
4
872 502 29 37
712 487 34 44
1054 446 13 18
1119 464 12 18
frame - 559
3
874 502 29 37
714 488 33 42
1121 464 13 19
frame - 560
2
875 502 30 38
713 489 34 41
frame - 561
3
877 500 30 41
715 491 32 40
174 409 9 9
frame - 562
2
877 502 32 40
716 489 33 42
frame - 563
3
878 504 32 40
1124 466 13 18
721 488 31 41
frame - 564
4
882 503 32 39
1125 466 13 18
717 494 32 38
886 448 8 10
frame - 565
4
883 504 31 39
721 492 33 40
1126 464 14 20
888 448 7 10
frame - 566
4
885 506 31 37
1127 465 13 18
719 498 35 36
1059 447 14 18
frame - 567
5
886 505 32 40
888 447 8 10
718 497 32 40
1127 466 12 17
1059 447 13 18
frame - 568
6
887 506 32 40
1127 465 13 18
720 497 34 40
176 409 8 9
1061 447 13 18
888 447 8 11
frame - 569
6
889 507 32 38
720 499 34 40
1127 464 14 20
889 448 7 10
1062 445 15 20
889 449 8 11
frame - 570
4
893 506 30 42
721 496 35 40
176 408 9 10
1064 446 13 20
frame - 571
4
894 506 31 40
1131 465 12 18
1066 446 14 21
889 448 8 10
frame - 572
4
894 507 32 41
1130 466 12 18
722 497 33 40
1066 446 14 21
frame - 573
4
895 507 31 41
1128 465 13 19
723 495 32 39
1118 453 11 14
frame - 574
5
900 508 30 40
1128 466 13 18
723 498 33 39
1065 446 14 20
1120 453 11 14
frame - 575
3
902 508 30 40
1121 454 10 13
726 497 32 40
frame - 576
4
902 508 31 42
1131 466 13 20
968 516 11 15
174 410 8 9
frame - 577
5
903 510 32 42
1067 446 15 20
973 517 10 12
176 409 8 9
731 489 32 42
frame - 578
4
906 509 30 42
731 488 33 42
175 409 9 9
1069 447 13 18
frame - 579
3
907 511 32 41
731 492 32 39
175 409 8 9
frame - 580
5
909 511 31 41
731 491 33 39
1069 446 14 20
1122 454 10 13
177 410 8 9
frame - 581
3
910 512 32 42
736 488 33 43
1070 446 15 19
frame - 582
5
914 511 30 40
732 491 33 43
1071 446 14 20
176 410 9 8
1132 469 11 16
frame - 583
3
916 512 29 38
1071 445 15 21
733 490 32 42
frame - 584
4
917 512 30 38
1073 445 14 21
176 408 9 9
1136 469 14 21
frame - 585
6
918 512 33 42
731 495 34 41
1071 445 16 21
176 407 9 10
1140 466 14 20
1126 453 11 13
frame - 586
5
919 514 33 41
1071 445 16 22
741 492 33 42
732 495 35 42
177 408 7 8
frame - 587
4
920 514 33 41
737 496 35 41
1073 447 14 19
1137 468 14 17
frame - 588
4
925 515 30 40
741 494 34 40
177 409 8 9
1075 446 13 19
frame - 589
5
925 514 31 40
740 491 35 42
1130 454 11 13
177 408 8 9
1075 445 15 20
frame - 590
3
927 514 31 41
1130 453 12 15
177 409 8 8
frame - 591
3
931 513 31 42
1131 454 10 13
1075 446 14 20
frame - 592
4
933 513 32 42
1133 454 11 14
747 488 33 42
176 410 8 9
frame - 593
2
933 513 34 42
1133 455 10 13
frame - 594
2
936 514 32 40
1083 454 15 21
frame - 595
2
939 513 31 42
1084 453 15 21
frame - 596
1
940 513 32 43
frame - 597
2
941 513 33 44
1085 453 14 20
frame - 598
3
942 514 33 43
1086 452 14 21
1147 468 13 18
frame - 599
3
946 513 33 43
1087 453 13 20
755 488 33 44
frame - 600
5
949 514 32 40
1151 470 15 20
1145 469 13 17
1091 457 12 17
1137 456 10 13
frame - 601
4
950 516 33 40
1153 469 15 21
1149 468 13 18
1138 456 11 15
frame - 602
6
955 515 31 41
1153 470 14 22
755 490 39 47
1142 469 13 17
1090 454 13 20
1138 457 10 15
frame - 603
6
955 516 32 41
1153 470 14 21
1143 469 12 17
752 490 41 46
1089 455 12 18
1138 457 10 15
frame - 604
6
957 516 32 41
758 490 36 44
1154 470 14 22
1140 467 13 17
1088 455 13 19
1138 457 11 15
frame - 605
6
960 515 33 45
1153 471 14 21
758 485 38 45
1144 469 12 16
1092 457 12 18
1139 458 10 14
frame - 606
3
963 516 31 41
1155 471 14 20
1142 467 12 16
frame - 607
2
963 517 32 42
1156 472 13 20
frame - 608
2
965 518 34 42
1155 472 13 20
frame - 609
2
968 517 33 42
1153 473 14 20
frame - 610
4
971 519 32 38
1153 473 14 20
1160 469 18 24
1090 454 14 19
frame - 611
2
973 520 32 38
1160 469 19 24
frame - 612
1
974 520 33 39
frame - 613
1
980 521 31 37
frame - 614
2
979 523 34 39
1163 473 16 21
frame - 615
2
982 523 33 40
1142 488 19 24
frame - 616
2
984 523 33 39
1166 472 18 23
frame - 617
2
986 524 33 40
1167 472 19 24
frame - 618
3
984 525 35 40
773 507 37 45
1167 473 19 24
frame - 619
1
987 525 34 41
frame - 620
1
989 526 34 41
frame - 621
1
989 526 35 42
frame - 622
1
992 528 37 41
frame - 623
3
995 529 35 38
786 499 37 53
181 419 8 10
frame - 624
2
997 529 35 40
181 420 8 9
frame - 625
3
996 530 36 42
793 505 33 51
181 420 8 9
frame - 626
5
1001 531 34 42
794 507 34 49
183 420 8 9
1151 465 10 12
1175 476 21 26
frame - 627
5
1003 531 35 41
793 502 38 53
181 420 8 9
1175 476 20 26
1153 465 11 15
frame - 628
5
1004 530 35 44
794 502 38 54
1152 464 10 14
181 420 8 9
1175 476 20 26
frame - 629
5
1007 531 35 44
796 509 37 49
1177 477 20 25
179 420 8 9
1154 465 11 13
frame - 630
5
1008 531 35 46
797 508 38 53
1178 478 20 26
181 421 9 9
1157 466 11 15
frame - 631
5
1009 533 34 44
1178 478 19 25
178 420 9 10
1157 467 11 16
176 425 9 10
frame - 632
5
1011 536 35 42
793 520 41 52
1157 467 12 16
1180 479 17 23
178 420 9 10
frame - 633
6
1013 537 35 43
794 514 45 55
1151 466 13 17
1180 479 18 24
1120 463 12 16
908 464 8 12
frame - 634
5
801 509 43 56
1015 538 35 43
1135 466 13 17
1181 480 18 23
178 420 8 10
frame - 635
4
804 510 42 56
1017 537 36 43
1124 467 12 16
1181 480 17 22
frame - 636
4
803 521 43 53
1018 537 36 42
1121 466 13 17
180 420 9 10
frame - 637
6
1020 538 35 44
811 514 39 54
1139 468 12 15
1184 482 15 20
1118 464 12 15
180 425 9 10
frame - 638
4
1021 538 37 47
813 513 39 57
1158 470 10 13
1186 482 16 20
frame - 639
5
1023 538 37 46
807 511 46 60
1145 470 11 14
1186 483 15 19
1132 471 10 14
frame - 640
5
1025 537 37 47
813 515 41 56
1157 471 10 14
1125 472 12 16
1192 579 35 44
frame - 641
5
1026 538 36 46
814 518 42 57
1156 471 10 14
1166 472 10 13
1188 485 14 19
frame - 642
5
1030 539 36 45
816 525 43 53
1189 484 15 20
1119 473 12 17
183 425 10 11
frame - 643
5
1030 542 37 48
818 523 43 56
184 425 10 11
1167 472 10 12
1121 475 12 16
frame - 644
3
1033 542 36 47
822 522 40 54
182 426 9 11
frame - 645
3
1034 543 36 49
822 521 43 56
184 426 9 11
frame - 646
4
1035 543 37 49
826 525 43 55
1125 471 11 14
185 426 9 11
frame - 647
5
1038 544 37 48
827 530 43 52
912 530 14 20
185 426 9 11
1124 469 12 16
frame - 648
6
827 525 47 59
1041 545 36 46
185 426 9 11
1263 505 15 26
1195 487 15 23
1126 468 12 17
frame - 649
4
825 535 50 55
1044 546 35 46
184 426 9 11
1264 506 14 25
frame - 650
5
830 536 47 55
1045 546 36 46
1171 474 9 12
1192 486 13 17
907 458 11 17
frame - 651
9
835 538 47 54
1046 547 37 46
1172 474 9 12
1195 486 13 17
900 467 11 18
184 426 9 11
1128 470 11 16
1197 488 13 20
913 454 10 16
frame - 652
7
1047 548 39 47
835 537 49 59
897 466 14 19
1174 474 10 13
184 427 8 10
1128 470 12 17
910 454 12 16
frame - 653
5
1050 550 37 46
838 538 47 57
897 466 14 19
1175 474 10 12
185 428 9 10
frame - 654
5
1051 549 38 48
841 543 47 55
1129 473 14 19
900 467 13 18
186 428 8 11
frame - 655
5
1055 549 38 51
841 536 50 60
1200 489 15 21
1129 473 13 19
1132 470 12 17
frame - 656
5
1057 551 39 50
847 544 44 57
1207 583 37 46
1130 476 12 17
1202 489 14 21
frame - 657
5
1060 551 36 47
854 548 42 52
1131 476 12 17
1177 475 9 11
1203 490 14 20
frame - 658
5
1062 552 36 45
856 549 42 53
1128 469 11 16
1178 474 9 11
1132 475 12 17
frame - 659
5
1065 552 37 49
856 546 46 54
1202 489 16 22
1180 474 8 11
1137 475 13 18
frame - 660
4
1066 552 37 50
862 538 42 50
1207 591 35 44
234 452 13 14
frame - 661
4
863 534 47 56
1068 551 38 52
250 456 12 16
1136 477 13 17
frame - 662
6
1070 551 40 54
867 538 45 55
1205 589 37 47
1135 478 12 16
236 453 12 14
186 429 9 10
frame - 663
6
1072 554 40 51
874 542 39 52
1210 590 34 44
249 456 12 16
896 481 13 20
186 429 8 10
frame - 664
6
1073 554 41 53
873 544 44 55
184 429 8 10
1137 478 11 16
900 480 15 22
251 457 12 15
frame - 665
7
1075 557 40 52
877 535 44 56
184 429 8 10
959 496 20 26
251 457 12 15
237 454 10 14
902 480 18 24
frame - 666
6
1081 558 38 52
887 535 41 58
181 428 8 10
73 425 10 13
239 454 11 14
903 487 19 26
frame - 667
6
1081 558 38 51
887 533 45 61
74 425 9 13
239 454 11 14
185 429 8 9
902 481 16 22
frame - 668
5
1083 557 39 52
896 537 41 57
186 430 8 9
75 425 9 12
177 446 8 11
frame - 669
4
1087 558 39 51
896 537 43 59
905 481 17 22
189 431 7 9
frame - 670
7
897 536 43 55
1092 561 36 49
906 482 16 21
1144 477 12 17
1189 481 11 14
905 486 17 23
187 431 8 9
frame - 671
8
1093 562 37 48
901 539 41 54
905 479 18 24
1145 479 14 20
1148 477 13 18
92 428 8 11
1191 481 10 13
187 432 8 9
frame - 672
5
1095 562 37 51
901 543 46 58
908 482 15 21
93 428 8 11
77 425 8 11
frame - 673
6
1096 561 40 51
906 542 47 56
1152 478 12 16
1193 481 10 12
252 459 12 15
1150 481 14 18
frame - 674
7
910 541 49 56
1099 561 39 50
1190 483 10 12
183 435 9 11
252 459 12 15
1154 478 12 16
909 482 16 22
frame - 675
6
916 537 46 57
1103 563 38 49
253 460 12 14
1194 483 9 12
1154 479 13 16
185 435 8 11
frame - 676
4
1105 563 39 52
918 533 49 62
1151 481 15 19
252 460 12 14
frame - 677
4
1109 563 37 52
923 537 47 58
251 460 12 14
1154 479 13 17
frame - 678
8
1111 565 40 53
925 543 47 55
922 560 50 48
251 459 12 15
184 437 8 10
1157 480 14 19
182 440 8 10
90 427 9 11
frame - 679
5
928 543 48 55
1114 564 39 53
251 460 12 15
90 428 9 10
186 437 8 10
frame - 680
7
932 538 47 58
1117 566 38 51
252 460 12 14
188 436 8 10
929 552 48 53
190 449 8 11
92 428 9 11
frame - 681
5
1119 568 39 52
933 544 48 57
251 459 13 15
977 499 17 22
731 478 20 25
frame - 682
4
1123 565 39 54
939 557 48 49
251 459 13 16
189 437 10 11
frame - 683
4
1126 566 40 55
942 557 49 49
252 461 13 14
187 437 10 11
frame - 684
4
939 549 50 55
1129 568 41 54
253 462 11 12
186 438 9 10
frame - 685
4
1132 567 41 55
945 549 46 57
252 460 12 14
186 438 10 11
frame - 686
5
1135 569 40 54
946 551 50 57
254 462 11 13
979 499 20 24
186 438 10 11
frame - 687
3
1139 569 38 56
953 548 50 57
255 462 10 13
frame - 688
3
1144 569 37 53
954 551 51 55
254 462 10 12
frame - 689
3
1144 567 41 58
960 553 49 54
255 462 10 12
frame - 690
4
1146 567 42 58
962 550 49 57
253 461 11 13
1219 489 10 14
frame - 691
3
1150 569 40 54
963 549 51 56
255 462 10 12
frame - 692
3
1154 567 41 58
971 551 44 56
1223 491 10 13
frame - 693
2
1157 568 42 57
969 546 46 61
frame - 694
1
1161 569 41 59
frame - 695
2
1162 571 45 57
970 558 52 59
frame - 696
2
1166 575 43 52
978 558 54 57
frame - 697
2
1170 574 43 55
985 560 50 54
frame - 698
2
1173 572 44 59
981 559 52 57
frame - 699
2
1176 574 44 57
995 558 47 59
