frame - 0
2
172 329 25 38
2 311 27 40
frame - 1
2
168 329 25 38
0 309 27 38
frame - 2
4
0 306 24 36
158 324 29 42
240 345 23 32
413 351 22 32
frame - 3
2
0 306 20 36
160 321 27 40
frame - 4
4
155 319 29 42
0 307 17 34
239 345 23 32
1040 468 10 15
frame - 5
4
151 316 30 45
0 308 16 33
237 344 22 33
1039 468 10 16
frame - 6
2
148 315 28 46
0 308 15 33
frame - 7
2
149 316 28 41
229 337 21 31
frame - 8
2
146 314 25 37
227 336 21 29
frame - 9
2
144 313 26 38
226 332 19 26
frame - 10
2
140 313 28 39
220 332 20 27
frame - 11
3
140 315 25 36
213 328 22 30
385 345 24 31
frame - 12
5
211 327 22 30
139 315 24 36
283 357 16 27
384 342 23 33
289 358 18 27
frame - 13
3
208 328 22 30
138 315 24 36
132 314 23 37
frame - 14
4
206 327 21 30
129 315 26 41
135 313 26 39
381 337 24 31
frame - 15
3
127 312 31 41
200 327 24 30
381 336 24 32
frame - 16
3
126 310 29 41
197 328 22 30
381 336 24 31
frame - 17
4
126 308 27 41
194 328 22 29
279 347 19 29
380 337 24 31
frame - 18
4
121 305 29 44
194 329 19 28
278 348 20 29
378 340 25 35
frame - 19
4
117 303 29 40
185 327 23 29
277 351 19 27
378 342 24 33
frame - 20
4
111 299 31 43
181 325 21 31
381 343 22 33
275 354 19 29
frame - 21
3
109 297 30 42
178 322 21 30
381 343 22 33
frame - 22
3
105 297 29 43
176 320 20 29
382 343 21 33
frame - 23
3
101 298 28 42
171 317 21 32
382 341 22 34
frame - 24
2
96 297 28 43
167 316 23 32
frame - 25
3
91 297 28 43
383 336 22 31
165 315 24 33
frame - 26
3
86 299 28 42
381 333 23 33
161 314 24 34
frame - 27
3
85 300 25 41
159 317 22 31
379 330 23 31
frame - 28
3
77 298 27 45
159 316 22 34
378 326 23 33
frame - 29
3
69 296 30 47
377 324 24 34
157 319 21 31
frame - 30
4
64 293 29 43
375 324 25 34
152 317 24 33
516 166 13 16
frame - 31
3
63 291 28 42
375 325 24 33
149 319 22 31
frame - 32
4
57 287 31 45
147 317 24 32
237 344 23 32
371 330 25 36
frame - 33
4
54 286 30 44
146 316 23 33
236 347 21 30
370 330 25 36
frame - 34
4
52 285 30 44
144 315 24 33
368 330 26 36
228 345 22 30
frame - 35
4
46 283 32 43
142 313 24 35
367 331 25 35
225 345 23 31
frame - 36
4
46 282 30 45
139 310 26 39
365 332 24 35
221 345 19 30
frame - 37
4
44 283 30 45
138 309 23 33
215 343 20 31
363 332 23 35
frame - 38
3
43 284 30 45
135 307 22 34
213 339 20 29
frame - 39
4
39 285 31 46
130 306 25 36
209 336 22 31
354 329 26 37
frame - 40
3
37 284 32 48
129 308 25 39
354 321 25 37
frame - 41
3
37 283 31 49
129 309 23 38
355 320 24 39
frame - 42
3
37 283 31 49
127 310 21 38
353 319 25 39
frame - 43
3
36 280 31 49
352 313 26 37
122 310 23 38
frame - 44
4
34 278 32 49
351 313 26 38
115 311 24 37
197 330 22 34
frame - 45
6
32 277 33 48
111 310 25 40
352 318 24 40
406 377 17 36
196 331 22 35
269 333 21 33
frame - 46
5
29 275 32 46
108 310 24 38
352 319 23 40
196 332 21 34
269 334 20 32
frame - 47
4
25 272 32 47
194 331 22 35
352 319 23 39
102 306 25 37
frame - 48
4
21 270 34 48
96 302 27 40
192 331 22 35
354 319 22 39
frame - 49
4
19 269 32 48
95 301 26 39
191 332 22 34
354 318 22 39
frame - 50
4
13 269 35 47
189 331 23 35
92 299 27 39
354 317 23 40
frame - 51
4
11 269 34 49
88 298 28 41
354 316 23 41
188 331 23 36
frame - 52
5
7 268 34 51
87 299 26 40
186 327 23 36
354 316 22 43
264 333 19 33
frame - 53
4
2 270 33 51
84 300 27 41
353 311 25 39
184 322 25 37
frame - 54
3
1 271 30 50
78 299 29 43
353 309 26 41
frame - 55
5
0 270 27 50
78 300 27 41
352 308 28 41
258 323 22 34
178 315 23 36
frame - 56
6
1 271 20 47
76 303 27 40
352 302 27 38
258 320 20 31
176 313 24 38
176 329 24 39
frame - 57
6
351 301 28 38
171 311 25 40
74 305 26 39
1 273 17 42
255 320 21 30
4 325 29 58
frame - 58
3
351 300 28 39
71 304 26 39
168 312 24 39
frame - 59
4
350 302 28 38
73 303 23 40
245 320 22 30
166 312 24 37
frame - 60
4
349 304 28 37
161 312 26 38
243 319 23 32
71 304 24 38
frame - 61
3
350 304 26 37
240 323 23 34
160 314 24 36
frame - 62
4
64 299 25 43
234 325 25 34
348 310 27 38
154 315 24 36
frame - 63
3
64 298 25 45
347 304 24 36
227 326 24 32
frame - 64
4
63 295 25 46
343 303 25 37
226 332 23 34
146 314 23 35
frame - 65
5
57 292 25 41
219 324 25 35
336 302 27 37
142 313 24 38
144 334 24 41
frame - 66
4
57 290 24 41
213 323 22 35
136 311 26 38
335 300 28 40
frame - 67
3
55 290 24 44
210 320 23 38
333 310 26 41
frame - 68
3
330 293 27 41
133 304 21 37
52 291 22 40
frame - 69
4
47 290 25 42
328 293 27 39
207 316 21 34
130 301 22 37
frame - 70
4
324 289 29 41
44 291 25 44
128 299 23 40
204 313 22 36
frame - 71
3
37 290 28 45
318 285 30 40
125 298 24 41
frame - 72
4
319 284 27 39
31 291 27 40
198 308 20 33
123 300 24 39
frame - 73
4
29 288 27 45
196 307 21 34
317 285 26 38
120 300 24 39
frame - 74
4
22 283 28 41
195 306 23 35
117 301 24 39
314 286 27 36
frame - 75
3
16 281 28 42
115 301 24 41
196 311 21 36
frame - 76
3
193 311 24 37
16 279 25 42
113 302 26 39
frame - 77
3
8 273 29 43
111 300 26 42
191 313 25 38
frame - 78
3
110 300 26 41
6 268 29 43
188 314 27 39
frame - 79
3
107 299 25 41
3 265 29 43
188 313 26 40
frame - 80
3
188 314 26 38
3 263 27 45
104 297 28 43
frame - 81
4
187 312 27 40
101 291 28 43
1 263 27 45
302 285 26 37
frame - 82
4
186 311 25 39
97 291 26 40
0 263 24 43
516 167 14 16
frame - 83
2
94 288 28 45
0 264 23 41
frame - 84
4
178 306 23 35
90 287 27 45
295 275 27 40
0 266 20 37
frame - 85
3
172 302 26 39
85 283 27 42
288 268 30 47
frame - 86
3
285 266 32 47
169 302 25 38
81 284 26 40
frame - 87
3
283 266 31 46
78 284 26 40
167 298 23 35
frame - 88
3
278 268 31 45
70 284 31 45
160 301 25 39
frame - 89
4
273 268 31 46
158 300 25 41
65 286 28 45
68 304 28 50
frame - 90
4
271 273 29 41
62 287 29 45
153 302 26 39
62 303 29 50
frame - 91
4
267 273 29 43
55 284 29 47
56 302 29 52
266 286 31 44
frame - 92
3
259 271 31 46
47 283 29 49
144 303 25 40
frame - 93
4
255 271 30 46
42 281 28 45
140 307 24 41
44 300 31 52
frame - 94
4
38 280 29 45
249 267 30 47
359 394 15 27
248 283 30 46
frame - 95
5
34 275 29 51
127 300 27 41
243 263 29 44
35 287 31 58
295 257 28 40
frame - 96
5
236 259 32 45
31 272 30 49
124 302 27 38
34 288 31 55
292 257 30 43
frame - 97
3
227 255 35 46
29 270 31 48
120 302 24 37
frame - 98
4
222 250 36 47
24 271 33 51
113 294 26 38
24 282 35 57
frame - 99
4
220 244 35 47
22 270 31 51
23 281 32 55
112 288 27 42
frame - 100
4
217 243 35 46
111 281 28 43
19 282 31 55
19 268 31 51
frame - 101
4
214 242 35 48
110 278 29 44
15 270 30 47
18 287 32 54
frame - 102
4
211 244 33 47
13 271 31 45
110 276 29 45
907 450 11 15
frame - 103
3
11 273 31 44
108 276 31 44
206 245 35 50
frame - 104
4
204 245 35 47
8 273 32 45
106 276 31 43
908 449 13 16
frame - 105
6
205 247 32 47
104 278 30 45
6 285 34 57
7 271 31 46
909 446 12 14
908 449 12 15
frame - 106
5
204 247 33 50
100 278 31 45
3 269 31 49
4 280 32 56
909 449 12 16
frame - 107
4
201 246 35 49
98 278 32 44
1 265 28 42
3 284 31 53
frame - 108
3
198 245 34 47
98 277 31 45
0 262 28 43
frame - 109
3
197 242 34 46
97 275 32 46
0 260 25 47
frame - 110
2
193 236 34 54
96 270 30 47
frame - 111
3
190 234 34 51
94 268 31 47
903 452 13 15
frame - 112
4
186 229 35 51
90 266 34 44
901 453 12 14
1057 491 9 13
frame - 113
5
183 226 34 52
87 260 34 46
899 453 12 15
879 509 11 15
1056 496 9 14
frame - 114
4
178 223 34 53
84 258 30 44
898 453 12 14
877 506 11 16
frame - 115
5
170 221 37 53
80 253 29 44
899 451 11 15
876 510 10 16
1056 497 9 14
frame - 116
4
167 220 38 54
74 248 31 44
898 452 11 14
875 511 10 16
frame - 117
3
162 218 37 56
66 249 34 45
898 451 11 15
frame - 118
3
154 222 38 60
63 249 31 46
897 451 11 15
frame - 119
3
149 225 36 54
58 250 34 45
896 451 11 15
frame - 120
4
50 252 33 49
144 227 34 53
896 451 11 15
266 322 25 36
frame - 121
6
135 226 36 52
42 254 35 52
895 451 11 15
32 317 35 49
135 248 37 55
1049 490 9 15
frame - 122
3
127 224 37 59
40 255 33 50
894 451 11 15
frame - 123
7
121 219 36 56
31 254 31 47
896 450 11 16
252 310 28 41
1046 491 9 13
895 445 10 15
894 452 11 15
frame - 124
6
116 216 35 53
25 251 34 48
250 308 30 42
897 449 10 16
895 446 10 14
1047 491 9 13
frame - 125
7
110 210 36 56
246 302 30 47
17 247 33 49
898 450 10 15
895 446 10 14
243 362 23 42
895 452 10 14
frame - 126
6
103 207 38 53
12 245 33 43
246 301 27 40
893 446 10 14
895 451 10 14
892 452 9 14
frame - 127
5
99 201 39 55
5 240 34 45
246 300 26 39
893 446 10 14
895 451 11 14
frame - 128
6
91 198 41 53
2 235 32 45
243 298 28 40
892 446 10 14
995 449 11 15
895 451 10 13
frame - 129
8
89 196 38 53
0 229 29 42
963 497 10 13
241 298 28 41
995 449 11 15
896 451 11 14
889 447 10 13
400 393 21 36
frame - 130
10
84 194 39 54
241 297 28 44
398 391 21 31
962 497 9 13
890 446 10 14
896 450 11 15
71 386 25 37
891 451 10 15
995 450 11 15
0 227 26 42
frame - 131
5
79 196 40 52
238 297 29 44
397 391 19 31
886 452 10 14
995 450 11 15
frame - 132
3
75 197 39 53
236 299 31 43
879 453 10 13
frame - 133
4
70 197 39 55
237 298 29 43
997 449 10 16
879 452 9 14
frame - 134
4
65 196 43 62
236 296 28 46
385 385 22 36
996 448 11 16
frame - 135
3
63 196 41 64
234 295 29 45
995 448 11 16
frame - 136
2
59 195 39 60
232 293 31 47
frame - 137
3
56 192 41 63
230 290 30 45
380 383 23 36
frame - 138
3
53 189 40 59
228 283 29 47
380 384 24 36
frame - 139
4
49 182 40 68
223 279 29 45
379 385 24 35
996 449 11 15
frame - 140
4
43 180 41 59
221 276 29 45
996 450 11 15
378 386 22 35
frame - 141
5
40 172 39 65
217 272 28 46
378 387 22 34
997 451 11 15
592 420 14 21
frame - 142
4
37 168 39 60
212 270 29 45
374 387 21 34
996 451 12 15
frame - 143
4
28 165 42 59
207 268 32 47
379 387 21 34
995 451 11 15
frame - 144
5
22 163 43 58
204 271 30 44
900 445 12 15
902 448 11 16
995 451 10 15
frame - 145
3
15 163 43 60
201 275 29 42
993 451 12 15
frame - 146
4
9 161 44 64
196 278 30 42
373 380 19 31
993 451 12 15
frame - 147
4
3 163 43 63
192 279 29 45
900 448 12 16
370 379 20 32
frame - 148
4
1 165 35 68
187 278 29 43
368 377 20 34
899 445 12 15
frame - 149
4
0 165 30 70
367 377 21 33
182 275 28 42
899 447 12 16
frame - 150
6
176 351 43 54
175 272 29 47
365 376 21 34
0 165 27 70
900 448 13 16
898 445 13 15
frame - 151
4
173 273 27 46
900 449 12 15
996 450 11 15
361 375 24 35
frame - 152
5
167 268 29 51
997 451 10 15
357 376 22 34
900 450 12 15
877 480 11 14
frame - 153
5
357 377 22 34
165 264 27 45
997 451 11 14
879 480 10 14
901 450 11 15
frame - 154
5
164 259 27 49
998 452 11 14
879 479 10 15
357 378 20 33
900 451 11 14
frame - 155
3
157 254 32 53
998 453 11 14
900 450 11 15
frame - 156
3
157 252 31 44
999 454 11 14
899 450 12 14
frame - 157
2
899 450 11 14
999 455 10 14
frame - 158
3
156 251 29 41
897 451 11 14
897 446 10 14
frame - 159
3
897 451 11 14
221 346 20 31
896 446 11 14
frame - 160
4
151 255 28 42
897 451 11 13
896 446 12 14
217 343 22 35
frame - 161
4
146 257 30 44
896 451 11 14
217 343 21 35
896 446 11 14
frame - 162
4
143 258 29 39
895 451 11 13
895 446 11 14
217 343 20 36
frame - 163
4
140 257 30 40
214 344 21 33
895 450 12 14
895 446 12 14
frame - 164
7
138 255 30 40
314 364 21 38
213 345 19 32
894 450 12 14
895 446 11 14
516 168 14 16
311 360 20 36
frame - 165
7
137 253 29 39
311 363 19 32
894 447 12 13
894 451 12 13
314 366 21 34
516 167 14 17
210 348 19 30
frame - 166
6
130 247 32 42
207 348 23 38
315 364 24 37
310 360 22 36
894 450 12 14
894 446 12 14
frame - 167
3
894 446 11 14
894 451 12 13
310 359 23 37
frame - 168
4
123 240 29 40
893 447 11 13
895 451 11 13
310 359 22 37
frame - 169
5
117 236 29 43
892 447 11 13
894 451 11 13
202 346 22 38
998 455 10 13
frame - 170
5
111 235 29 42
893 451 11 14
892 447 11 13
197 346 22 38
996 455 10 14
frame - 171
4
107 235 28 43
196 342 24 36
893 451 12 14
892 447 10 13
frame - 172
5
194 340 24 38
100 235 27 41
893 451 11 14
891 447 11 13
994 456 9 13
frame - 173
5
90 236 31 41
192 336 23 42
892 451 12 14
891 447 11 13
992 458 10 14
frame - 174
6
82 236 31 45
192 335 21 42
992 454 10 14
892 450 12 15
891 447 11 13
990 457 10 14
frame - 175
5
189 337 21 38
77 239 29 42
991 454 10 14
892 451 11 14
892 446 11 14
frame - 176
3
182 335 22 39
991 454 10 14
892 451 11 14
frame - 177
6
175 334 25 43
53 325 36 51
55 242 30 42
101 322 29 54
991 454 10 13
892 451 11 14
frame - 178
5
43 239 34 43
170 335 26 42
892 452 10 13
91 323 31 50
991 453 10 14
frame - 179
4
38 236 31 43
167 337 25 40
892 451 11 14
991 453 10 14
frame - 180
5
30 234 34 44
164 337 25 41
893 451 10 14
35 317 38 45
889 447 10 13
frame - 181
3
27 231 33 44
159 338 27 42
891 451 11 14
frame - 182
3
21 227 34 47
154 338 27 41
892 451 11 14
frame - 183
3
16 227 35 47
152 339 25 39
891 452 12 13
frame - 184
3
10 223 38 50
147 338 25 40
891 451 12 14
frame - 185
2
7 222 37 49
145 337 24 39
frame - 186
4
3 222 35 46
141 334 24 42
516 167 14 16
278 360 17 34
frame - 187
3
1 221 33 50
137 328 26 41
987 460 9 12
frame - 188
4
1 221 28 50
135 328 25 40
5 296 27 38
278 360 16 35
frame - 189
3
135 327 23 42
0 220 27 56
3 300 28 41
frame - 190
2
131 327 26 40
1 299 22 42
frame - 191
3
130 326 25 40
1 293 17 41
987 456 10 13
frame - 192
4
130 325 23 39
3 382 41 97
985 455 10 14
516 167 14 17
frame - 193
2
128 326 23 40
984 455 10 14
frame - 194
1
122 326 26 38
frame - 195
2
121 327 23 33
103 449 35 54
frame - 196
0
frame - 197
2
118 328 22 40
243 355 16 30
frame - 198
1
115 327 25 42
frame - 199
2
113 327 25 40
241 352 17 32
frame - 200
1
112 327 23 41
frame - 201
1
110 325 23 42
frame - 202
2
106 319 24 42
229 346 18 31
frame - 203
2
225 343 20 33
103 318 25 39
frame - 204
2
223 341 22 35
101 318 23 38
frame - 205
3
220 342 22 34
80 440 34 51
100 315 24 36
frame - 206
3
213 341 22 35
93 313 27 40
288 371 13 23
frame - 207
3
211 342 21 34
89 311 26 40
286 371 14 23
frame - 208
4
86 312 24 38
206 343 23 34
73 441 36 55
285 373 14 21
frame - 209
3
80 312 27 41
200 344 25 33
282 372 16 23
frame - 210
3
195 344 23 34
75 314 28 43
282 370 15 23
frame - 211
3
191 344 23 34
70 317 26 40
282 368 15 25
frame - 212
3
282 367 13 25
66 316 25 41
196 350 14 26
frame - 213
2
179 340 20 36
61 315 25 43
frame - 214
3
55 313 24 38
179 341 19 34
267 366 14 26
frame - 215
3
49 311 26 39
173 340 20 35
265 366 15 26
frame - 216
2
43 308 29 43
167 337 24 39
frame - 217
3
39 305 29 44
33 439 33 51
162 328 24 40
frame - 218
3
157 327 25 39
38 302 27 41
31 438 30 48
frame - 219
3
29 431 31 49
152 325 26 39
36 301 25 38
frame - 220
2
33 298 27 40
148 327 22 38
frame - 221
2
30 295 29 39
146 326 25 39
frame - 222
2
28 295 30 40
141 326 27 40
frame - 223
2
138 326 26 41
26 295 29 41
frame - 224
2
23 297 30 41
135 327 26 38
frame - 225
2
18 299 31 41
132 326 24 39
frame - 226
2
14 299 32 43
130 326 26 39
frame - 227
4
14 301 29 40
129 322 27 37
232 380 15 23
238 360 18 25
frame - 228
3
13 300 27 41
128 319 25 38
232 377 14 25
frame - 229
2
9 300 28 40
127 318 25 39
frame - 230
2
6 296 30 42
124 315 26 36
frame - 231
3
3 293 29 42
122 313 25 37
228 372 16 23
frame - 232
4
1 291 28 41
117 310 27 40
228 357 18 27
228 366 15 21
frame - 233
2
112 308 29 44
1 287 25 42
frame - 234
2
111 309 27 41
0 283 23 42
frame - 235
2
106 309 28 42
0 282 19 42
frame - 236
3
101 309 30 42
214 371 16 25
0 282 16 41
frame - 237
3
96 311 29 40
215 368 16 27
219 359 17 26
frame - 238
3
93 312 29 39
218 359 17 26
215 367 15 25
frame - 239
3
90 311 26 39
217 357 18 29
213 363 17 30
frame - 240
3
86 310 26 38
217 357 17 28
216 362 14 27
