frame - 0
3
172 329 25 38
2 310 27 41
1044 467 10 15
frame - 1
2
168 329 26 38
0 309 27 38
frame - 2
4
159 324 29 43
1 305 23 37
240 345 23 32
413 350 22 33
frame - 3
3
0 306 20 35
160 321 27 40
243 347 20 30
frame - 4
4
154 320 29 42
0 307 17 34
239 345 22 32
1040 467 10 16
frame - 5
4
151 316 29 46
0 307 16 34
237 344 22 33
1039 468 10 15
frame - 6
2
148 315 29 45
0 308 15 33
frame - 7
2
149 315 28 42
229 337 21 31
frame - 8
2
147 314 24 37
227 336 21 30
frame - 9
2
144 313 26 38
225 332 20 26
frame - 10
3
140 313 27 39
220 332 20 28
294 364 16 27
frame - 11
5
140 315 26 36
213 328 22 30
386 344 23 32
290 359 17 27
283 358 16 27
frame - 12
5
211 328 21 29
139 315 24 36
384 342 23 33
283 357 16 27
289 358 17 28
frame - 13
3
208 328 22 30
137 315 25 36
132 314 23 37
frame - 14
4
206 327 21 30
135 312 26 40
129 315 26 41
381 337 24 31
frame - 15
3
127 312 30 40
200 327 24 30
380 336 25 32
frame - 16
3
127 310 28 41
196 328 23 30
381 336 24 32
frame - 17
4
126 308 27 41
194 328 22 29
280 347 19 29
380 337 24 31
frame - 18
3
121 305 29 44
193 329 20 28
279 348 19 29
frame - 19
4
117 303 29 40
185 327 23 30
277 351 20 27
378 342 24 33
frame - 20
4
111 299 31 44
182 325 20 31
381 343 22 33
275 354 19 29
frame - 21
3
109 297 30 43
381 343 22 33
178 322 21 30
frame - 22
3
105 297 29 43
176 319 20 31
382 343 21 33
frame - 23
3
100 298 29 42
171 317 21 32
382 341 23 34
frame - 24
3
96 298 28 42
167 315 23 33
382 340 24 34
frame - 25
3
91 297 28 43
382 336 23 31
165 314 24 34
frame - 26
3
86 299 29 43
381 333 23 33
161 314 24 34
frame - 27
3
85 300 25 41
159 317 22 31
379 329 24 34
frame - 28
3
76 298 28 44
159 316 22 33
378 326 23 33
frame - 29
3
69 296 30 46
377 325 24 33
157 319 21 31
frame - 30
3
63 293 29 43
375 324 25 34
152 317 24 33
frame - 31
3
63 291 28 42
375 325 25 33
149 319 22 31
frame - 32
4
57 287 31 45
147 317 24 32
237 344 23 32
373 327 25 38
frame - 33
4
54 286 30 44
146 316 23 33
236 346 21 31
369 330 27 36
frame - 34
4
144 314 24 34
52 285 30 44
368 330 26 36
228 345 22 30
frame - 35
4
46 283 32 43
142 313 24 35
367 331 24 35
225 345 23 31
frame - 36
4
46 282 30 45
139 310 26 39
365 332 24 35
221 343 19 26
frame - 37
4
44 282 30 47
137 309 25 38
215 342 20 32
363 331 22 36
frame - 38
3
43 284 29 45
135 307 21 34
213 339 19 29
frame - 39
4
39 285 31 46
130 306 25 36
209 336 22 31
354 329 26 37
frame - 40
4
37 284 32 48
129 308 25 39
354 321 25 37
207 347 22 39
frame - 41
3
37 283 31 49
129 309 23 38
355 320 24 39
frame - 42
3
37 283 31 49
127 310 21 38
353 319 25 39
frame - 43
3
37 280 30 49
122 310 23 38
352 313 25 38
frame - 44
4
34 278 32 49
351 313 26 38
115 311 24 37
197 330 22 34
frame - 45
6
33 277 32 48
111 310 25 39
196 331 22 35
351 318 25 40
406 377 17 36
268 333 21 33
frame - 46
5
29 275 32 46
108 310 24 38
352 319 23 40
269 334 20 32
196 332 21 34
frame - 47
4
25 272 32 46
352 319 23 39
194 332 21 34
103 306 24 37
frame - 48
4
21 270 33 47
96 302 27 40
192 331 22 35
354 319 22 39
frame - 49
4
18 269 33 48
95 301 26 39
191 332 22 34
354 319 22 38
frame - 50
4
13 270 35 46
189 331 23 35
92 300 27 38
354 317 23 40
frame - 51
4
11 269 34 49
88 298 28 41
354 317 23 41
188 331 23 36
frame - 52
6
7 268 34 50
87 299 27 40
186 326 23 37
354 317 22 43
264 333 19 34
269 334 20 33
frame - 53
4
2 270 33 51
84 301 27 39
353 311 25 38
184 322 24 36
frame - 54
4
1 270 31 51
78 299 29 43
353 309 26 40
347 445 14 21
frame - 55
5
0 270 27 50
78 300 27 41
352 302 27 40
259 323 21 34
178 315 23 36
frame - 56
5
1 271 20 46
76 303 28 40
352 302 26 38
176 313 24 37
258 320 21 30
frame - 57
5
351 301 28 39
171 312 25 39
74 305 26 39
1 273 17 41
255 320 21 30
frame - 58
3
351 300 28 39
71 304 26 39
168 312 24 39
frame - 59
4
350 302 28 38
73 303 23 40
166 312 24 37
246 320 21 30
frame - 60
4
349 304 28 37
243 319 22 32
71 304 24 39
161 313 26 36
frame - 61
3
240 324 23 33
350 304 25 37
160 315 24 35
frame - 62
4
65 299 24 44
234 325 25 34
348 304 25 37
154 315 24 36
frame - 63
3
64 298 25 45
347 304 24 36
228 326 23 32
frame - 64
4
63 294 24 41
343 303 25 36
226 333 23 33
146 315 23 35
frame - 65
5
57 292 25 41
219 323 25 36
336 302 27 38
142 312 24 39
144 333 24 41
frame - 66
4
57 291 24 40
136 311 26 38
213 322 22 36
334 300 29 40
frame - 67
4
55 290 24 44
210 320 23 38
333 310 25 41
139 327 22 41
frame - 68
2
330 293 27 41
133 305 21 36
frame - 69
4
328 292 27 39
47 290 25 42
207 316 20 34
130 301 22 37
frame - 70
3
325 290 28 39
43 291 25 43
129 300 22 39
frame - 71
3
38 291 27 44
319 285 28 39
125 299 24 40
frame - 72
4
319 284 27 39
31 291 27 40
199 308 20 33
123 300 24 40
frame - 73
4
29 288 27 45
196 306 22 35
120 300 24 40
317 285 26 38
frame - 74
4
22 283 28 41
196 307 22 34
117 301 24 40
314 287 27 35
frame - 75
4
16 281 28 42
115 301 25 41
195 308 22 34
313 287 24 36
frame - 76
3
113 301 26 41
193 311 24 37
16 279 25 41
frame - 77
4
8 273 29 43
111 300 26 42
191 313 25 38
515 167 15 16
frame - 78
3
110 300 26 40
6 268 28 43
188 315 27 38
frame - 79
4
107 299 25 41
3 265 29 43
188 315 26 41
515 167 15 16
frame - 80
4
188 314 26 38
3 263 27 45
104 296 27 43
515 167 15 16
frame - 81
5
187 312 27 41
101 291 27 43
1 263 27 45
302 285 26 37
515 167 15 16
frame - 82
3
186 311 25 39
97 291 26 41
0 263 24 42
frame - 83
2
94 288 28 44
0 265 22 40
frame - 84
4
179 306 22 35
90 287 27 46
295 274 28 42
0 266 20 38
frame - 85
3
172 302 26 40
288 268 30 46
85 283 27 42
frame - 86
3
286 266 31 47
169 302 24 38
81 284 26 39
frame - 87
3
282 265 32 46
78 284 26 40
168 298 22 35
frame - 88
3
278 268 30 46
70 284 31 46
160 301 26 39
frame - 89
4
272 269 31 46
158 299 25 42
68 304 28 51
65 286 28 44
frame - 90
4
271 273 29 41
62 286 29 45
153 301 27 40
62 302 29 51
frame - 91
4
267 273 29 43
55 284 29 46
56 302 29 53
266 286 30 44
frame - 92
5
259 271 31 46
47 284 29 48
144 303 25 40
260 285 31 45
49 299 30 55
frame - 93
4
255 271 30 45
42 281 28 44
140 307 24 41
44 299 31 53
frame - 94
4
38 280 29 45
249 268 29 47
248 284 29 45
359 394 15 28
frame - 95
5
34 276 29 51
128 301 26 40
242 263 30 44
35 287 31 58
295 257 27 40
frame - 96
5
236 260 32 45
123 301 28 39
31 272 30 49
34 287 31 56
291 259 31 44
frame - 97
3
227 255 35 46
29 270 31 49
120 301 25 38
frame - 98
4
222 249 36 49
25 272 32 52
113 294 26 38
25 283 35 56
frame - 99
4
219 244 36 47
21 270 32 50
23 282 32 54
112 288 27 42
frame - 100
4
218 243 34 46
19 283 31 55
110 281 29 43
19 268 31 51
frame - 101
4
214 242 35 47
110 278 29 44
14 271 31 46
17 287 32 54
frame - 102
4
211 243 33 48
13 272 31 46
110 276 29 46
906 450 12 15
frame - 103
4
206 245 36 51
11 273 31 44
108 276 31 44
908 449 12 15
frame - 104
4
204 245 35 47
8 273 32 48
106 275 31 43
909 450 12 15
frame - 105
6
205 247 32 46
103 278 31 45
7 271 30 46
6 284 34 58
909 449 12 15
909 446 13 14
frame - 106
5
204 247 33 50
101 278 31 44
3 269 31 48
4 280 32 56
909 449 12 16
frame - 107
4
201 246 35 49
98 278 31 45
0 265 29 42
3 285 30 52
frame - 108
3
199 245 34 47
98 278 31 44
0 262 28 43
frame - 109
3
196 242 35 46
96 275 33 46
0 260 25 46
frame - 110
2
193 236 34 55
95 270 31 48
frame - 111
3
189 235 35 51
94 268 31 47
903 452 13 15
frame - 112
4
186 228 36 52
90 265 34 45
901 452 12 15
1057 491 10 14
frame - 113
5
183 226 34 52
87 261 34 45
898 453 12 15
879 508 11 16
1055 497 9 13
frame - 114
4
178 223 34 53
84 257 31 43
898 453 12 14
877 506 11 16
frame - 115
5
170 221 38 53
80 253 29 44
898 451 12 15
876 509 10 16
1057 497 9 14
frame - 116
4
167 219 38 56
74 248 32 45
898 451 12 16
875 510 10 16
frame - 117
3
162 218 37 56
66 249 34 45
898 451 11 15
frame - 118
3
154 222 38 60
63 248 31 47
897 451 11 16
frame - 119
3
149 225 36 54
58 250 34 45
896 451 11 15
frame - 120
4
50 252 33 49
144 227 34 53
896 451 11 15
266 322 25 36
frame - 121
5
135 226 36 52
42 254 35 52
895 451 11 15
32 317 35 49
136 249 36 54
frame - 122
4
40 256 33 50
127 223 37 60
894 451 11 15
253 316 29 41
frame - 123
7
121 219 36 57
31 254 31 48
896 450 10 16
252 310 29 41
895 445 10 15
893 452 11 15
1047 491 9 13
frame - 124
7
116 216 35 53
25 250 34 49
249 308 30 42
896 449 11 16
895 445 10 15
1046 490 9 14
895 451 10 15
frame - 125
7
110 210 36 55
246 303 30 47
17 247 33 49
898 450 10 15
243 363 24 41
895 446 10 14
994 448 9 15
frame - 126
7
103 207 38 53
12 245 32 43
246 300 27 42
895 451 10 14
893 446 10 14
891 452 10 14
993 448 11 15
frame - 127
5
99 201 40 55
5 241 34 44
246 301 26 38
894 446 10 14
895 450 10 14
frame - 128
7
92 198 40 54
2 235 32 45
243 298 28 40
892 446 10 14
995 449 11 15
896 451 10 14
966 495 9 14
frame - 129
8
90 197 37 51
0 229 29 42
964 497 9 13
241 298 28 41
889 447 10 13
995 449 11 16
897 451 10 14
400 393 21 35
frame - 130
10
84 194 39 54
241 297 28 44
890 446 11 14
398 391 21 31
963 497 9 13
896 450 11 15
71 386 25 37
891 451 10 15
995 450 11 15
0 227 26 42
frame - 131
5
79 196 40 52
238 297 29 44
397 391 19 31
884 452 10 13
1051 492 9 11
frame - 132
4
75 197 39 53
236 299 30 44
880 453 9 13
996 449 11 15
frame - 133
4
70 197 39 55
237 298 29 43
997 449 11 16
879 452 10 14
frame - 134
4
65 196 43 61
237 296 28 45
385 385 22 36
997 448 10 17
frame - 135
3
63 196 41 65
234 295 29 45
995 448 11 16
frame - 136
2
59 195 39 60
232 294 31 46
frame - 137
3
56 192 41 63
231 290 29 44
380 383 23 36
frame - 138
3
53 190 40 58
228 284 29 45
380 384 24 36
frame - 139
4
49 182 40 69
223 278 29 46
380 385 23 35
995 450 12 14
frame - 140
4
43 180 41 58
221 276 29 46
996 450 11 15
378 386 22 35
frame - 141
6
40 172 39 65
216 272 29 45
378 386 22 35
996 451 12 15
373 387 21 33
593 421 13 20
frame - 142
5
37 168 39 59
212 270 29 45
995 451 12 15
374 387 21 33
591 420 14 21
frame - 143
3
28 165 42 59
207 268 32 47
995 451 11 15
frame - 144
4
22 163 43 58
204 271 30 44
901 447 12 16
995 451 11 15
frame - 145
3
15 163 43 60
202 275 28 42
994 452 11 14
frame - 146
4
9 162 45 63
196 277 30 42
993 451 12 15
372 380 20 31
frame - 147
4
3 164 43 62
192 279 29 45
899 448 13 16
370 378 20 33
frame - 148
4
1 165 36 68
187 277 29 43
368 378 20 33
898 445 12 15
frame - 149
4
0 165 32 70
181 276 28 44
367 377 21 33
899 445 12 15
frame - 150
5
175 272 29 47
0 165 27 72
365 376 21 35
899 448 13 16
898 445 13 15
frame - 151
4
173 272 28 46
900 449 13 16
361 375 24 35
996 450 11 15
frame - 152
3
167 268 29 52
900 450 11 15
877 479 11 15
frame - 153
5
163 265 29 52
357 377 21 34
997 451 11 15
900 450 12 15
878 479 11 15
frame - 154
5
164 259 27 48
998 452 10 14
900 451 11 14
878 480 10 14
356 378 21 32
frame - 155
4
158 254 31 54
998 453 11 14
900 450 10 15
516 167 14 16
frame - 156
4
157 252 31 44
999 453 11 15
155 262 34 55
899 450 12 14
frame - 157
3
898 450 12 14
999 455 10 14
897 447 11 13
frame - 158
2
156 251 29 41
897 451 11 14
frame - 159
3
221 346 19 31
897 451 11 14
897 446 10 14
frame - 160
3
151 255 28 42
896 451 12 13
896 446 11 14
frame - 161
5
146 257 30 45
896 451 11 14
216 343 22 36
896 446 11 14
517 167 13 16
frame - 162
5
143 258 29 39
895 451 12 13
218 343 19 36
895 446 12 13
516 167 14 16
frame - 163
5
140 257 30 40
214 343 21 35
895 450 12 15
895 446 12 14
999 455 11 14
frame - 164
7
138 255 30 40
314 364 22 38
213 345 19 32
894 450 12 14
310 360 21 37
895 446 12 14
516 167 14 17
frame - 165
5
137 253 29 40
310 362 20 33
894 446 12 14
894 451 12 13
313 366 21 35
frame - 166
6
131 247 31 42
207 349 23 37
309 361 22 35
894 450 13 14
894 446 13 14
314 365 24 36
frame - 167
3
894 451 12 13
310 360 22 35
894 447 11 13
frame - 168
5
123 240 29 39
893 447 11 13
895 451 11 14
203 348 22 37
310 358 22 38
frame - 169
5
117 237 29 42
893 447 11 13
894 451 11 13
203 347 21 38
997 454 10 14
frame - 170
4
112 236 28 41
894 451 11 14
892 447 11 13
197 346 22 38
frame - 171
4
107 235 28 43
196 342 23 36
893 451 12 14
891 447 11 13
frame - 172
4
194 340 24 38
100 235 27 41
893 451 11 14
891 447 11 13
frame - 173
5
90 236 31 42
192 336 23 42
892 451 12 14
892 447 11 13
993 455 10 14
frame - 174
5
82 236 31 45
191 334 22 43
892 450 12 15
992 454 10 14
891 447 12 13
frame - 175
5
189 337 21 37
77 239 28 42
991 454 10 14
892 450 11 15
892 446 11 14
frame - 176
4
182 336 22 38
991 454 10 14
892 450 11 15
891 446 11 14
frame - 177
8
175 334 25 43
55 243 29 41
53 325 36 51
100 322 30 54
991 454 10 13
891 451 12 14
67 326 36 53
516 168 14 15
frame - 178
6
43 238 34 43
170 335 27 42
91 323 31 50
891 451 11 14
992 453 10 14
516 167 14 16
frame - 179
5
38 236 31 43
167 337 25 40
891 451 11 14
991 454 10 14
516 167 14 16
frame - 180
5
29 234 35 44
164 336 25 42
34 316 39 47
893 451 10 14
888 447 11 13
frame - 181
3
26 231 34 44
159 338 26 41
891 451 11 14
frame - 182
3
21 227 34 47
155 338 26 41
891 451 11 14
frame - 183
3
16 226 35 48
152 338 25 40
891 452 12 13
frame - 184
3
10 223 38 50
147 338 25 40
276 363 20 38
frame - 185
2
7 222 36 48
145 337 24 40
frame - 186
4
2 222 36 46
141 334 24 42
516 167 14 16
279 360 17 34
frame - 187
4
1 221 33 49
138 329 25 40
282 361 14 34
516 167 14 16
frame - 188
4
1 221 28 50
135 328 25 41
278 360 16 35
987 459 9 13
frame - 189
4
0 219 28 58
134 326 25 44
3 300 28 41
516 167 14 16
frame - 190
4
131 327 26 41
1 299 22 41
3 388 44 79
517 167 13 16
frame - 191
3
130 326 25 40
1 293 17 41
516 168 14 15
frame - 192
3
131 325 22 35
2 381 41 98
985 455 10 14
frame - 193
1
128 326 23 40
frame - 194
1
122 326 25 38
frame - 195
2
121 327 23 33
103 449 35 54
frame - 196
1
982 460 9 12
frame - 197
3
118 329 22 38
243 355 16 30
516 168 14 16
frame - 198
1
115 327 25 42
frame - 199
3
113 328 25 39
242 352 17 32
516 167 14 16
frame - 200
2
112 327 23 41
242 352 16 32
frame - 201
3
110 325 23 41
230 346 18 32
981 461 10 13
frame - 202
2
229 346 19 30
106 319 24 42
frame - 203
2
224 343 21 33
102 318 26 39
frame - 204
2
223 341 21 35
101 317 25 39
frame - 205
3
220 342 22 34
81 441 34 51
100 315 24 36
frame - 206
3
213 341 21 35
93 312 27 41
288 371 13 22
frame - 207
3
211 342 21 34
89 311 26 40
286 371 14 22
frame - 208
4
206 343 23 34
85 311 25 38
73 442 36 54
285 373 14 22
frame - 209
3
80 312 27 41
200 344 25 33
282 372 16 22
frame - 210
3
195 344 23 34
75 314 28 43
282 370 15 23
frame - 211
3
190 344 25 34
70 317 26 40
282 368 15 24
frame - 212
3
65 316 27 41
282 367 13 25
196 350 14 26
frame - 213
2
179 340 20 36
61 314 26 43
frame - 214
3
55 313 25 38
178 340 20 35
267 366 14 26
frame - 215
2
49 310 26 40
173 337 20 32
frame - 216
2
43 308 29 43
167 337 24 40
frame - 217
3
39 305 29 44
33 438 33 52
162 328 24 40
frame - 218
3
38 302 27 41
157 327 25 39
32 434 29 49
frame - 219
3
29 431 31 49
153 325 25 40
36 301 25 39
frame - 220
2
33 298 27 40
149 327 21 38
frame - 221
2
30 295 29 39
146 326 25 39
frame - 222
2
28 295 30 41
141 326 27 41
frame - 223
3
138 326 27 41
27 295 28 41
12 430 32 40
frame - 224
2
23 297 30 41
136 327 25 38
frame - 225
2
18 299 32 40
132 327 24 38
frame - 226
2
15 299 31 43
131 326 26 39
frame - 227
3
14 301 29 40
129 322 27 37
232 380 14 23
frame - 228
3
13 300 27 41
128 319 25 39
232 377 14 25
frame - 229
2
9 300 28 40
127 317 25 40
frame - 230
3
6 296 30 42
123 315 26 36
230 374 15 23
frame - 231
3
3 293 29 42
122 313 25 37
228 373 16 22
frame - 232
3
1 291 28 41
117 310 27 41
229 357 17 27
frame - 233
2
112 308 29 44
0 287 26 42
frame - 234
2
110 309 28 41
0 283 23 41
frame - 235
2
106 309 29 42
0 282 19 41
frame - 236
3
101 309 30 42
215 370 16 24
0 282 16 41
frame - 237
3
96 311 29 40
215 369 16 27
219 359 17 26
frame - 238
3
93 312 29 39
218 359 17 26
215 366 15 25
frame - 239
3
90 311 26 39
217 357 18 29
214 363 17 28
frame - 240
3
86 310 26 38
216 357 18 28
216 362 14 26
