frame - 0
3
172 330 25 37
1 311 28 39
1044 467 11 15
frame - 1
3
167 330 26 37
1 309 26 38
1043 467 11 15
frame - 2
5
159 324 29 42
0 306 24 36
240 345 23 32
1040 468 11 14
413 350 22 33
frame - 3
4
0 306 20 35
160 321 27 40
243 347 20 30
1041 468 10 14
frame - 4
4
155 320 29 41
0 307 17 34
239 345 23 32
1040 468 10 14
frame - 5
4
150 317 30 44
0 307 16 34
1038 468 11 15
237 344 22 32
frame - 6
3
148 315 29 45
0 308 14 32
1041 469 10 15
frame - 7
3
149 315 28 42
229 338 21 30
1041 468 10 15
frame - 8
3
147 314 23 36
227 336 21 29
1040 469 11 15
frame - 9
4
144 313 26 38
226 332 19 25
294 365 16 27
1040 469 11 15
frame - 10
5
141 313 27 39
220 332 20 27
295 364 15 27
390 350 21 28
1039 468 11 15
frame - 11
5
140 315 26 36
213 328 23 30
385 345 24 31
283 358 16 27
289 359 18 26
frame - 12
6
211 328 22 29
139 315 24 36
283 357 17 27
288 358 18 27
384 342 23 33
1038 466 12 16
frame - 13
4
208 327 22 31
138 314 24 37
132 314 23 37
1040 467 11 15
frame - 14
4
205 328 22 29
135 313 26 39
130 315 26 41
380 337 25 31
frame - 15
3
127 312 30 41
200 327 24 30
380 336 25 32
frame - 16
3
126 311 29 40
197 328 23 30
381 336 24 31
frame - 17
3
126 308 27 41
195 328 21 29
280 347 19 28
frame - 18
3
120 305 30 43
193 328 20 28
279 348 20 28
frame - 19
5
116 303 30 40
185 327 23 29
277 351 20 27
379 342 24 33
1042 467 10 15
frame - 20
4
114 299 31 43
182 325 21 31
381 343 22 32
275 354 20 29
frame - 21
4
109 297 30 42
178 322 21 29
381 343 22 32
1041 467 11 15
frame - 22
3
104 297 30 42
175 320 21 29
381 344 22 32
frame - 23
3
99 298 30 42
170 317 22 32
382 341 23 34
frame - 24
3
95 297 29 43
166 316 24 32
382 340 24 34
frame - 25
3
91 297 28 43
382 336 23 31
165 314 24 33
frame - 26
3
86 299 28 42
380 334 24 32
160 314 25 34
frame - 27
3
85 300 25 41
159 317 22 31
379 331 24 30
frame - 28
3
76 298 28 44
158 317 22 32
377 326 24 33
frame - 29
5
69 296 30 46
377 325 24 33
156 319 21 31
569 389 17 26
516 166 13 16
frame - 30
3
375 324 25 34
63 293 30 42
151 318 25 32
frame - 31
3
63 291 28 41
375 325 24 33
149 319 22 30
frame - 32
5
57 287 31 44
147 317 24 32
237 345 23 30
371 330 25 36
791 453 12 16
frame - 33
6
54 286 29 44
146 316 23 33
235 347 22 30
370 330 26 36
790 453 13 16
516 167 13 15
frame - 34
5
52 285 30 43
144 314 24 34
368 330 26 36
228 346 23 29
790 452 12 17
frame - 35
4
46 283 32 43
142 313 24 35
225 345 23 31
367 331 25 35
frame - 36
5
46 282 30 45
139 310 26 38
365 332 24 35
220 343 20 25
588 387 19 26
frame - 37
4
44 282 30 46
138 308 23 34
215 342 20 32
363 331 23 36
frame - 38
4
43 284 29 44
136 307 23 34
213 339 20 28
589 388 17 26
frame - 39
4
39 285 31 45
129 306 26 36
209 336 22 31
354 330 26 37
frame - 40
3
37 284 31 48
129 308 25 39
354 322 25 36
frame - 41
3
37 283 31 49
354 321 25 38
129 309 23 38
frame - 42
3
37 283 31 48
126 310 22 38
353 319 26 38
frame - 43
3
37 280 30 49
122 310 23 38
352 313 26 37
frame - 44
5
34 279 31 48
350 313 27 38
115 311 24 37
597 398 18 25
197 330 22 33
frame - 45
6
33 277 32 48
111 310 25 40
406 377 18 36
351 318 25 40
196 331 22 35
269 333 21 32
frame - 46
6
29 275 32 46
108 310 24 38
352 319 24 39
196 331 21 34
269 335 20 30
409 379 16 34
frame - 47
4
25 272 32 46
193 331 23 35
352 319 24 39
101 306 26 37
frame - 48
5
21 270 34 47
96 302 27 40
192 331 22 34
354 319 22 39
1043 471 10 13
frame - 49
4
18 269 33 48
190 331 23 35
95 301 26 39
354 319 22 38
frame - 50
4
13 269 35 47
188 331 24 35
91 299 28 39
354 317 23 40
frame - 51
4
10 269 35 49
88 298 28 41
354 317 23 40
187 330 23 36
frame - 52
6
7 268 34 50
87 300 26 38
186 326 23 34
354 316 23 43
269 334 20 32
264 333 19 33
frame - 53
5
2 270 33 50
353 311 25 38
84 301 27 39
184 322 24 35
262 332 21 33
frame - 54
5
1 271 30 50
78 299 29 42
353 310 26 39
180 335 25 40
261 327 21 31
frame - 55
5
0 271 27 49
78 301 27 40
352 308 28 41
259 324 22 32
178 316 23 34
frame - 56
6
0 272 21 45
76 303 27 39
352 302 27 38
258 320 21 30
175 313 24 37
176 330 23 38
frame - 57
6
351 302 28 37
171 312 25 39
74 305 26 39
0 273 17 41
255 321 21 30
774 453 12 16
frame - 58
4
350 300 29 39
71 304 26 39
168 312 24 39
775 453 11 15
frame - 59
5
350 302 28 38
73 304 23 38
246 320 21 30
166 313 24 35
775 451 11 17
frame - 60
5
349 304 28 36
242 321 23 34
160 313 27 36
71 304 24 38
774 451 12 16
frame - 61
3
350 304 26 37
241 324 22 33
160 314 24 36
frame - 62
4
348 304 26 37
64 299 25 43
234 325 25 34
154 315 24 35
frame - 63
4
64 297 25 45
346 304 25 36
921 459 11 15
228 326 23 33
frame - 64
4
62 294 24 41
342 302 26 36
146 315 23 34
227 334 23 32
frame - 65
5
57 292 25 41
218 324 26 35
336 302 27 37
143 332 26 42
142 312 24 40
frame - 66
4
57 290 24 40
334 299 29 41
213 322 22 36
136 311 26 38
frame - 67
4
55 290 24 43
210 320 23 38
332 311 26 40
139 328 23 39
frame - 68
3
330 293 27 40
132 305 22 36
53 291 21 38
frame - 69
4
328 292 27 39
47 290 25 42
206 316 21 34
130 301 23 37
frame - 70
4
324 289 28 40
43 291 25 43
128 300 23 38
204 313 21 36
frame - 71
3
38 291 27 44
318 285 30 39
125 298 24 41
frame - 72
4
319 284 27 38
31 290 28 42
198 308 21 33
123 299 24 40
frame - 73
4
29 288 26 44
196 307 22 34
317 285 25 37
119 300 25 39
frame - 74
4
21 283 28 41
196 307 22 34
313 286 27 36
117 301 24 39
frame - 75
4
16 281 28 42
114 301 25 41
313 287 24 35
195 308 23 34
frame - 76
4
193 311 24 37
113 302 25 39
16 279 25 42
311 293 24 37
frame - 77
4
8 273 29 42
111 300 26 42
191 313 25 37
310 292 24 36
frame - 78
4
110 301 25 39
5 268 29 42
187 315 28 37
516 166 14 16
frame - 79
4
106 299 26 41
3 265 29 42
187 315 27 41
516 166 14 16
frame - 80
4
187 314 27 38
2 263 28 45
103 296 28 43
516 167 14 15
frame - 81
4
186 312 28 40
100 291 28 44
0 263 28 45
302 286 26 36
frame - 82
2
185 312 26 38
97 291 26 40
frame - 83
2
94 288 28 44
0 265 22 40
frame - 84
4
179 306 23 35
90 288 27 45
295 275 27 40
0 266 20 38
frame - 85
3
172 302 26 39
85 283 27 41
288 269 30 45
frame - 86
3
285 266 32 47
169 302 25 38
81 283 26 41
frame - 87
4
282 266 32 45
78 284 26 39
167 299 23 34
276 421 19 28
frame - 88
3
278 268 31 44
70 284 31 45
160 301 26 38
frame - 89
4
272 268 31 46
158 300 25 41
67 304 29 50
65 285 28 45
frame - 90
4
271 273 29 41
62 286 29 45
152 302 28 39
62 301 29 52
frame - 91
4
266 272 30 43
55 284 29 46
56 301 29 53
152 307 24 40
frame - 92
4
258 272 32 44
46 283 30 48
144 307 25 40
46 297 32 54
frame - 93
6
255 271 30 45
42 281 28 44
139 307 25 41
44 300 30 52
495 400 11 21
1061 488 9 13
frame - 94
5
38 279 29 46
249 267 29 46
359 394 15 27
248 283 29 45
494 400 12 20
frame - 95
5
34 274 29 52
127 302 27 39
242 263 30 43
35 286 31 58
295 258 27 39
frame - 96
5
235 259 33 45
31 272 30 48
123 302 28 38
34 287 31 56
292 257 30 43
frame - 97
3
226 254 35 47
29 270 31 48
120 302 25 37
frame - 98
4
222 249 36 48
24 272 33 52
113 294 26 38
24 282 35 57
frame - 99
4
219 244 36 47
23 282 32 54
21 270 32 50
112 287 27 43
frame - 100
5
217 243 35 46
19 283 31 54
110 281 29 43
19 268 31 50
901 452 12 15
frame - 101
5
213 243 36 46
109 278 30 44
14 271 31 46
17 287 32 53
904 450 12 16
frame - 102
4
211 243 33 47
13 272 31 45
109 276 30 45
906 450 12 15
frame - 103
5
11 273 31 44
207 245 35 49
108 276 31 44
908 449 12 15
909 445 12 15
frame - 104
5
204 244 35 48
7 273 33 45
105 276 32 44
908 450 12 15
909 446 12 14
frame - 105
6
204 247 33 46
103 278 30 45
7 271 30 45
6 284 34 58
909 450 12 15
909 446 12 14
frame - 106
6
203 247 34 50
100 278 31 44
3 269 31 47
4 281 32 55
909 450 12 15
909 446 12 14
frame - 107
6
201 246 34 48
98 278 31 44
0 264 29 43
3 284 30 53
909 450 11 15
909 446 12 14
frame - 108
4
198 245 34 46
98 277 31 44
0 262 28 43
908 451 12 14
frame - 109
7
196 243 34 44
96 275 33 46
0 260 25 47
907 451 11 14
909 446 11 14
198 268 34 42
769 443 13 16
frame - 110
5
193 236 34 53
96 270 30 47
908 451 11 15
0 255 23 46
769 442 13 17
frame - 111
5
189 235 35 50
94 268 31 47
904 452 12 15
1057 491 10 14
769 442 13 17
frame - 112
5
186 228 35 52
90 265 35 45
902 453 12 14
1056 491 10 14
879 510 11 15
frame - 113
5
183 226 34 51
87 260 34 45
899 453 12 15
879 508 10 15
1056 497 10 13
frame - 114
5
177 223 35 52
84 256 30 44
899 453 12 14
877 508 10 16
1057 495 9 14
frame - 115
6
170 221 37 52
80 253 29 44
899 452 12 14
875 509 11 15
1056 497 10 13
436 400 15 23
frame - 116
7
167 219 37 55
75 248 31 45
899 452 11 14
874 510 10 15
1056 496 9 13
434 399 16 24
874 506 10 15
frame - 117
4
161 218 37 55
66 249 33 44
899 452 11 14
1057 495 9 14
frame - 118
3
153 222 39 59
63 248 31 47
897 451 11 15
frame - 119
4
149 225 36 54
58 251 33 44
897 451 11 15
1051 490 9 14
frame - 120
6
51 252 33 48
144 227 34 52
896 451 11 15
1053 490 9 14
266 323 25 35
1053 492 10 16
frame - 121
6
135 226 36 51
42 254 35 51
895 451 11 15
32 316 35 49
1050 491 10 14
136 250 36 53
frame - 122
6
126 224 38 58
40 256 33 49
894 451 11 15
253 316 29 40
1047 491 10 13
771 441 13 17
frame - 123
6
121 219 36 56
31 254 32 47
895 450 11 16
252 311 28 40
1047 491 9 13
895 446 10 14
frame - 124
7
116 216 35 53
24 251 35 47
249 308 31 42
896 450 11 15
895 446 10 14
1048 491 8 13
613 423 13 18
frame - 125
10
109 210 37 55
246 303 30 46
17 247 33 48
898 450 10 15
895 446 10 14
896 452 10 14
993 449 10 15
611 422 13 19
243 363 23 41
1045 490 8 13
frame - 126
9
103 207 38 53
11 245 33 43
246 300 27 41
895 451 10 14
893 446 10 14
993 448 10 16
892 452 9 13
611 421 12 19
1044 491 8 13
frame - 127
10
99 202 39 53
5 241 34 44
246 300 26 38
896 451 10 13
894 446 11 14
994 448 10 16
609 420 12 20
892 451 9 14
962 511 9 15
1044 492 9 12
frame - 128
11
92 199 40 52
2 235 32 44
243 298 28 40
995 449 11 15
894 447 10 13
896 451 10 13
967 495 8 14
607 420 14 20
891 451 10 13
1046 491 9 12
994 447 11 14
frame - 129
12
89 196 38 52
0 230 29 41
965 497 9 13
995 449 11 16
243 298 27 40
891 447 10 13
897 451 10 14
607 419 13 21
963 497 8 12
400 393 21 35
1047 491 8 12
894 451 10 14
frame - 130
13
84 194 39 53
241 297 28 43
963 497 9 13
995 450 11 15
896 450 11 15
892 446 10 14
0 227 26 42
398 391 21 31
892 451 10 14
1049 492 9 11
70 386 27 37
1049 494 9 12
606 419 13 21
frame - 131
11
79 196 40 52
237 298 31 43
885 452 10 13
995 450 11 15
1051 492 9 12
1050 494 9 12
397 391 20 31
961 494 9 13
890 447 10 13
976 479 10 13
606 420 13 20
frame - 132
8
75 197 39 53
236 299 31 43
996 450 11 15
880 453 9 13
1052 492 8 11
1050 494 9 12
605 420 14 20
970 479 10 13
frame - 133
7
70 197 39 55
236 298 30 43
997 449 10 16
879 452 10 14
605 421 13 20
1050 495 9 12
1051 492 8 12
frame - 134
6
65 196 42 61
236 297 28 44
996 449 11 16
385 385 22 36
876 452 10 13
962 473 10 13
frame - 135
3
63 196 40 64
234 295 29 45
996 448 10 16
frame - 136
4
59 195 39 60
231 294 32 46
996 448 11 16
381 383 23 35
frame - 137
5
56 192 41 62
230 290 30 43
996 448 11 16
381 383 23 36
1050 492 8 12
frame - 138
4
52 190 42 58
228 283 29 46
380 384 24 36
995 449 11 15
frame - 139
4
49 182 40 66
223 280 29 44
379 385 24 35
996 450 11 15
frame - 140
5
43 180 40 58
221 276 29 44
996 450 12 15
377 386 23 35
594 421 14 20
frame - 141
8
40 172 39 63
216 272 29 45
997 451 11 15
378 386 23 35
592 421 14 20
886 410 13 18
883 407 13 17
373 387 21 33
frame - 142
5
37 169 38 58
212 270 29 45
996 451 11 15
591 420 14 20
374 387 21 33
frame - 143
5
28 165 42 58
207 269 32 46
995 451 11 15
590 420 14 21
901 445 10 14
frame - 144
6
22 163 43 58
204 271 30 43
994 451 12 15
902 447 12 16
901 445 11 15
589 420 14 20
frame - 145
4
15 163 43 60
201 275 30 42
993 452 11 15
900 449 12 15
frame - 146
5
9 161 44 64
196 278 30 41
992 451 12 15
899 446 12 16
372 380 20 31
frame - 147
6
2 164 44 62
192 279 29 44
900 448 13 16
992 451 12 15
370 378 20 33
899 445 12 15
frame - 148
5
1 165 35 66
187 278 29 42
368 377 20 34
899 448 12 15
994 452 11 14
frame - 149
5
181 276 28 43
0 165 30 69
367 377 21 33
899 447 13 16
995 451 10 15
frame - 150
7
176 351 43 53
175 272 29 45
900 448 13 16
0 164 26 72
899 445 12 15
365 376 21 34
995 450 11 15
frame - 151
5
172 273 28 45
900 449 13 15
996 450 11 15
361 375 24 34
899 446 11 14
frame - 152
4
167 268 29 51
997 451 11 15
901 450 11 15
878 480 10 14
frame - 153
5
997 451 11 15
163 265 29 50
357 377 22 34
901 450 11 15
879 480 10 14
frame - 154
4
998 452 11 14
163 259 28 47
900 451 12 14
879 480 10 14
frame - 155
3
157 254 32 53
998 454 11 13
900 450 11 15
frame - 156
4
157 252 31 43
999 454 11 14
900 450 11 14
899 447 11 13
frame - 157
3
999 456 11 13
899 450 11 14
898 447 11 13
frame - 158
4
156 252 29 40
898 451 10 14
897 447 10 13
999 456 10 13
frame - 159
4
897 451 11 14
897 446 11 14
220 345 21 32
999 456 10 13
frame - 160
6
151 255 28 41
897 451 11 13
897 447 11 13
999 456 10 13
345 328 27 41
216 342 23 36
frame - 161
6
147 257 30 41
896 451 11 13
896 446 11 14
216 343 22 35
517 167 13 15
999 456 10 13
frame - 162
6
143 258 29 39
896 451 11 13
999 456 11 13
896 446 11 14
517 167 13 15
217 343 21 36
frame - 163
7
140 257 31 39
214 344 21 33
895 450 12 14
1000 456 10 13
896 446 11 14
315 365 21 37
517 167 13 16
frame - 164
9
138 255 31 40
314 364 22 37
894 450 12 14
1000 455 10 13
895 446 12 14
213 345 19 31
516 167 14 16
310 360 21 36
834 433 14 17
frame - 165
9
311 362 19 33
137 253 29 39
894 451 12 13
894 446 12 14
1000 455 10 13
516 167 14 16
210 347 19 31
313 365 21 35
835 434 13 16
frame - 166
8
130 247 32 41
894 451 13 13
207 348 22 38
310 361 22 35
895 446 12 14
315 364 24 36
999 455 11 13
516 167 14 15
frame - 167
5
895 451 11 13
895 446 12 14
310 359 23 36
1000 455 10 13
128 243 28 42
frame - 168
6
122 240 30 39
895 451 11 13
895 447 11 12
310 358 24 37
999 455 10 13
202 348 23 36
frame - 169
7
116 237 30 41
998 455 10 13
894 451 11 13
894 447 11 12
201 346 23 38
311 359 21 37
317 362 22 38
frame - 170
6
111 236 29 42
894 451 11 13
894 447 10 13
996 455 9 14
197 346 23 38
784 433 12 17
frame - 171
6
107 235 28 43
894 451 11 14
893 447 10 13
195 342 25 37
994 459 9 13
994 456 10 13
frame - 172
6
193 340 25 38
100 235 27 41
893 451 11 14
893 447 11 13
992 459 10 13
993 456 10 13
frame - 173
7
90 236 31 41
192 336 23 41
893 451 11 14
893 447 11 13
991 458 10 14
993 455 10 14
516 167 13 16
frame - 174
7
82 236 31 44
192 334 22 42
892 450 12 15
992 454 10 15
893 447 11 13
990 457 10 14
516 167 14 15
frame - 175
8
188 337 22 37
77 239 29 41
991 454 10 14
892 451 12 13
893 447 11 13
987 457 10 14
516 167 13 15
991 459 10 13
frame - 176
7
182 335 23 39
991 454 10 14
892 451 11 14
892 447 11 13
988 456 10 14
993 460 9 12
516 167 13 15
frame - 177
11
174 334 27 43
53 325 37 51
54 243 30 41
102 323 29 53
65 326 37 52
991 454 10 13
892 451 11 13
892 447 11 13
517 167 13 15
987 456 10 13
990 462 8 12
frame - 178
8
42 239 35 42
169 335 28 42
92 323 31 49
991 454 10 13
891 451 11 14
890 447 11 12
989 455 9 14
517 167 13 15
frame - 179
7
37 236 32 42
167 337 25 39
892 451 11 14
991 454 9 14
891 447 10 12
517 167 13 15
791 434 11 16
frame - 180
7
29 234 35 44
163 336 26 42
34 317 40 46
892 451 11 14
890 447 10 12
991 454 9 13
517 167 13 15
frame - 181
6
26 231 34 44
159 338 27 41
892 451 11 13
890 447 10 12
990 454 10 14
988 465 8 12
frame - 182
5
20 227 34 46
155 339 26 39
892 452 11 13
987 468 9 12
292 365 16 29
frame - 183
5
16 227 35 47
152 338 26 40
892 452 11 13
987 470 10 12
853 434 13 16
frame - 184
7
10 223 38 49
147 338 25 39
892 451 11 13
277 363 20 38
986 464 9 12
986 460 9 13
854 433 14 17
frame - 185
6
6 222 38 48
144 337 25 39
986 459 10 13
516 167 14 15
890 451 11 13
855 432 13 17
frame - 186
5
2 222 36 46
140 334 25 42
279 359 17 35
986 460 10 13
517 167 13 15
frame - 187
5
1 221 33 49
137 329 26 40
282 361 14 33
986 460 10 13
516 167 14 15
frame - 188
5
1 221 28 50
134 328 26 40
987 460 10 13
278 360 16 35
5 296 27 37
frame - 189
6
134 327 25 41
0 219 27 58
987 459 10 13
804 431 14 19
517 167 13 15
2 300 29 41
frame - 190
4
131 327 26 41
1 299 21 42
986 460 10 13
804 432 14 19
frame - 191
5
129 326 26 40
986 458 9 13
1 293 17 41
987 456 10 13
517 167 13 15
frame - 192
5
130 326 23 38
2 380 41 97
986 456 9 13
985 460 9 12
27 299 27 44
frame - 193
2
128 327 23 39
984 455 10 14
frame - 194
3
121 326 27 38
984 456 9 14
517 167 13 15
frame - 195
5
120 327 24 33
102 448 36 55
983 457 10 13
982 459 9 13
516 167 14 15
frame - 196
3
983 457 10 13
982 460 9 12
854 432 13 16
frame - 197
4
118 329 22 38
242 355 17 30
981 460 10 13
516 167 14 16
frame - 198
3
114 327 26 43
243 355 17 30
983 459 9 13
frame - 199
3
113 328 25 39
241 352 17 32
982 462 9 12
frame - 200
3
112 327 23 41
982 460 10 13
242 352 16 31
frame - 201
3
109 325 25 41
981 461 10 12
230 346 19 32
frame - 202
3
229 346 19 30
106 319 24 42
982 460 10 14
frame - 203
3
224 343 21 33
102 319 26 38
982 459 9 14
frame - 204
3
223 341 22 35
101 318 24 38
981 461 9 12
frame - 205
4
220 343 22 33
80 440 34 50
100 315 24 36
981 460 9 13
frame - 206
4
214 341 21 35
92 313 28 40
288 371 13 22
981 462 9 12
frame - 207
4
88 311 27 39
211 342 21 34
287 371 13 22
982 461 8 12
frame - 208
4
206 343 23 34
85 312 25 37
73 441 37 54
285 373 14 22
frame - 209
4
79 312 28 40
200 344 25 32
282 372 16 22
983 462 8 11
frame - 210
4
195 344 23 34
75 314 28 42
282 370 15 23
983 462 9 12
frame - 211
3
190 344 25 34
70 317 26 40
283 368 14 24
frame - 212
4
282 367 13 24
65 316 27 40
196 350 14 25
983 460 10 13
frame - 213
3
179 340 20 36
61 315 26 42
282 366 13 25
frame - 214
3
55 313 25 38
179 340 19 35
268 366 13 26
frame - 215
4
49 310 26 40
173 337 20 31
265 431 11 18
983 461 9 14
frame - 216
2
43 308 29 42
167 337 24 39
frame - 217
3
39 305 29 43
33 438 33 52
162 328 25 39
frame - 218
3
38 302 27 41
157 327 25 39
31 437 30 50
frame - 219
3
29 430 31 50
152 325 26 39
36 300 27 40
frame - 220
2
33 297 27 41
149 327 22 37
frame - 221
2
30 295 29 40
145 326 26 39
frame - 222
2
28 295 30 41
141 326 27 40
frame - 223
3
137 327 28 39
26 295 30 42
12 429 32 41
frame - 224
2
23 297 30 41
135 327 26 38
frame - 225
3
18 299 31 40
132 327 25 38
246 367 15 24
frame - 226
2
14 300 32 41
130 326 27 39
frame - 227
3
14 301 30 40
129 322 27 37
232 380 15 23
frame - 228
3
13 300 27 41
128 319 25 39
232 377 14 25
frame - 229
3
9 300 28 40
128 318 24 38
232 373 14 24
frame - 230
3
6 296 30 41
123 315 27 36
230 373 15 23
frame - 231
3
3 292 29 43
121 314 25 36
228 373 16 23
frame - 232
4
1 291 28 41
117 311 27 39
229 357 17 26
229 366 15 21
frame - 233
3
112 309 29 44
0 287 26 42
229 369 14 21
frame - 234
2
110 310 28 41
0 283 23 41
frame - 235
2
106 309 29 42
0 282 19 41
frame - 236
2
101 309 30 42
214 371 17 24
frame - 237
4
96 312 29 39
215 368 17 26
219 359 17 26
848 420 15 19
frame - 238
4
93 312 29 38
218 359 17 26
216 365 15 25
848 420 16 19
frame - 239
4
89 311 27 38
217 358 18 27
215 362 16 27
849 420 14 20
frame - 240
4
86 310 26 38
217 357 18 28
216 361 15 26
849 421 16 19
