frame - 0
5
173 325 27 44
4 310 24 37
246 337 20 30
416 346 22 30
378 368 17 27
frame - 1
5
168 325 29 43
1 307 26 36
244 339 20 28
414 348 22 29
372 368 19 25
frame - 2
6
164 324 28 41
0 304 23 37
504 369 25 33
239 342 22 34
411 348 22 30
369 368 18 25
frame - 3
4
0 303 20 37
238 343 23 33
162 325 26 39
411 350 21 33
frame - 4
6
159 320 27 40
0 303 17 38
237 342 23 35
408 351 22 33
507 376 23 30
363 372 19 25
frame - 5
5
155 316 28 42
0 305 14 36
401 351 22 33
232 339 27 36
516 373 23 29
frame - 6
6
151 314 29 42
398 351 22 34
0 307 11 33
234 337 22 31
519 375 22 29
4 364 23 39
frame - 7
5
150 312 29 42
230 336 22 32
395 352 22 32
0 310 8 31
2 360 21 48
frame - 8
5
147 312 29 43
226 335 24 29
524 371 22 31
392 351 23 32
1 363 18 45
frame - 9
3
144 312 29 44
224 332 22 32
388 349 23 31
frame - 10
5
143 312 27 43
219 330 22 31
385 347 23 35
288 353 21 33
0 368 13 47
frame - 11
4
380 341 25 36
140 314 27 42
213 327 23 32
0 368 11 44
frame - 12
3
138 314 28 43
379 339 25 36
210 326 24 33
frame - 13
3
136 315 27 43
208 327 22 31
378 336 25 39
frame - 14
4
133 312 28 45
205 327 22 30
377 333 25 36
279 349 21 33
frame - 15
5
130 311 30 44
203 328 21 29
379 332 24 36
277 348 20 29
532 378 21 33
frame - 16
3
128 308 31 45
378 332 27 38
198 329 22 30
frame - 17
4
125 306 31 45
196 329 19 28
376 333 26 40
542 381 20 30
frame - 18
5
122 306 29 42
377 335 27 41
190 327 22 30
276 348 21 29
658 352 24 30
frame - 19
5
118 301 30 44
378 338 25 39
185 326 23 31
273 349 22 29
657 352 25 30
frame - 20
4
114 298 31 45
378 340 26 37
269 353 24 30
182 324 20 27
frame - 21
4
111 297 30 44
378 341 25 36
265 354 24 30
178 323 20 27
frame - 22
5
106 295 32 45
379 340 24 36
173 320 22 29
257 357 26 35
659 359 24 29
frame - 23
4
102 295 31 44
170 318 22 29
379 339 24 37
260 352 23 33
frame - 24
4
96 296 32 44
166 316 24 31
382 336 24 38
260 354 21 31
frame - 25
4
95 296 28 42
381 333 25 40
166 315 22 31
257 354 24 32
frame - 26
4
88 295 32 45
379 331 24 37
162 315 22 31
255 360 23 33
frame - 27
3
81 297 33 44
379 328 23 36
158 315 25 33
frame - 28
3
77 296 31 45
156 315 24 33
377 326 24 33
frame - 29
5
68 294 35 47
377 324 24 34
244 346 22 30
273 373 21 23
792 452 14 18
frame - 30
5
64 292 34 46
376 323 24 35
243 338 22 28
154 317 22 32
790 451 15 18
frame - 31
4
62 289 32 45
240 340 21 27
374 324 25 36
790 451 15 18
frame - 32
4
57 285 32 45
147 316 25 32
370 325 26 41
237 342 22 33
frame - 33
5
54 283 33 45
146 315 25 32
369 327 25 39
232 350 24 34
576 388 19 26
frame - 34
4
52 281 31 47
367 327 24 38
144 313 26 34
226 340 26 37
frame - 35
5
48 281 31 46
366 327 23 38
223 342 26 35
592 386 16 28
669 372 21 31
frame - 36
6
46 280 32 49
364 327 24 40
140 310 24 32
221 341 22 28
667 369 23 33
593 385 17 27
frame - 37
5
43 279 32 49
362 325 23 41
138 307 24 35
216 340 21 29
670 370 21 32
frame - 38
6
40 281 33 48
212 338 21 28
137 307 23 33
590 385 20 28
357 321 23 38
275 345 23 33
frame - 39
6
38 281 33 49
209 335 22 31
274 344 25 33
356 320 23 38
591 386 20 28
132 307 25 33
frame - 40
5
34 282 36 49
130 307 25 33
206 333 22 32
354 317 24 39
274 342 22 33
frame - 41
4
35 282 34 51
127 308 26 33
352 313 25 39
204 330 21 29
frame - 42
4
35 281 34 51
350 311 26 40
123 308 26 35
202 328 23 32
frame - 43
5
33 279 35 52
349 310 27 40
199 328 25 35
445 403 18 25
542 423 15 20
frame - 44
5
32 276 35 53
348 310 28 41
272 331 23 34
115 310 26 37
541 422 15 19
frame - 45
3
30 274 35 51
348 311 26 40
195 328 24 36
frame - 46
6
28 273 34 50
348 312 27 38
106 309 26 36
193 329 24 32
266 333 23 31
445 405 16 24
frame - 47
6
26 270 33 49
347 312 27 41
100 306 28 35
191 330 23 30
265 333 24 32
811 449 17 18
frame - 48
6
21 267 35 52
97 303 27 37
347 314 27 39
189 330 23 35
679 377 20 26
811 448 16 18
frame - 49
6
18 267 35 51
95 300 26 38
187 330 24 37
347 314 27 40
676 378 19 27
812 449 15 17
frame - 50
8
14 265 35 54
265 335 23 31
90 298 29 39
349 313 26 39
187 329 24 36
441 408 17 23
811 449 16 18
525 425 15 22
frame - 51
7
10 266 36 54
186 327 24 32
350 312 26 40
265 334 23 32
88 298 28 36
812 449 15 18
522 425 16 23
frame - 52
7
7 266 34 54
349 310 28 42
186 325 24 33
87 300 26 34
264 330 24 33
811 449 16 18
605 390 21 26
frame - 53
6
0 267 37 55
348 307 28 41
85 304 26 34
184 322 24 34
262 328 23 31
811 449 16 19
frame - 54
5
0 269 32 54
348 303 29 44
260 324 24 34
80 306 27 33
811 449 16 18
frame - 55
5
0 268 26 54
349 300 27 44
260 322 22 34
178 315 24 34
811 450 16 17
frame - 56
5
348 297 28 42
0 269 19 48
254 317 25 37
175 313 23 35
434 401 15 23
frame - 57
5
347 295 28 43
0 269 12 44
172 310 23 36
770 451 14 17
433 399 15 25
frame - 58
3
347 295 29 43
169 309 24 34
770 451 15 17
frame - 59
4
346 295 28 42
166 311 24 32
770 451 14 17
626 398 18 26
frame - 60
5
345 296 29 42
69 306 28 34
244 320 23 35
771 451 14 17
627 399 18 25
frame - 61
4
345 297 28 43
239 324 24 32
158 315 25 33
771 450 14 18
frame - 62
6
344 299 27 42
154 315 24 32
234 325 25 33
771 450 14 18
65 301 26 32
813 447 15 18
frame - 63
5
341 301 28 40
771 451 14 17
230 325 26 32
151 315 25 34
813 447 15 18
frame - 64
5
337 300 27 39
771 450 14 18
498 421 15 20
223 334 29 39
144 314 24 34
frame - 65
5
335 297 26 41
221 327 25 35
772 450 14 18
141 314 23 32
696 388 16 23
frame - 66
5
331 295 28 42
137 309 24 33
55 290 28 34
772 451 14 17
214 324 25 33
frame - 67
6
330 293 27 41
135 307 25 32
54 290 26 35
211 326 22 31
771 452 15 17
618 399 22 23
frame - 68
5
326 291 27 40
52 294 24 30
207 325 21 32
772 452 13 17
131 305 24 31
frame - 69
4
325 288 27 41
129 304 22 28
770 451 14 18
814 448 15 17
frame - 70
3
125 300 25 33
325 284 26 40
814 449 15 17
frame - 71
4
319 283 29 41
123 298 25 35
40 296 25 34
769 452 13 17
frame - 72
3
319 281 28 42
122 299 25 34
767 450 14 18
frame - 73
7
315 282 29 40
194 306 27 40
120 298 24 36
28 291 25 38
767 450 14 18
483 411 16 23
813 449 15 17
frame - 74
4
312 281 29 40
23 286 26 34
765 450 14 18
117 300 26 37
frame - 75
4
310 283 29 40
115 302 25 38
16 282 27 37
765 450 14 17
frame - 76
4
310 285 28 38
190 311 25 39
113 304 24 36
765 450 13 17
frame - 77
5
189 311 26 41
110 302 26 36
307 285 29 41
11 275 25 37
765 449 14 18
frame - 78
6
186 315 25 36
7 270 27 35
109 300 24 36
306 284 29 44
764 448 14 18
639 403 15 25
frame - 79
6
108 298 24 35
186 316 24 35
305 286 28 42
3 266 26 40
764 448 14 18
809 441 16 19
frame - 80
6
105 295 25 36
303 282 28 43
185 315 25 36
3 266 25 36
764 448 15 18
810 440 16 20
frame - 81
6
301 280 29 41
185 312 26 39
102 292 26 37
1 263 26 35
764 449 14 17
810 441 16 19
frame - 82
5
298 276 30 45
183 311 26 39
98 289 25 35
0 263 23 40
764 449 14 18
frame - 83
5
296 272 30 45
94 286 26 35
180 310 28 38
764 450 14 18
0 263 22 39
frame - 84
5
292 269 29 45
91 284 25 36
176 309 26 33
764 449 15 19
860 390 20 24
frame - 85
6
289 266 31 49
86 283 27 38
171 306 25 33
765 449 14 19
0 262 19 35
862 390 20 24
frame - 86
6
286 264 31 48
168 304 25 35
379 390 20 31
83 284 26 36
766 449 14 19
863 390 19 25
frame - 87
5
281 264 32 45
76 285 27 35
166 302 23 31
374 390 21 30
766 449 15 19
frame - 88
5
278 265 31 45
73 285 27 36
298 402 26 40
767 449 14 19
161 301 28 38
frame - 89
5
272 265 34 47
292 396 25 44
68 288 24 34
158 302 26 37
768 448 14 19
frame - 90
4
270 267 31 45
62 288 26 35
152 305 25 35
770 447 13 18
frame - 91
6
266 268 31 43
55 285 27 37
150 305 25 37
861 390 19 24
816 441 15 19
770 446 14 19
frame - 92
6
259 268 32 43
145 309 26 37
49 285 27 39
816 441 15 18
860 389 18 24
363 396 19 29
frame - 93
5
251 266 33 46
45 283 24 36
142 312 23 34
863 390 17 23
816 442 14 17
frame - 94
5
135 305 24 36
41 280 24 36
245 264 30 48
862 389 17 23
815 441 15 18
frame - 95
5
240 261 31 47
129 307 25 34
35 276 25 37
858 389 19 24
816 441 15 18
frame - 96
5
232 257 32 46
31 273 27 39
860 390 20 23
816 440 15 18
120 303 25 34
frame - 97
4
228 253 32 46
30 271 26 38
859 389 20 24
816 440 15 18
frame - 98
4
224 248 32 47
25 268 28 40
116 297 24 37
816 440 15 18
frame - 99
3
219 245 35 46
22 268 30 40
816 440 15 19
frame - 100
5
217 243 35 45
112 286 27 37
21 268 27 38
816 441 15 18
771 448 14 17
frame - 101
5
214 242 34 44
15 269 29 44
113 286 24 34
816 441 15 18
770 448 15 17
frame - 102
5
211 243 33 44
13 271 29 40
111 283 27 36
815 442 15 18
770 447 14 18
frame - 103
5
208 244 33 45
11 271 28 40
108 278 26 37
814 442 16 18
769 447 14 19
frame - 104
5
207 244 32 46
9 270 27 42
106 276 27 40
814 442 16 18
768 447 15 18
frame - 105
4
204 245 33 47
105 276 26 39
8 270 26 42
813 442 15 18
frame - 106
4
202 246 33 47
103 277 26 43
5 266 27 41
769 444 14 17
frame - 107
4
200 245 32 47
1 263 28 42
100 278 28 42
768 443 14 18
frame - 108
3
198 244 33 47
0 260 27 43
100 277 27 43
frame - 109
4
195 241 35 47
0 257 23 41
99 274 28 41
768 442 13 18
frame - 110
4
194 238 33 46
0 253 17 42
97 272 27 42
767 441 14 18
frame - 111
4
191 235 34 46
96 270 28 42
0 255 9 39
767 441 14 18
frame - 112
3
188 230 33 47
91 268 28 38
766 440 15 19
frame - 113
3
184 227 31 47
88 264 27 36
766 440 15 19
frame - 114
4
179 223 30 47
84 256 28 42
767 440 14 19
899 451 15 16
frame - 115
4
174 222 32 47
767 441 14 19
897 450 15 17
703 403 14 21
frame - 116
4
167 220 35 50
74 251 27 38
768 442 14 18
896 450 16 16
frame - 117
4
163 221 34 50
68 249 29 40
768 442 14 19
896 449 15 18
frame - 118
5
159 223 33 49
64 251 27 45
305 405 19 33
768 442 15 19
894 449 16 18
frame - 119
5
152 226 35 49
59 252 27 43
305 407 20 33
768 441 15 20
892 449 17 19
frame - 120
7
145 227 33 49
49 252 31 45
430 395 23 34
769 441 14 19
701 401 14 22
303 404 21 35
892 449 16 18
frame - 121
4
138 228 34 47
769 440 15 20
47 260 29 48
892 449 16 18
frame - 122
5
132 225 32 47
39 257 27 41
769 439 15 20
704 400 13 21
426 406 22 30
frame - 123
3
125 220 33 51
34 257 29 49
768 439 15 20
frame - 124
2
117 217 34 52
768 438 14 20
frame - 125
2
110 210 35 51
768 438 15 19
frame - 126
2
106 207 35 52
768 438 14 19
frame - 127
3
100 201 36 51
6 237 30 42
767 437 15 20
frame - 128
5
94 198 38 51
3 234 30 42
403 390 21 31
258 361 23 47
766 438 14 19
frame - 129
3
91 195 38 52
399 391 22 31
767 439 13 19
frame - 130
4
85 193 40 54
397 391 22 30
765 440 14 18
0 226 25 42
frame - 131
5
80 193 39 53
258 361 24 42
394 390 22 31
231 362 29 43
765 439 13 18
frame - 132
4
76 195 39 54
391 390 21 30
764 439 13 19
607 418 15 22
frame - 133
4
71 196 41 53
237 302 25 37
389 389 21 32
764 439 13 18
frame - 134
4
64 196 43 54
235 300 27 40
386 388 23 32
604 419 17 23
frame - 135
4
61 197 40 55
384 386 24 33
235 299 26 39
865 446 14 15
frame - 136
4
60 196 40 54
381 384 23 33
864 446 14 15
603 419 17 23
frame - 137
4
57 192 41 56
381 385 21 28
863 445 14 16
306 418 18 29
frame - 138
3
53 189 41 54
379 385 22 29
863 445 13 16
frame - 139
3
49 184 40 55
225 283 25 38
378 385 22 34
frame - 140
4
45 180 40 54
287 417 23 30
241 360 23 44
374 387 23 33
frame - 141
4
41 173 40 56
216 277 28 37
292 417 22 30
373 388 23 32
frame - 142
5
36 168 38 57
212 274 29 38
240 354 24 44
372 387 24 33
293 412 22 36
frame - 143
5
30 164 37 57
208 274 29 38
372 386 23 34
773 402 15 21
238 353 25 45
frame - 144
6
26 164 37 57
205 275 28 38
284 405 27 36
589 417 16 22
373 385 22 34
899 444 14 16
frame - 145
5
18 163 38 58
201 276 29 40
373 381 21 32
254 356 23 40
241 357 23 46
frame - 146
5
11 163 38 59
197 279 29 39
236 352 26 42
372 379 21 33
897 444 15 16
frame - 147
6
4 164 40 60
192 280 29 39
369 378 22 33
255 356 22 39
230 361 27 43
806 435 14 17
frame - 148
4
0 165 34 60
234 354 27 40
367 377 22 35
249 356 25 38
frame - 149
3
0 165 29 60
364 375 23 36
239 355 26 40
frame - 150
4
238 355 24 41
363 374 23 37
174 276 28 37
0 167 18 55
frame - 151
2
361 374 24 36
234 356 25 38
frame - 152
4
234 357 26 37
167 270 29 37
360 374 23 36
897 448 15 18
frame - 153
2
358 375 24 36
897 448 14 17
frame - 154
0
frame - 155
1
221 352 26 34
frame - 156
2
158 255 30 37
211 350 30 35
frame - 157
1
157 253 28 39
frame - 158
1
156 253 28 36
frame - 159
4
152 253 28 40
222 347 20 29
825 429 16 20
718 433 14 20
frame - 160
3
219 344 22 32
827 430 16 20
713 435 16 21
frame - 161
3
219 344 20 31
829 430 14 19
709 438 15 19
frame - 162
4
214 344 23 32
142 259 30 38
830 431 15 19
707 439 14 18
frame - 163
3
139 259 31 38
213 345 22 29
832 431 15 20
frame - 164
4
137 258 28 36
213 347 21 30
833 432 15 19
772 413 14 20
frame - 165
2
209 347 24 36
835 432 15 20
frame - 166
2
207 349 23 35
836 433 15 19
frame - 167
3
203 349 24 34
836 432 16 19
773 431 15 19
frame - 168
4
119 241 31 40
202 350 23 33
837 431 15 21
775 431 13 19
frame - 169
3
115 237 30 42
199 347 24 36
839 431 14 20
frame - 170
4
110 236 30 40
198 345 23 33
839 431 15 20
779 430 14 21
frame - 171
3
104 236 31 39
196 343 24 34
839 430 14 20
frame - 172
3
96 235 32 41
193 341 23 34
839 430 14 19
frame - 173
2
87 236 31 40
781 431 14 21
frame - 174
2
189 337 22 32
782 432 14 19
frame - 175
2
70 242 33 40
842 429 16 20
frame - 176
2
785 432 15 20
844 429 15 19
frame - 177
3
52 242 34 41
845 430 15 20
786 433 16 19
frame - 178
3
44 239 34 42
847 430 15 19
788 432 15 20
frame - 179
4
36 236 33 42
172 338 21 31
790 432 15 19
848 430 15 20
frame - 180
4
30 233 35 45
168 340 21 33
849 430 14 20
792 431 15 20
frame - 181
3
25 229 34 46
793 430 16 21
850 430 15 21
frame - 182
4
18 224 36 49
795 430 15 20
851 431 15 20
157 342 22 33
frame - 183
4
13 221 37 49
797 429 15 21
154 341 22 34
851 430 15 21
frame - 184
3
10 219 37 49
797 429 16 20
853 430 16 21
frame - 185
4
5 217 36 49
798 429 16 20
853 429 16 22
883 447 16 19
frame - 186
5
2 217 36 48
142 333 22 33
270 358 24 37
799 429 16 19
853 429 16 21
frame - 187
5
1 218 31 46
268 357 24 37
139 330 23 36
800 429 16 19
855 429 14 19
frame - 188
4
0 220 28 46
262 356 27 39
138 328 22 36
801 430 15 19
frame - 189
4
139 327 20 31
801 430 16 20
1 300 22 31
264 356 25 39
frame - 190
3
802 431 15 19
133 325 23 33
1 302 18 31
frame - 191
3
131 324 23 33
803 432 15 20
854 427 13 20
frame - 192
3
803 432 15 20
130 323 22 34
854 426 14 22
frame - 193
3
129 325 21 32
854 427 13 21
802 433 15 21
frame - 194
4
124 325 23 33
250 356 26 38
852 429 14 20
802 433 16 20
frame - 195
3
801 432 16 20
250 356 26 39
852 429 15 19
frame - 196
4
258 360 21 35
801 431 17 21
243 357 22 35
850 429 16 20
frame - 197
3
240 351 24 35
800 430 17 21
850 429 16 21
frame - 198
5
240 351 24 33
115 330 24 36
801 430 15 20
981 460 13 14
851 429 15 20
frame - 199
5
237 349 24 36
112 328 25 36
800 429 17 20
849 429 17 20
980 460 13 15
frame - 200
5
233 346 26 38
110 327 24 36
800 429 17 20
848 429 17 19
979 461 13 14
frame - 201
5
229 343 28 42
108 324 25 35
800 428 17 21
848 428 16 20
978 461 12 14
frame - 202
4
106 322 25 37
227 340 28 41
799 427 18 22
979 461 12 14
frame - 203
3
225 341 25 36
105 320 23 35
800 427 18 22
frame - 204
3
223 339 26 36
800 427 18 22
102 318 24 33
frame - 205
3
218 338 25 38
99 314 23 36
800 427 18 22
frame - 206
5
213 337 27 39
93 311 26 40
801 428 18 22
281 374 17 36
844 421 18 22
frame - 207
4
89 311 26 37
209 337 26 40
802 429 18 22
843 420 18 23
frame - 208
4
86 310 25 39
206 339 26 39
278 369 19 32
842 421 19 22
frame - 209
4
199 340 27 39
78 312 27 37
278 367 19 32
844 423 19 25
frame - 210
3
75 312 27 39
191 339 29 40
278 367 19 31
frame - 211
3
188 340 29 40
71 313 27 39
279 364 19 29
frame - 212
5
184 340 25 36
278 363 17 30
66 315 25 36
807 427 20 24
845 425 19 24
frame - 213
4
276 364 17 29
177 338 27 37
809 427 19 24
827 425 19 24
frame - 214
4
53 311 29 40
174 336 27 39
272 362 18 31
810 427 19 23
frame - 215
6
171 332 25 37
51 308 26 39
264 361 18 32
811 427 18 22
816 427 18 21
981 461 13 15
frame - 216
5
265 358 17 29
165 333 26 40
46 306 26 41
811 426 18 23
268 360 19 32
frame - 217
4
41 303 27 40
261 360 19 32
161 327 30 41
811 425 19 23
frame - 218
4
38 300 27 39
156 325 29 40
811 425 18 22
848 422 18 21
frame - 219
4
36 298 28 40
152 323 30 39
849 423 17 20
811 425 18 22
frame - 220
4
150 323 27 37
35 296 26 38
850 421 17 22
810 425 19 22
frame - 221
5
31 295 28 39
144 324 28 40
255 361 19 32
982 460 12 14
809 425 19 22
frame - 222
3
142 323 28 42
28 294 28 39
807 426 20 23
frame - 223
3
24 294 30 40
139 325 28 40
981 460 14 15
frame - 224
2
136 324 29 40
23 296 29 40
frame - 225
3
18 297 31 40
134 324 29 38
239 363 18 29
frame - 226
4
131 321 31 40
13 298 33 41
236 361 20 31
803 429 18 20
frame - 227
4
12 299 30 40
129 320 31 39
235 360 18 25
801 429 17 20
frame - 228
3
125 316 31 42
11 299 28 40
799 427 18 22
frame - 229
4
123 313 30 43
9 298 29 40
232 357 18 28
797 427 19 21
frame - 230
4
119 311 31 42
5 294 31 41
226 355 22 29
797 426 19 21
frame - 231
4
117 310 30 42
3 292 29 41
228 357 19 27
795 425 20 22
frame - 232
4
113 308 31 42
225 356 19 28
2 289 27 41
848 421 17 21
frame - 233
4
110 308 32 42
224 355 19 29
0 284 27 42
850 421 16 20
frame - 234
5
108 309 31 40
0 282 23 42
223 354 19 29
848 420 17 21
794 423 18 20
frame - 235
4
106 308 29 43
0 281 19 40
222 355 20 29
847 419 18 22
frame - 236
5
101 310 31 43
221 355 20 30
0 280 14 40
847 419 18 22
793 422 19 21
frame - 237
5
96 310 32 42
219 358 18 28
0 279 11 42
848 420 18 21
792 422 19 21
frame - 238
4
92 310 31 41
217 359 19 27
848 420 17 21
792 422 18 21
frame - 239
3
87 308 30 42
215 359 20 27
849 420 18 22
frame - 240
3
81 307 31 41
218 358 17 28
792 424 20 22
