frame - 0
1
531 439 17 20
frame - 1
1
532 439 16 20
frame - 2
2
532 439 16 20
1147 450 17 27
frame - 3
0
frame - 4
1
1246 485 20 24
frame - 5
1
1248 485 19 23
frame - 6
2
1250 486 18 22
1256 485 20 23
frame - 7
0
frame - 8
1
1169 464 21 21
frame - 9
1
1255 485 22 26
frame - 10
0
frame - 11
1
1259 485 20 26
frame - 12
0
frame - 13
0
frame - 14
1
1068 454 16 22
frame - 15
1
1069 455 16 22
frame - 16
1
1068 455 18 24
frame - 17
0
frame - 18
1
1069 453 20 31
frame - 19
1
1069 456 19 27
frame - 20
2
1069 457 20 27
543 448 13 18
frame - 21
1
543 448 13 18
frame - 22
2
1076 455 16 23
543 447 14 19
frame - 23
2
1074 457 17 25
543 447 14 19
frame - 24
1
545 448 13 18
frame - 25
1
546 448 12 18
frame - 26
1
547 449 12 18
frame - 27
1
548 449 12 17
frame - 28
1
548 449 13 18
frame - 29
1
548 448 13 18
frame - 30
1
549 449 13 17
frame - 31
1
549 449 13 17
frame - 32
1
549 448 14 18
frame - 33
2
1076 458 22 26
549 448 14 18
frame - 34
1
550 447 13 19
frame - 35
1
550 447 14 19
frame - 36
1
550 448 13 18
frame - 37
1
551 449 13 18
frame - 38
1
551 449 14 18
frame - 39
0
frame - 40
0
frame - 41
0
frame - 42
0
frame - 43
0
frame - 44
0
frame - 45
0
frame - 46
0
frame - 47
0
frame - 48
0
frame - 49
0
frame - 50
0
frame - 51
0
frame - 52
0
frame - 53
0
frame - 54
0
frame - 55
0
frame - 56
0
frame - 57
0
frame - 58
0
frame - 59
0
frame - 60
0
frame - 61
0
frame - 62
0
frame - 63
0
frame - 64
0
frame - 65
0
frame - 66
2
1104 457 15 19
418 424 19 27
frame - 67
1
1103 456 16 20
frame - 68
3
1102 455 18 21
1186 442 26 24
562 441 14 19
frame - 69
2
1103 455 17 20
1188 441 26 24
frame - 70
1
1104 455 18 20
frame - 71
0
frame - 72
1
424 425 17 25
frame - 73
2
1195 440 25 26
425 425 17 25
frame - 74
1
1196 441 25 25
frame - 75
1
1196 442 24 24
frame - 76
1
425 426 17 24
frame - 77
1
1198 441 26 24
frame - 78
0
frame - 79
0
frame - 80
0
frame - 81
0
frame - 82
2
1172 460 22 24
423 418 21 31
frame - 83
0
frame - 84
0
frame - 85
1
422 417 22 31
frame - 86
1
423 418 21 30
frame - 87
0
frame - 88
0
frame - 89
0
frame - 90
0
frame - 91
1
427 427 20 30
frame - 92
1
429 432 19 26
frame - 93
1
431 434 18 25
frame - 94
1
430 434 19 24
frame - 95
2
325 387 21 36
432 434 17 24
frame - 96
2
431 433 18 25
574 446 13 18
frame - 97
1
432 433 18 25
frame - 98
1
432 433 18 25
frame - 99
2
432 433 18 24
577 447 14 17
frame - 100
1
433 433 18 24
frame - 101
2
432 433 18 24
577 447 14 17
frame - 102
2
578 447 14 18
433 434 17 23
frame - 103
1
578 446 15 18
frame - 104
1
578 447 15 17
frame - 105
1
579 446 15 19
frame - 106
2
1195 461 26 32
580 447 14 18
frame - 107
3
1195 461 26 32
580 447 14 18
372 412 13 18
frame - 108
2
1196 461 26 31
580 447 14 18
frame - 109
2
1198 460 25 32
580 447 15 18
frame - 110
1
1199 461 26 33
frame - 111
3
1199 464 26 30
442 426 21 32
582 448 15 18
frame - 112
2
1203 460 25 33
582 448 15 18
frame - 113
2
1203 461 25 32
582 448 15 18
frame - 114
2
1205 460 25 34
443 429 21 28
frame - 115
3
1205 462 27 32
444 427 22 30
583 448 14 18
frame - 116
2
1206 461 26 33
444 427 22 31
frame - 117
2
1207 461 27 33
445 426 22 31
frame - 118
4
1207 462 27 31
446 425 22 32
1144 450 26 35
582 448 15 18
frame - 119
2
1210 465 24 28
446 426 22 31
frame - 120
4
323 413 25 45
1214 465 21 24
446 426 21 31
765 439 12 13
frame - 121
2
1216 465 21 25
447 427 21 30
frame - 122
1
1217 465 21 25
frame - 123
2
1219 465 20 25
765 439 12 13
frame - 124
1
1218 462 22 30
frame - 125
2
1218 465 23 27
766 439 12 13
frame - 126
3
1219 466 24 27
766 439 12 13
452 429 20 27
frame - 127
2
1220 465 26 29
766 439 12 13
frame - 128
3
1223 465 24 28
1158 449 22 35
453 428 20 27
frame - 129
5
1162 450 22 33
456 428 18 27
1225 461 25 32
589 447 14 19
767 437 12 13
frame - 130
4
1223 462 27 31
1164 449 21 34
590 447 14 19
455 426 19 29
frame - 131
3
1224 462 27 31
590 447 14 18
1165 449 21 33
frame - 132
3
1165 449 22 34
1226 461 28 32
590 447 14 19
frame - 133
3
1227 461 27 32
1168 450 20 28
458 434 18 23
frame - 134
2
1230 461 25 31
771 438 12 13
frame - 135
3
1231 461 25 31
1169 451 23 32
592 447 14 19
frame - 136
0
frame - 137
1
1229 459 30 33
frame - 138
3
1228 460 30 32
1170 450 25 33
771 438 13 13
frame - 139
2
1171 450 26 33
772 438 13 12
frame - 140
2
900 436 10 13
772 437 13 13
frame - 141
1
901 437 11 14
frame - 142
0
frame - 143
1
595 442 16 19
frame - 144
2
1234 457 36 37
595 441 16 20
frame - 145
2
1237 459 34 34
595 441 16 20
frame - 146
2
1239 459 33 34
596 442 15 19
frame - 147
3
1240 459 33 35
1180 450 24 29
596 441 15 19
frame - 148
2
1180 451 27 32
1242 459 32 36
frame - 149
2
1182 450 26 33
597 441 16 19
frame - 150
2
1185 450 24 33
468 432 16 20
frame - 151
1
1185 451 24 32
frame - 152
1
1185 450 26 33
frame - 153
1
1189 450 23 32
frame - 154
0
frame - 155
2
1191 450 26 33
468 438 16 18
frame - 156
1
1191 450 26 33
frame - 157
0
frame - 158
1
273 421 20 34
frame - 159
0
frame - 160
0
frame - 161
1
473 437 17 19
frame - 162
1
472 439 17 18
frame - 163
1
472 440 17 17
frame - 164
1
473 439 17 18
frame - 165
2
473 439 17 18
1204 459 20 26
frame - 166
2
1206 460 21 27
475 440 16 17
frame - 167
3
1209 461 21 26
475 438 17 19
605 444 15 20
frame - 168
2
1209 458 21 28
474 439 16 18
frame - 169
1
475 440 15 17
frame - 170
1
475 439 16 18
frame - 171
3
1213 457 20 29
606 445 15 18
476 436 16 20
frame - 172
1
607 446 14 18
frame - 173
2
607 445 15 18
476 432 17 23
frame - 174
1
607 445 15 18
frame - 175
1
1214 457 21 29
frame - 176
3
1214 457 23 29
607 445 16 18
475 432 18 23
frame - 177
3
1214 457 22 29
474 431 19 24
607 445 16 19
frame - 178
2
475 435 18 23
606 444 17 20
frame - 179
2
475 431 18 26
608 445 16 20
frame - 180
5
1222 456 22 31
610 447 15 19
282 418 12 19
478 434 16 23
918 440 11 16
frame - 181
3
1223 457 22 31
609 448 15 19
478 436 15 22
frame - 182
2
1225 458 22 30
610 448 15 19
frame - 183
2
610 447 17 19
477 435 17 24
frame - 184
3
611 448 16 18
1226 458 21 30
477 437 17 22
frame - 185
3
1227 459 21 28
611 448 17 18
477 439 16 20
frame - 186
3
1227 457 21 31
612 447 16 19
476 438 17 22
frame - 187
3
1228 457 21 30
611 447 17 20
475 437 18 23
frame - 188
3
1227 457 23 31
611 449 17 18
475 437 18 23
frame - 189
2
1229 457 23 35
611 449 18 19
frame - 190
3
1230 457 23 35
612 449 17 19
475 437 18 23
frame - 191
2
1230 458 24 34
474 437 20 23
frame - 192
2
1230 459 25 34
474 437 19 23
frame - 193
2
1233 460 24 33
474 435 20 25
frame - 194
2
473 435 20 25
927 442 13 16
frame - 195
3
472 435 21 26
1234 467 24 28
927 442 13 16
frame - 196
3
1236 467 22 27
472 435 22 26
928 443 12 15
frame - 197
3
1235 466 25 29
473 433 21 27
929 442 12 16
frame - 198
3
1238 467 23 29
473 434 21 27
929 442 12 16
frame - 199
3
472 434 22 27
929 442 13 16
1246 478 19 26
frame - 200
3
1247 477 19 27
930 441 13 17
473 436 20 25
frame - 201
2
473 436 20 24
931 441 12 16
frame - 202
2
473 437 19 23
930 441 13 17
frame - 203
3
1237 459 29 38
931 441 13 17
474 438 18 22
frame - 204
1
474 437 18 23
frame - 205
1
473 436 19 23
frame - 206
2
473 435 19 24
1242 458 26 39
frame - 207
2
474 433 19 26
1242 458 27 39
frame - 208
2
1241 459 28 38
474 435 19 24
frame - 209
3
1243 458 28 39
474 435 18 24
935 441 13 16
frame - 210
3
1243 458 28 38
474 434 18 25
936 441 12 16
frame - 211
2
474 435 18 24
935 441 13 17
frame - 212
1
473 434 19 25
frame - 213
1
474 435 18 24
frame - 214
1
474 432 19 26
frame - 215
1
474 433 19 25
frame - 216
1
474 433 19 25
frame - 217
1
473 432 21 26
frame - 218
1
474 434 19 24
frame - 219
1
474 433 20 25
frame - 220
1
474 434 19 24
frame - 221
1
474 431 20 26
frame - 222
1
474 430 21 27
frame - 223
1
474 430 21 27
frame - 224
2
474 429 21 28
632 455 16 19
frame - 225
3
474 429 22 28
632 455 16 18
770 427 14 13
frame - 226
2
475 429 21 28
770 426 14 13
frame - 227
2
474 430 21 27
770 426 14 13
frame - 228
2
474 429 21 28
900 426 11 15
frame - 229
1
476 434 20 24
frame - 230
1
476 435 20 24
frame - 231
1
476 435 19 23
frame - 232
4
475 433 21 25
635 452 16 17
900 425 11 17
769 425 14 14
frame - 233
3
476 434 21 24
902 424 12 17
770 426 14 13
frame - 234
1
477 435 21 23
frame - 235
3
477 433 21 25
641 451 16 18
902 425 12 17
frame - 236
1
477 434 21 24
frame - 237
1
478 433 20 26
frame - 238
2
643 452 15 17
479 436 19 23
frame - 239
2
479 435 20 24
643 454 16 18
frame - 240
2
478 434 21 25
643 454 16 18
frame - 241
1
479 434 20 25
frame - 242
1
479 433 21 25
frame - 243
1
480 434 21 25
frame - 244
1
481 443 18 21
frame - 245
0
frame - 246
0
frame - 247
0
frame - 248
0
frame - 249
0
frame - 250
1
649 456 16 17
frame - 251
1
650 457 16 17
frame - 252
1
651 457 15 16
frame - 253
1
651 456 16 17
frame - 254
1
652 456 16 17
frame - 255
2
654 456 16 17
484 437 22 27
frame - 256
2
654 456 16 18
484 436 22 28
frame - 257
1
654 456 17 18
frame - 258
1
656 456 16 18
frame - 259
1
655 456 17 19
frame - 260
1
656 456 16 18
frame - 261
1
656 456 17 18
frame - 262
2
488 434 24 31
657 456 16 18
frame - 263
2
657 456 16 18
490 437 23 28
frame - 264
2
490 434 24 31
656 456 17 18
frame - 265
2
491 436 23 29
656 456 17 19
frame - 266
2
657 457 16 19
491 438 23 28
frame - 267
2
492 435 23 31
657 457 17 18
frame - 268
2
493 434 23 32
657 458 17 18
frame - 269
2
493 434 24 32
658 456 17 19
frame - 270
2
660 455 17 20
495 437 22 29
frame - 271
2
496 436 22 30
661 456 17 20
frame - 272
1
497 439 21 28
frame - 273
1
663 457 17 19
frame - 274
0
frame - 275
2
665 457 16 19
500 444 21 28
frame - 276
1
665 457 16 19
frame - 277
1
665 457 16 19
frame - 278
2
498 436 24 31
665 457 16 19
frame - 279
2
498 436 25 31
666 457 16 20
frame - 280
2
499 435 24 31
665 456 16 21
frame - 281
2
500 435 23 31
666 456 16 21
frame - 282
2
502 435 22 31
666 457 17 21
frame - 283
2
503 435 23 32
665 457 18 21
frame - 284
2
504 435 23 32
666 456 17 22
frame - 285
2
667 459 17 19
506 437 23 30
frame - 286
2
508 437 22 30
670 459 16 19
frame - 287
1
671 459 16 19
frame - 288
2
668 458 19 20
509 438 22 32
frame - 289
2
667 457 20 21
510 436 23 31
frame - 290
1
669 458 19 20
frame - 291
2
670 458 18 20
511 435 25 32
frame - 292
1
671 458 17 20
frame - 293
1
671 457 17 21
frame - 294
1
671 457 18 21
frame - 295
1
671 458 18 20
frame - 296
1
672 458 18 21
frame - 297
2
673 458 18 20
620 483 19 20
frame - 298
1
673 458 18 20
frame - 299
2
673 458 17 20
524 434 21 31
frame - 300
2
672 460 17 19
525 433 20 32
frame - 301
2
673 459 17 20
526 432 20 32
frame - 302
2
673 459 17 20
526 431 21 33
frame - 303
2
526 431 22 33
674 459 17 20
frame - 304
2
527 432 22 32
673 459 18 20
frame - 305
2
674 459 18 20
529 433 21 31
frame - 306
2
674 459 18 20
528 432 22 32
frame - 307
2
529 432 22 32
674 458 19 21
frame - 308
2
529 432 22 32
674 458 19 21
frame - 309
2
675 459 18 20
534 432 18 29
frame - 310
0
frame - 311
1
534 435 19 30
frame - 312
2
535 436 19 29
675 461 17 22
frame - 313
2
675 462 18 21
536 437 18 28
frame - 314
2
536 437 19 29
675 461 18 22
frame - 315
2
538 438 18 28
676 462 18 21
frame - 316
2
538 437 18 29
676 462 18 21
frame - 317
1
537 437 19 29
frame - 318
1
536 436 20 30
frame - 319
1
536 437 21 30
frame - 320
0
frame - 321
1
536 432 24 34
frame - 322
1
537 433 24 34
frame - 323
1
538 434 23 33
frame - 324
1
539 435 22 32
frame - 325
1
541 434 21 33
frame - 326
0
frame - 327
1
542 435 22 32
frame - 328
1
546 435 19 31
frame - 329
1
546 434 20 32
frame - 330
2
542 435 24 36
680 464 19 21
frame - 331
2
545 433 23 34
680 464 19 21
frame - 332
2
542 434 24 33
680 464 19 20
frame - 333
2
543 435 24 32
680 464 19 21
frame - 334
1
680 463 20 22
frame - 335
1
679 463 22 22
frame - 336
2
547 435 22 31
680 463 21 23
frame - 337
2
547 435 23 31
681 463 20 22
frame - 338
1
682 463 20 23
frame - 339
1
681 464 21 22
frame - 340
1
681 464 21 21
frame - 341
1
682 464 20 21
frame - 342
2
683 464 20 21
546 438 25 30
frame - 343
1
683 464 20 21
frame - 344
1
683 464 19 21
frame - 345
1
684 465 19 20
frame - 346
2
548 439 24 30
684 465 19 20
frame - 347
1
684 465 19 20
frame - 348
2
684 464 20 22
548 438 25 31
frame - 349
2
685 464 19 22
548 438 24 31
frame - 350
1
685 466 20 20
frame - 351
1
686 466 20 20
frame - 352
1
686 466 20 21
frame - 353
1
686 465 21 21
frame - 354
1
689 465 19 21
frame - 355
0
frame - 356
0
frame - 357
2
550 436 25 36
691 463 21 23
frame - 358
1
691 464 21 22
frame - 359
2
551 438 25 35
690 464 23 23
frame - 360
2
554 441 23 33
691 464 22 23
frame - 361
2
691 464 23 22
554 442 23 32
frame - 362
3
554 443 24 31
691 465 24 22
670 418 18 23
frame - 363
3
553 442 25 33
692 465 23 23
670 419 17 23
frame - 364
3
554 441 24 33
692 465 24 23
670 419 17 23
frame - 365
3
554 440 25 34
692 464 25 25
670 419 17 23
frame - 366
3
554 441 24 33
693 464 23 24
671 419 16 22
frame - 367
2
555 441 24 33
694 464 23 24
frame - 368
3
555 442 24 32
694 464 24 24
579 433 16 24
frame - 369
3
556 442 23 33
671 418 17 23
694 464 24 24
frame - 370
3
556 442 24 34
671 418 17 22
694 464 25 24
frame - 371
3
557 441 24 35
671 417 17 23
695 465 25 23
frame - 372
2
556 440 25 35
696 465 23 23
frame - 373
3
556 441 24 34
697 465 23 23
673 416 16 23
frame - 374
2
556 440 26 35
698 465 22 22
frame - 375
3
556 439 26 37
698 464 23 24
672 416 17 23
frame - 376
3
556 440 26 36
672 416 18 23
698 466 24 25
frame - 377
3
556 441 26 34
671 416 19 23
699 467 24 24
frame - 378
3
557 442 27 34
699 467 24 24
672 415 18 23
frame - 379
3
557 441 26 34
700 466 24 25
672 415 18 23
frame - 380
1
558 440 26 34
frame - 381
1
558 439 29 36
frame - 382
1
558 441 26 33
frame - 383
1
558 442 26 33
frame - 384
1
558 444 27 32
frame - 385
1
559 445 25 31
frame - 386
2
558 442 26 34
708 468 23 23
frame - 387
2
559 443 26 33
709 468 22 23
frame - 388
2
559 445 26 31
709 469 23 23
frame - 389
2
558 441 28 35
710 469 24 24
frame - 390
2
557 439 29 37
711 471 25 23
frame - 391
2
558 440 29 36
710 470 26 25
frame - 392
2
557 439 30 38
711 470 25 24
frame - 393
2
558 439 29 37
713 470 24 25
frame - 394
2
558 439 29 38
713 472 24 24
frame - 395
2
558 439 29 38
714 472 24 24
frame - 396
2
558 438 30 38
714 472 25 25
frame - 397
1
558 438 30 38
frame - 398
2
559 438 30 37
635 440 15 21
frame - 399
2
559 438 30 37
636 442 13 18
frame - 400
2
559 439 30 37
636 440 14 21
frame - 401
2
559 439 30 36
636 440 14 21
frame - 402
2
560 439 29 36
636 441 14 20
frame - 403
3
561 438 32 38
722 475 25 26
636 440 15 21
frame - 404
3
561 438 32 38
723 475 27 26
637 440 15 21
frame - 405
3
562 438 31 39
724 475 25 26
636 439 15 22
frame - 406
3
563 438 31 39
725 475 25 27
636 438 15 23
frame - 407
3
564 438 30 39
728 475 24 28
636 438 15 23
frame - 408
2
564 437 32 41
728 475 26 28
frame - 409
2
564 438 32 39
729 475 26 28
frame - 410
3
564 437 32 41
730 474 26 30
1022 449 13 18
frame - 411
3
564 438 31 40
730 475 28 29
1024 447 14 18
frame - 412
2
565 437 31 41
733 475 25 29
frame - 413
2
564 437 33 43
1024 444 16 22
frame - 414
3
565 438 32 43
737 476 26 27
1026 445 16 20
frame - 415
3
565 438 32 41
737 476 28 28
1024 446 16 21
frame - 416
2
566 439 30 42
739 476 26 28
frame - 417
2
566 438 31 43
740 475 27 28
frame - 418
2
568 442 29 40
740 475 28 27
frame - 419
3
568 440 31 40
742 474 26 29
1031 444 14 20
frame - 420
3
570 439 30 40
1034 444 13 21
742 473 28 33
frame - 421
3
571 439 31 40
1034 445 14 20
743 472 28 31
frame - 422
3
572 439 30 40
1034 446 13 18
745 475 27 28
frame - 423
2
572 439 31 40
1035 446 13 19
frame - 424
3
572 438 31 42
746 471 31 33
1034 446 13 18
frame - 425
3
573 439 31 41
747 470 31 35
1034 448 14 17
frame - 426
3
573 439 32 40
1035 447 14 18
748 471 30 33
frame - 427
3
574 439 31 40
1035 447 14 17
749 471 30 33
frame - 428
3
575 438 31 41
1036 447 13 17
751 471 28 33
frame - 429
2
1036 448 13 17
576 438 30 41
frame - 430
2
1037 447 14 18
576 438 32 43
frame - 431
3
578 437 31 42
1038 448 14 18
756 469 28 33
frame - 432
3
756 469 29 33
1037 448 16 18
579 439 30 44
frame - 433
3
756 469 29 33
581 440 29 42
1038 447 15 19
frame - 434
3
756 468 30 33
1038 445 16 21
584 443 27 40
frame - 435
3
757 469 29 33
1039 445 15 20
583 442 28 40
frame - 436
3
583 440 29 42
758 468 28 35
1040 445 15 20
frame - 437
3
759 467 29 36
1040 445 15 20
586 444 28 38
frame - 438
3
585 438 29 39
760 469 28 33
1039 447 14 18
frame - 439
3
586 439 30 39
1040 447 15 18
761 468 29 33
frame - 440
3
585 438 33 42
762 467 29 34
1039 446 15 20
frame - 441
3
588 440 30 38
1037 446 15 20
763 467 29 33
frame - 442
3
588 440 32 41
1037 445 16 20
764 468 29 32
frame - 443
3
590 440 32 42
1040 445 17 20
765 468 28 33
frame - 444
3
589 438 33 44
1040 447 15 18
767 469 27 32
frame - 445
3
591 438 32 45
1040 447 14 18
768 468 27 29
frame - 446
3
593 437 33 44
768 468 27 29
1044 447 13 17
frame - 447
3
593 437 35 45
1039 447 14 18
769 467 29 31
frame - 448
3
594 437 34 43
1040 447 14 18
770 467 29 31
frame - 449
4
595 438 34 43
1050 442 12 15
1043 449 13 15
771 467 28 31
frame - 450
3
597 438 32 41
1049 449 14 18
772 467 27 35
frame - 451
5
597 438 33 41
1049 448 12 17
772 467 28 34
538 415 17 23
1052 445 13 16
frame - 452
5
598 438 33 41
1045 447 12 17
773 467 27 34
1047 445 12 16
603 411 16 22
frame - 453
4
600 438 32 41
1053 449 13 17
773 467 28 34
603 412 16 21
frame - 454
4
602 439 31 41
1051 448 13 17
774 468 27 33
250 421 12 15
frame - 455
4
603 441 31 41
1053 448 13 17
775 468 27 32
540 414 17 22
frame - 456
4
604 441 31 41
776 468 26 33
1051 447 14 17
541 415 17 22
frame - 457
5
605 443 31 41
778 468 26 33
1052 447 14 17
543 417 17 22
1050 445 13 16
frame - 458
4
606 443 30 41
779 467 26 34
1055 447 13 17
542 416 18 23
frame - 459
4
608 444 30 41
780 468 26 33
1053 447 13 18
543 416 17 23
frame - 460
4
611 444 30 42
1052 448 14 17
781 469 27 32
544 417 18 23
frame - 461
5
612 446 30 40
782 470 26 31
1054 449 13 18
545 418 18 23
603 415 16 22
frame - 462
4
613 445 30 42
1056 448 14 18
782 470 27 31
545 418 18 23
frame - 463
5
613 444 32 44
783 471 26 31
1055 447 15 19
546 415 18 25
602 416 17 22
frame - 464
4
614 443 34 46
784 471 27 31
1057 449 15 18
548 416 17 23
frame - 465
4
617 445 32 44
1060 449 14 19
547 414 18 25
785 471 28 31
frame - 466
4
617 446 33 44
1061 451 15 18
547 415 18 24
785 474 28 29
frame - 467
4
619 446 32 43
1062 452 14 17
546 416 18 23
785 473 29 30
frame - 468
4
622 450 31 42
1055 450 14 17
787 472 30 35
548 418 17 23
frame - 469
4
787 474 29 32
1056 451 14 16
1059 453 14 17
579 432 16 23
frame - 470
4
787 474 29 31
576 429 17 23
1057 453 14 18
1053 449 14 18
frame - 471
4
626 448 32 45
786 474 31 32
576 430 16 22
30 385 9 15
frame - 472
2
627 450 32 43
789 475 29 34
frame - 473
4
628 450 31 44
788 476 29 34
1054 450 13 18
31 385 9 15
frame - 474
4
627 450 33 44
788 477 29 34
549 406 14 21
31 385 9 15
frame - 475
3
790 478 28 32
629 454 31 40
1056 452 14 17
frame - 476
4
791 478 27 33
1057 454 15 19
632 456 29 38
30 386 9 14
frame - 477
4
791 479 29 33
633 454 30 40
1060 455 14 18
31 386 9 14
frame - 478
4
634 453 32 43
791 479 30 32
1064 455 13 18
31 386 9 15
frame - 479
4
635 452 33 43
792 480 30 31
1069 455 13 18
31 386 9 15
frame - 480
3
636 450 34 46
792 479 31 33
1070 456 14 18
frame - 481
3
636 451 35 45
793 480 30 32
1070 455 14 18
frame - 482
4
639 454 32 41
793 481 31 32
1072 455 14 18
32 387 9 14
frame - 483
3
641 451 35 43
1070 456 14 17
794 481 31 32
frame - 484
4
642 451 35 44
795 481 30 36
1071 456 13 18
32 387 9 14
frame - 485
3
642 450 37 45
796 482 30 36
31 387 10 14
frame - 486
5
641 450 38 46
796 482 30 36
32 387 9 14
1069 458 14 16
556 411 16 21
frame - 487
4
642 450 38 46
797 483 29 35
31 387 9 14
557 410 15 21
frame - 488
4
644 450 37 45
799 484 28 35
31 387 9 15
1072 457 14 18
frame - 489
5
645 450 38 47
799 485 28 34
1071 457 14 18
31 387 9 14
557 412 16 20
frame - 490
4
647 451 37 47
800 485 28 35
1071 455 14 19
31 387 8 14
frame - 491
4
648 451 37 48
800 486 28 34
558 413 16 21
31 388 9 14
frame - 492
3
649 452 37 46
801 484 28 37
32 388 9 14
frame - 493
3
650 452 37 47
800 485 29 35
33 388 8 14
frame - 494
3
651 452 38 48
803 486 29 35
32 388 9 14
frame - 495
3
653 452 38 46
803 485 29 37
32 389 9 14
frame - 496
3
653 452 38 47
804 485 28 38
33 388 9 15
frame - 497
4
655 451 38 47
803 485 30 38
1079 456 13 19
33 389 9 14
frame - 498
4
656 452 38 46
804 486 29 35
1079 455 14 20
32 390 9 14
frame - 499
4
656 452 39 46
804 486 29 35
1080 455 13 20
32 389 9 14
frame - 500
3
658 452 37 46
804 487 29 34
1077 453 15 21
frame - 501
4
659 452 38 47
805 486 29 35
1076 452 15 21
1020 438 12 16
frame - 502
4
660 452 37 47
806 486 29 36
1078 452 14 21
1022 438 11 15
frame - 503
4
660 451 38 49
807 486 29 36
1022 438 12 15
1078 452 14 21
frame - 504
4
663 451 35 49
808 487 29 35
1079 452 13 21
1021 439 11 14
frame - 505
4
664 451 36 50
809 487 29 35
1079 452 14 21
1020 439 11 15
frame - 506
5
666 452 35 48
810 487 28 35
1022 439 11 15
1083 452 15 21
1078 453 14 20
frame - 507
3
665 452 37 49
809 486 30 36
1073 454 14 19
frame - 508
2
666 451 37 49
810 486 29 36
frame - 509
2
666 451 38 51
811 486 29 36
frame - 510
2
668 451 38 50
812 486 29 35
frame - 511
4
668 450 39 50
813 485 30 37
1075 453 15 20
1083 452 16 20
frame - 512
2
668 451 40 49
814 485 30 38
frame - 513
2
669 450 40 51
815 484 30 41
frame - 514
3
672 450 38 49
816 485 30 39
1086 451 16 21
frame - 515
2
672 449 38 50
816 485 30 40
frame - 516
3
673 450 38 51
818 485 29 40
1087 450 15 22
frame - 517
4
674 450 38 52
817 484 31 39
1087 450 15 22
1032 443 12 15
frame - 518
3
675 451 38 52
819 484 30 38
1087 449 16 23
frame - 519
4
676 451 37 51
819 483 31 40
1088 450 16 24
1034 441 13 17
frame - 520
4
677 451 37 51
820 483 31 41
1088 450 16 23
1034 442 13 16
frame - 521
4
677 451 39 51
820 483 32 40
1088 451 15 22
1034 443 14 16
frame - 522
4
679 452 37 51
821 483 32 39
1089 452 14 21
1034 439 13 15
frame - 523
4
680 451 38 51
823 484 31 37
1035 442 13 16
1088 453 15 21
frame - 524
3
680 451 39 52
824 484 30 37
1036 442 14 17
frame - 525
3
680 452 39 51
826 484 30 37
1036 443 14 16
frame - 526
5
681 452 39 52
828 484 28 37
1035 442 15 16
1036 445 14 17
1076 455 14 19
frame - 527
4
682 453 40 51
828 484 30 38
1036 441 13 16
1090 455 13 18
frame - 528
3
684 454 39 51
830 485 30 38
1037 443 12 15
frame - 529
3
684 456 40 50
1036 443 13 15
831 485 30 39
frame - 530
5
684 456 41 51
833 486 30 40
1038 443 12 15
42 391 11 14
1090 455 15 18
frame - 531
4
684 456 42 52
833 485 31 41
1039 442 12 16
1093 455 15 20
frame - 532
4
686 456 41 52
834 485 32 42
1038 442 13 16
1094 455 14 20
frame - 533
5
688 457 40 51
835 485 31 43
1037 443 12 15
1092 457 14 19
42 392 10 13
frame - 534
5
689 458 39 51
838 486 30 40
1038 443 13 16
1100 456 15 20
1094 457 14 19
frame - 535
4
690 458 39 51
838 488 31 38
1038 442 13 16
1101 455 15 20
frame - 536
4
691 459 40 50
840 488 31 39
1041 442 14 17
1100 456 17 19
frame - 537
4
690 458 41 52
841 488 32 39
1041 446 13 16
1039 443 14 16
frame - 538
4
691 461 41 50
842 489 31 36
1041 447 13 16
1040 444 13 16
frame - 539
5
692 461 41 51
843 489 32 38
1040 447 14 17
1094 456 14 21
1039 444 13 16
frame - 540
4
697 461 38 52
847 490 29 38
1103 457 15 20
1042 451 12 15
frame - 541
5
697 462 38 53
847 489 30 40
1104 457 13 20
1042 447 14 18
1093 458 13 19
frame - 542
4
697 463 38 52
847 490 30 37
1105 458 13 19
1041 449 13 16
frame - 543
4
699 465 38 49
1044 448 15 17
1104 458 14 19
849 491 30 34
frame - 544
5
699 465 41 51
850 491 30 39
1104 458 14 19
1045 447 15 17
1047 444 14 16
frame - 545
4
700 465 41 50
851 491 31 40
1047 447 14 17
603 422 17 21
frame - 546
3
700 465 41 50
853 492 30 40
1048 447 14 18
frame - 547
3
700 466 42 50
852 492 32 42
1048 447 15 18
frame - 548
3
701 466 43 52
856 493 29 42
1049 446 14 17
frame - 549
3
702 467 42 51
857 494 29 40
1050 445 14 18
frame - 550
3
702 468 43 53
858 494 30 40
1051 445 14 18
frame - 551
3
860 497 30 39
704 469 42 51
1052 445 15 19
frame - 552
5
705 469 42 54
861 497 31 39
1055 445 14 18
1124 462 11 19
1106 462 14 18
frame - 553
3
705 469 44 52
862 498 32 37
1106 464 14 17
frame - 554
5
706 470 44 50
1057 448 14 17
1107 464 15 18
865 498 31 38
1122 463 12 17
frame - 555
5
708 472 43 52
866 499 31 37
1116 465 11 19
1057 449 14 17
605 424 20 23
frame - 556
5
709 475 42 51
867 498 31 38
1117 464 12 19
606 424 19 23
1057 450 11 15
frame - 557
5
708 474 44 53
870 499 30 38
1119 462 12 20
1058 451 12 15
1098 468 11 16
frame - 558
3
709 476 43 51
872 500 29 38
1120 463 11 19
frame - 559
6
711 479 42 49
873 500 30 40
1118 462 13 20
1060 452 13 16
1135 460 12 19
1103 467 13 16
frame - 560
6
712 479 42 49
873 500 31 40
1120 462 12 19
1059 450 13 16
1126 460 12 19
1103 467 13 15
frame - 561
5
715 477 42 52
875 501 31 39
1117 461 13 21
1104 467 12 16
1061 451 12 15
frame - 562
5
715 475 43 54
876 500 32 43
1117 463 12 18
1104 468 13 15
1060 454 12 15
frame - 563
4
714 475 44 54
879 501 31 41
1117 463 13 19
1105 468 12 14
frame - 564
7
715 475 43 55
880 501 32 40
1117 464 14 18
1105 467 14 16
1147 461 14 17
1060 450 13 17
610 426 20 23
frame - 565
5
715 476 46 55
882 502 32 39
1116 463 15 20
610 426 19 23
1061 450 14 17
frame - 566
4
883 504 32 36
1117 463 14 19
717 477 44 53
1060 449 15 18
frame - 567
3
886 504 31 40
1119 465 12 18
1062 449 13 18
frame - 568
4
887 505 32 39
718 476 45 56
1119 465 13 18
1062 449 13 18
frame - 569
5
889 507 31 37
1121 464 16 20
1062 449 14 18
719 478 45 56
617 428 20 22
frame - 570
4
891 506 31 39
1123 464 14 21
1064 450 12 18
615 430 19 21
frame - 571
4
892 506 33 39
722 478 44 52
1123 464 14 20
1065 450 11 17
frame - 572
3
894 506 32 40
1125 464 15 21
1066 450 12 18
frame - 573
3
894 506 33 42
1124 462 17 22
617 428 19 22
frame - 574
4
897 506 33 42
1123 463 15 21
1066 450 13 18
618 428 20 22
frame - 575
3
899 508 33 41
1134 464 14 18
1067 450 13 18
frame - 576
5
900 508 33 42
1122 463 15 20
1068 449 14 19
617 428 20 23
1167 463 15 20
frame - 577
5
903 509 32 42
1118 465 14 18
730 483 41 47
1068 448 14 19
618 429 19 22
frame - 578
5
905 510 32 40
732 475 41 55
1120 465 12 18
1071 451 17 20
619 428 19 22
frame - 579
5
907 510 32 43
1120 462 15 21
1071 450 16 20
730 481 43 49
619 428 18 23
frame - 580
3
907 511 33 42
1121 463 15 20
1072 450 16 19
frame - 581
4
910 511 33 43
732 475 43 55
1123 463 16 20
1073 450 16 20
frame - 582
5
912 510 32 42
1124 463 15 21
733 475 45 58
1074 449 15 20
620 429 18 22
frame - 583
4
915 511 33 41
1123 463 17 22
1074 448 15 20
620 428 18 22
frame - 584
3
915 512 34 41
1125 463 17 21
620 426 18 23
frame - 585
2
918 513 32 40
620 427 19 23
frame - 586
2
919 512 33 41
621 428 18 23
frame - 587
1
921 512 33 42
frame - 588
3
923 511 33 43
622 428 18 23
739 474 45 56
frame - 589
2
924 511 33 43
623 431 17 24
frame - 590
2
928 511 33 42
624 432 17 23
frame - 591
2
929 511 34 43
1083 451 18 22
frame - 592
2
932 512 33 42
624 433 16 22
frame - 593
4
934 511 33 42
755 483 36 49
624 432 16 23
1084 451 21 23
frame - 594
2
937 512 33 42
625 434 17 22
frame - 595
3
938 512 34 42
1085 452 21 24
626 434 17 22
frame - 596
2
940 511 33 44
626 434 17 21
frame - 597
2
941 512 33 41
627 434 16 22
frame - 598
2
944 511 33 44
627 434 17 22
frame - 599
3
945 512 34 43
627 435 16 21
1086 452 22 25
frame - 600
3
949 511 32 40
1150 470 15 21
628 437 16 20
frame - 601
3
952 514 31 39
1094 459 24 23
629 435 18 22
frame - 602
3
954 513 32 41
1093 459 26 25
631 436 17 21
frame - 603
2
954 513 34 43
632 436 17 21
frame - 604
2
956 514 32 43
1094 459 25 25
frame - 605
3
959 515 34 42
1093 459 29 26
757 496 45 43
frame - 606
2
963 514 32 45
634 439 15 21
frame - 607
3
963 514 33 45
768 479 38 56
634 439 16 21
frame - 608
1
966 515 33 45
frame - 609
2
969 517 31 43
678 461 13 17
frame - 610
0
frame - 611
0
frame - 612
3
975 519 33 43
762 512 46 39
637 441 15 19
frame - 613
1
980 518 31 42
frame - 614
1
981 518 32 42
frame - 615
1
984 519 31 42
frame - 616
3
783 490 37 51
985 521 31 41
637 442 15 21
frame - 617
3
984 521 34 42
787 491 35 51
639 442 15 21
frame - 618
4
984 521 35 43
788 493 35 49
1165 475 16 20
639 442 15 22
frame - 619
3
986 522 34 43
788 492 35 51
1164 474 17 22
frame - 620
2
988 522 34 45
790 495 35 49
frame - 621
1
989 522 36 47
frame - 622
1
992 522 37 48
frame - 623
3
773 518 52 46
995 524 35 46
1168 476 14 19
frame - 624
3
996 524 35 46
779 522 47 41
1169 476 14 19
frame - 625
2
998 525 35 47
1170 477 13 19
frame - 626
4
999 530 36 43
1153 468 10 13
1170 477 12 17
642 448 15 19
frame - 627
4
1000 528 36 45
800 501 35 53
642 447 16 20
1153 469 11 12
frame - 628
2
1003 530 35 44
1148 467 10 13
frame - 629
2
1005 529 35 45
805 513 32 44
frame - 630
4
1006 529 37 48
805 501 35 55
1178 480 17 21
1174 480 14 20
frame - 631
3
1008 529 36 51
803 504 38 53
1173 479 14 20
frame - 632
2
1011 530 36 50
793 528 45 42
frame - 633
2
1013 531 35 49
1179 481 16 20
frame - 634
3
1014 531 35 49
809 505 39 55
1179 481 16 21
frame - 635
3
1014 532 38 48
814 509 34 52
1181 481 15 22
frame - 636
3
1017 533 36 47
817 509 33 53
1182 481 16 23
frame - 637
3
816 507 37 57
1018 534 37 47
1184 483 15 19
frame - 638
3
1019 533 38 49
820 511 33 56
1185 483 15 20
frame - 639
3
812 509 42 57
1021 534 39 48
1186 484 14 19
frame - 640
3
1024 536 37 46
818 524 38 46
1186 484 15 19
frame - 641
3
1024 535 38 47
820 517 39 50
1187 484 14 20
frame - 642
3
1028 536 36 46
821 522 38 48
1187 484 16 21
frame - 643
3
1028 537 37 48
821 537 37 40
1187 483 16 22
frame - 644
4
1029 537 37 47
830 517 36 53
1186 484 15 20
824 533 37 45
frame - 645
4
1031 538 38 50
827 514 42 58
1188 486 15 19
1199 483 12 16
frame - 646
4
1033 539 38 50
827 516 44 58
1189 485 15 20
1196 484 12 17
frame - 647
3
824 515 48 60
1037 540 37 50
1196 486 12 16
frame - 648
6
828 516 50 59
1041 541 36 48
1202 486 12 15
1123 477 15 15
1189 489 14 16
1197 487 12 16
frame - 649
3
826 522 53 59
1043 541 35 48
1195 487 12 15
frame - 650
5
1045 544 34 44
832 525 51 60
826 538 52 53
1195 487 12 17
1172 477 8 10
frame - 651
6
1047 542 35 50
840 520 49 62
835 536 49 52
1193 489 15 19
1196 487 13 17
1171 477 10 11
frame - 652
4
1046 543 38 50
842 519 49 64
1193 488 17 21
699 475 15 20
frame - 653
3
1048 544 39 51
841 521 52 64
1195 488 16 23
frame - 654
3
1051 545 37 50
839 534 53 58
1197 489 15 22
frame - 655
4
1054 545 39 51
840 541 51 52
1198 490 15 21
1175 478 10 13
frame - 656
4
1055 546 40 51
847 523 50 62
1197 489 15 23
1174 477 12 14
frame - 657
4
851 525 52 61
1061 550 35 43
1197 491 15 20
1175 478 10 12
frame - 658
5
1059 549 40 48
852 525 54 65
1195 490 16 22
951 489 29 31
1176 478 11 12
frame - 659
5
857 526 53 64
1062 549 39 48
951 488 30 32
1196 491 14 20
1178 477 9 11
frame - 660
4
863 525 48 62
1064 549 37 47
1197 491 15 21
1177 478 11 13
frame - 661
5
1067 548 37 50
864 524 48 65
1197 491 16 22
1177 478 11 13
1139 481 14 18
frame - 662
5
864 536 52 60
1069 548 37 52
1200 491 17 23
950 487 28 34
1139 480 15 20
frame - 663
5
1070 549 40 53
869 527 52 60
1204 492 15 21
950 488 28 33
872 545 49 49
frame - 664
3
1072 549 40 55
876 534 49 60
1208 492 13 19
frame - 665
3
875 525 55 62
1073 551 41 53
1207 493 14 18
frame - 666
4
1079 551 38 53
881 529 51 62
1205 494 13 17
1206 497 16 20
frame - 667
3
883 526 54 63
1080 553 38 52
1213 492 12 17
frame - 668
3
886 526 54 66
1082 551 38 55
957 491 26 30
frame - 669
2
891 524 54 65
1087 553 37 53
frame - 670
3
894 527 51 63
1089 554 39 57
1209 497 17 20
frame - 671
4
1091 554 40 56
899 525 51 65
1211 496 16 22
1150 479 17 22
frame - 672
3
1093 554 38 57
904 530 46 63
1217 498 17 22
frame - 673
4
1094 555 40 55
905 532 48 62
1218 497 16 22
1151 480 16 22
frame - 674
2
1097 557 41 54
906 526 54 66
frame - 675
3
912 531 52 59
1100 558 41 53
1158 481 23 23
frame - 676
3
1102 558 42 56
909 528 57 65
1158 480 24 25
frame - 677
3
1104 558 43 58
915 530 54 60
1160 482 22 24
frame - 678
4
1107 560 43 56
918 527 56 64
1161 481 22 25
1224 497 16 20
frame - 679
3
1110 562 43 55
920 527 59 68
1162 486 23 24
frame - 680
3
928 527 55 65
1113 562 43 56
1164 486 22 25
frame - 681
3
1117 561 43 57
925 526 61 66
1165 486 20 24
frame - 682
2
1119 561 45 58
934 528 57 66
frame - 683
3
1121 560 45 60
945 531 51 66
1169 486 18 24
frame - 684
3
1123 561 46 59
946 533 52 65
1170 488 25 24
frame - 685
5
1128 561 43 60
938 529 61 69
1242 499 17 23
1173 488 24 23
1229 498 17 23
frame - 686
4
952 532 52 68
1131 561 44 62
1173 490 26 22
1248 500 15 22
frame - 687
4
1134 561 44 63
956 533 51 66
1248 501 17 21
1174 491 26 21
frame - 688
4
1136 563 46 59
960 533 50 66
1228 498 16 20
1248 501 17 22
frame - 689
4
951 531 64 70
1139 562 45 60
1230 498 16 20
713 475 17 22
frame - 690
2
1142 562 46 61
964 536 53 67
frame - 691
3
1144 563 47 61
970 540 50 63
716 479 17 22
frame - 692
4
1149 565 47 59
969 542 55 62
718 479 18 22
1180 493 24 26
frame - 693
4
1150 566 49 58
974 542 52 63
1185 490 27 25
970 558 49 54
frame - 694
2
1155 566 46 60
981 548 48 61
frame - 695
5
1159 568 47 59
977 564 54 52
983 553 52 57
1186 488 28 25
111 437 12 15
frame - 696
4
1163 570 46 58
988 549 50 61
1016 503 21 24
113 438 13 15
frame - 697
3
1166 572 46 56
991 560 49 53
113 439 13 15
frame - 698
3
1169 571 47 59
1003 543 45 66
114 440 11 14
frame - 699
5
1173 574 46 56
1007 547 42 62
992 566 52 54
116 439 11 16
731 476 16 20
