frame - 0
0
frame - 1
0
frame - 2
0
frame - 3
0
frame - 4
2
1058 457 20 27
1241 479 30 34
frame - 5
1
1061 450 20 28
frame - 6
1
1062 451 20 28
frame - 7
0
frame - 8
0
frame - 9
0
frame - 10
0
frame - 11
0
frame - 12
0
frame - 13
0
frame - 14
1
1070 452 19 27
frame - 15
1
1070 457 19 28
frame - 16
0
frame - 17
1
742 441 13 16
frame - 18
1
742 442 12 15
frame - 19
0
frame - 20
1
742 442 12 15
frame - 21
1
155 439 24 45
frame - 22
1
155 439 23 46
frame - 23
0
frame - 24
0
frame - 25
1
544 449 14 18
frame - 26
2
1134 449 17 34
544 450 14 18
frame - 27
2
1134 449 19 34
546 449 14 18
frame - 28
2
1134 449 19 34
547 448 14 19
frame - 29
3
547 448 14 19
1134 450 22 34
742 441 13 16
frame - 30
2
547 448 14 19
743 441 13 16
frame - 31
1
548 449 13 18
frame - 32
1
548 449 14 18
frame - 33
1
548 449 13 18
frame - 34
2
549 449 13 18
743 441 14 16
frame - 35
1
744 441 13 16
frame - 36
1
549 449 14 18
frame - 37
2
550 449 13 18
744 441 13 16
frame - 38
1
744 441 13 16
frame - 39
1
744 440 13 17
frame - 40
1
1262 476 17 29
frame - 41
0
frame - 42
0
frame - 43
0
frame - 44
0
frame - 45
1
1242 523 38 56
frame - 46
0
frame - 47
0
frame - 48
0
frame - 49
0
frame - 50
0
frame - 51
0
frame - 52
0
frame - 53
0
frame - 54
0
frame - 55
0
frame - 56
2
1093 456 22 30
1147 455 24 37
frame - 57
2
1094 456 22 30
1147 456 25 37
frame - 58
1
1095 457 21 29
frame - 59
0
frame - 60
0
frame - 61
0
frame - 62
0
frame - 63
0
frame - 64
0
frame - 65
0
frame - 66
0
frame - 67
0
frame - 68
0
frame - 69
0
frame - 70
1
1161 456 25 34
frame - 71
1
1160 458 26 33
frame - 72
1
1161 456 26 35
frame - 73
1
1198 440 25 28
frame - 74
0
frame - 75
0
frame - 76
0
frame - 77
2
1165 455 24 36
425 422 18 27
frame - 78
0
frame - 79
1
424 421 18 28
frame - 80
3
354 396 21 35
425 423 18 27
1169 455 21 36
frame - 81
2
353 395 22 36
1107 459 24 33
frame - 82
1
1107 459 24 34
frame - 83
2
1109 458 22 34
427 423 17 27
frame - 84
1
1109 458 23 34
frame - 85
1
426 422 18 28
frame - 86
2
1210 441 24 34
427 421 18 29
frame - 87
1
1211 441 24 33
frame - 88
2
1113 455 22 37
1212 442 23 32
frame - 89
1
1213 442 24 32
frame - 90
1
572 450 13 16
frame - 91
0
frame - 92
1
573 448 13 17
frame - 93
1
573 447 14 18
frame - 94
1
573 447 14 18
frame - 95
1
573 447 14 18
frame - 96
1
573 447 15 18
frame - 97
1
574 447 14 18
frame - 98
2
434 434 17 22
575 447 15 18
frame - 99
0
frame - 100
1
1227 446 22 38
frame - 101
1
1228 445 22 39
frame - 102
2
1228 446 22 39
1130 459 18 28
frame - 103
1
1132 459 16 28
frame - 104
1
1133 459 17 28
frame - 105
2
579 446 16 20
1136 458 16 27
frame - 106
2
1138 458 16 27
580 447 15 18
frame - 107
2
1141 458 16 27
581 447 15 18
frame - 108
1
1139 457 17 29
frame - 109
0
frame - 110
0
frame - 111
0
frame - 112
1
1212 454 23 37
frame - 113
2
1213 454 23 36
1145 456 18 34
frame - 114
2
1216 452 24 38
1146 457 20 30
frame - 115
2
1147 457 20 30
1218 453 22 37
frame - 116
2
1148 457 19 30
1219 455 22 37
frame - 117
2
1149 457 19 29
1219 456 22 37
frame - 118
3
1151 457 19 29
1216 459 24 34
447 432 17 24
frame - 119
1
1153 457 18 30
frame - 120
1
1153 457 19 29
frame - 121
1
1155 456 18 31
frame - 122
1
1156 457 17 29
frame - 123
2
1158 450 17 35
1219 460 21 32
frame - 124
1
1219 460 22 33
frame - 125
2
1221 459 22 34
1228 457 23 35
frame - 126
3
1221 460 23 33
1160 449 17 36
1227 457 23 36
frame - 127
1
1159 449 18 36
frame - 128
2
1159 450 19 35
588 448 15 18
frame - 129
1
1162 456 19 31
frame - 130
1
1165 456 17 30
frame - 131
1
1166 450 19 34
frame - 132
2
1166 451 20 32
590 447 14 19
frame - 133
3
1166 451 21 32
1228 460 24 33
591 448 14 18
frame - 134
3
1168 456 20 28
1228 460 26 33
591 449 14 18
frame - 135
3
1168 451 22 32
1231 460 25 32
592 448 14 19
frame - 136
2
1232 460 25 33
1169 451 22 32
frame - 137
1
1170 452 22 32
frame - 138
0
frame - 139
1
1172 450 23 34
frame - 140
0
frame - 141
0
frame - 142
0
frame - 143
0
frame - 144
1
1179 456 20 28
frame - 145
1
1181 451 23 32
frame - 146
0
frame - 147
0
frame - 148
0
frame - 149
1
1184 452 23 31
frame - 150
0
frame - 151
0
frame - 152
0
frame - 153
0
frame - 154
0
frame - 155
0
frame - 156
0
frame - 157
0
frame - 158
0
frame - 159
0
frame - 160
0
frame - 161
0
frame - 162
0
frame - 163
0
frame - 164
0
frame - 165
1
1205 458 21 28
frame - 166
2
1209 459 19 28
606 453 13 14
frame - 167
2
1210 460 19 27
606 452 13 14
frame - 168
2
1210 460 20 27
607 452 12 14
frame - 169
2
1213 460 18 27
607 451 13 15
frame - 170
2
1212 459 19 28
606 451 14 15
frame - 171
2
1212 459 19 28
606 450 14 16
frame - 172
1
607 450 14 16
frame - 173
1
607 451 14 15
frame - 174
1
607 452 14 15
frame - 175
1
607 453 13 14
frame - 176
4
608 453 13 14
918 440 12 16
1214 457 21 30
282 417 13 20
frame - 177
3
608 453 13 14
1213 456 22 35
918 440 12 16
frame - 178
3
608 453 13 14
1216 458 21 29
919 439 12 17
frame - 179
3
1216 457 24 30
474 438 18 20
610 453 13 14
frame - 180
2
1219 457 23 34
610 453 14 15
frame - 181
2
1220 457 22 29
610 454 13 14
frame - 182
2
1223 458 22 29
610 451 14 16
frame - 183
2
611 453 14 15
1223 458 22 29
frame - 184
2
1224 458 22 29
611 453 15 15
frame - 185
1
1224 457 25 34
frame - 186
2
1226 458 23 34
613 453 14 15
frame - 187
1
1227 458 24 34
frame - 188
1
1227 458 23 34
frame - 189
2
1228 458 24 34
613 453 15 16
frame - 190
1
1229 459 23 34
frame - 191
1
1229 459 25 33
frame - 192
1
1230 460 24 32
frame - 193
0
frame - 194
0
frame - 195
0
frame - 196
0
frame - 197
0
frame - 198
1
1237 466 23 28
frame - 199
1
1237 465 24 30
frame - 200
1
1237 465 25 31
frame - 201
1
1237 464 27 32
frame - 202
1
1237 463 28 38
frame - 203
0
frame - 204
0
frame - 205
1
473 439 17 21
frame - 206
1
473 439 17 21
frame - 207
1
474 438 18 22
frame - 208
1
474 438 18 21
frame - 209
2
474 438 17 21
934 440 13 18
frame - 210
1
474 436 18 23
frame - 211
2
474 438 18 21
101 395 10 16
frame - 212
1
474 437 18 21
frame - 213
2
474 437 18 22
96 395 11 17
frame - 214
1
474 436 18 22
frame - 215
1
474 437 18 21
frame - 216
1
474 437 18 22
frame - 217
1
474 438 18 21
frame - 218
1
474 438 18 21
frame - 219
1
474 438 18 21
frame - 220
1
475 439 17 20
frame - 221
1
474 437 18 22
frame - 222
1
474 436 18 22
frame - 223
1
474 437 18 22
frame - 224
2
474 437 18 21
901 424 13 18
frame - 225
1
475 438 17 21
frame - 226
1
475 438 17 21
frame - 227
0
frame - 228
0
frame - 229
2
900 425 13 17
476 438 17 21
frame - 230
1
477 439 17 20
frame - 231
2
476 439 18 20
901 425 13 17
frame - 232
2
901 424 13 17
476 439 17 20
frame - 233
2
901 423 14 18
477 438 17 21
frame - 234
1
479 439 17 20
frame - 235
2
479 438 17 21
903 423 13 18
frame - 236
1
479 438 17 21
frame - 237
1
479 437 18 22
frame - 238
1
480 437 17 22
frame - 239
1
480 438 17 21
frame - 240
1
480 438 18 21
frame - 241
1
480 437 19 22
frame - 242
1
480 437 19 22
frame - 243
1
481 438 18 21
frame - 244
1
481 439 18 21
frame - 245
1
482 439 17 21
frame - 246
1
482 437 18 22
frame - 247
1
482 437 19 22
frame - 248
1
483 437 18 22
frame - 249
0
frame - 250
0
frame - 251
0
frame - 252
0
frame - 253
0
frame - 254
0
frame - 255
0
frame - 256
0
frame - 257
0
frame - 258
1
654 458 15 17
frame - 259
1
655 458 14 17
frame - 260
1
655 459 14 16
frame - 261
1
655 459 15 16
frame - 262
0
frame - 263
1
490 444 19 22
frame - 264
2
489 442 20 24
657 459 15 17
frame - 265
1
490 443 19 23
frame - 266
1
490 444 18 22
frame - 267
1
492 445 19 22
frame - 268
1
493 443 19 24
frame - 269
1
494 442 19 25
frame - 270
1
495 443 19 24
frame - 271
2
496 442 19 25
661 459 15 17
frame - 272
0
frame - 273
0
frame - 274
0
frame - 275
0
frame - 276
0
frame - 277
0
frame - 278
1
499 439 22 28
frame - 279
1
497 436 24 31
frame - 280
1
500 439 21 28
frame - 281
2
501 440 21 27
667 458 15 19
frame - 282
1
501 439 21 28
frame - 283
1
502 440 21 27
frame - 284
1
504 441 21 27
frame - 285
1
506 442 20 26
frame - 286
1
507 441 20 27
frame - 287
1
509 443 20 26
frame - 288
1
510 441 19 27
frame - 289
0
frame - 290
0
frame - 291
0
frame - 292
0
frame - 293
0
frame - 294
2
922 423 17 18
671 465 15 17
frame - 295
0
frame - 296
0
frame - 297
0
frame - 298
1
923 423 17 18
frame - 299
1
923 422 17 18
frame - 300
0
frame - 301
0
frame - 302
1
924 422 16 19
frame - 303
1
925 422 16 19
frame - 304
1
925 423 16 18
frame - 305
1
925 422 16 18
frame - 306
1
926 422 17 18
frame - 307
1
927 422 16 18
frame - 308
1
927 423 16 18
frame - 309
0
frame - 310
0
frame - 311
0
frame - 312
1
532 441 21 26
frame - 313
1
677 463 15 20
frame - 314
0
frame - 315
2
532 442 20 25
677 463 16 20
frame - 316
1
533 442 20 25
frame - 317
1
534 441 20 27
frame - 318
1
534 440 20 27
frame - 319
0
frame - 320
0
frame - 321
1
534 442 20 26
frame - 322
1
537 443 19 26
frame - 323
0
frame - 324
0
frame - 325
0
frame - 326
1
679 465 16 20
frame - 327
1
679 464 16 21
frame - 328
1
679 465 16 20
frame - 329
1
679 464 16 21
frame - 330
0
frame - 331
0
frame - 332
0
frame - 333
0
frame - 334
0
frame - 335
1
546 444 21 29
frame - 336
1
547 443 21 30
frame - 337
1
549 442 21 28
frame - 338
1
549 442 21 28
frame - 339
1
547 444 21 29
frame - 340
1
547 443 21 30
frame - 341
1
547 443 21 30
frame - 342
1
549 442 21 28
frame - 343
1
548 443 21 30
frame - 344
2
548 443 21 30
684 466 17 19
frame - 345
2
548 443 21 30
685 466 17 19
frame - 346
2
548 442 22 31
1015 441 11 13
frame - 347
2
1019 440 11 15
549 442 22 28
frame - 348
3
1017 441 12 14
549 442 21 31
686 466 18 20
frame - 349
1
549 442 21 31
frame - 350
2
550 442 21 31
687 466 18 20
frame - 351
1
687 466 18 20
frame - 352
1
687 465 19 21
frame - 353
2
550 442 21 32
688 465 19 21
frame - 354
2
688 465 19 21
1019 441 11 14
frame - 355
1
690 464 19 21
frame - 356
1
690 464 19 21
frame - 357
2
578 436 17 23
690 464 19 21
frame - 358
2
690 465 19 21
1019 441 11 15
frame - 359
0
frame - 360
1
555 445 21 29
frame - 361
1
555 445 21 29
frame - 362
3
555 445 21 29
25 383 11 16
579 435 16 23
frame - 363
2
580 435 15 23
555 444 21 30
frame - 364
1
555 444 21 30
frame - 365
2
555 444 21 30
580 434 16 23
frame - 366
1
555 444 21 30
frame - 367
1
556 444 21 30
frame - 368
2
556 444 21 30
695 464 20 22
frame - 369
2
1018 441 11 15
557 445 20 30
frame - 370
2
557 446 21 29
1015 442 12 14
frame - 371
1
558 447 21 28
frame - 372
1
697 464 21 23
frame - 373
0
frame - 374
1
699 463 20 24
frame - 375
1
699 464 21 24
frame - 376
1
699 467 22 24
frame - 377
2
699 469 21 22
1036 442 13 16
frame - 378
1
700 469 21 22
frame - 379
2
1014 441 12 14
701 469 21 22
frame - 380
1
559 446 21 29
frame - 381
2
561 446 22 29
1037 442 12 16
frame - 382
1
1014 445 12 15
frame - 383
1
1015 444 12 16
frame - 384
1
1038 443 12 15
frame - 385
1
1014 445 12 16
frame - 386
3
1039 442 11 15
708 469 20 23
1016 445 12 15
frame - 387
2
1039 441 11 16
708 470 20 22
frame - 388
3
709 469 20 23
1040 443 11 14
959 429 15 19
frame - 389
2
709 470 20 22
1042 443 10 14
frame - 390
3
711 471 20 23
1044 443 11 14
561 445 23 30
frame - 391
3
711 471 21 23
1043 443 11 15
561 445 24 31
frame - 392
2
713 471 20 23
1042 443 11 14
frame - 393
3
1040 443 11 15
714 471 20 24
561 444 24 31
frame - 394
2
560 443 25 33
716 471 20 24
frame - 395
3
561 443 25 33
717 472 20 23
1039 444 11 14
frame - 396
2
561 443 25 33
717 474 19 22
frame - 397
2
562 443 25 33
717 474 20 23
frame - 398
2
562 443 25 33
719 472 20 24
frame - 399
2
562 444 25 32
719 472 20 24
frame - 400
1
562 443 25 33
frame - 401
1
563 445 24 31
frame - 402
2
563 445 24 31
724 472 21 25
frame - 403
2
567 444 25 32
724 475 22 26
frame - 404
2
567 443 25 33
725 476 21 25
frame - 405
1
567 443 25 33
frame - 406
1
567 444 25 32
frame - 407
1
568 444 25 32
frame - 408
2
568 442 26 34
1034 448 13 15
frame - 409
2
568 442 27 34
1031 447 12 17
frame - 410
2
568 441 27 35
1031 447 12 17
frame - 411
2
569 441 26 35
1031 447 12 16
frame - 412
2
569 442 26 35
1032 447 12 17
frame - 413
2
1031 447 12 17
570 443 25 34
frame - 414
1
1031 446 11 18
frame - 415
1
1032 446 11 17
frame - 416
1
1032 445 12 19
frame - 417
2
1032 446 12 17
571 444 25 32
frame - 418
1
1031 446 12 17
frame - 419
2
1032 446 12 18
572 446 25 31
frame - 420
2
1034 447 12 17
572 443 26 34
frame - 421
2
1034 447 12 17
573 445 26 32
frame - 422
2
1035 448 12 17
573 445 26 32
frame - 423
2
1036 448 11 16
574 445 25 32
frame - 424
2
1037 448 11 16
574 445 26 32
frame - 425
2
1038 449 11 16
576 445 25 32
frame - 426
2
1040 448 11 16
576 444 26 33
frame - 427
1
1040 447 12 17
frame - 428
2
1040 448 12 16
578 449 25 33
frame - 429
2
1040 448 11 16
579 449 24 33
frame - 430
2
1041 448 12 17
578 448 25 34
frame - 431
2
1040 448 11 16
579 448 24 34
frame - 432
1
1044 448 11 17
frame - 433
1
1044 449 11 16
frame - 434
1
1046 448 12 17
frame - 435
1
1046 448 12 17
frame - 436
1
1047 447 12 18
frame - 437
1
1048 447 13 17
frame - 438
1
1048 447 12 17
frame - 439
1
1049 446 12 17
frame - 440
1
1048 447 12 17
frame - 441
1
1048 448 12 16
frame - 442
1
1048 448 13 17
frame - 443
1
1049 447 13 17
frame - 444
1
1051 447 12 17
frame - 445
1
1051 446 12 17
frame - 446
1
1051 446 13 18
frame - 447
3
1050 445 13 18
596 440 29 38
774 476 21 25
frame - 448
3
1050 444 12 18
597 441 27 36
773 475 22 25
frame - 449
2
597 440 29 39
1054 446 11 18
frame - 450
3
1053 449 12 17
601 441 27 36
775 471 22 27
frame - 451
3
601 442 27 40
1055 449 11 17
775 471 23 27
frame - 452
3
1053 449 11 17
602 446 26 36
775 470 23 27
frame - 453
4
1056 450 11 15
603 446 26 36
776 469 24 29
1063 445 12 16
frame - 454
3
1053 450 11 16
604 446 26 36
777 469 24 29
frame - 455
2
606 448 25 35
1059 448 11 16
frame - 456
2
607 447 25 36
1059 448 11 17
frame - 457
4
608 449 25 35
1063 447 10 18
296 414 13 16
541 418 17 21
frame - 458
3
608 449 25 35
1063 447 10 18
296 414 13 16
frame - 459
2
1063 447 11 18
609 450 25 35
frame - 460
3
1063 447 12 18
611 453 24 32
783 470 23 30
frame - 461
3
1064 448 12 18
612 455 23 31
784 471 23 29
frame - 462
1
1063 449 12 17
frame - 463
1
1062 449 12 17
frame - 464
2
1067 448 12 18
787 475 23 26
frame - 465
2
1066 449 12 17
788 475 23 27
frame - 466
3
1066 449 12 18
788 475 23 27
1064 452 13 17
frame - 467
2
1068 449 11 18
787 475 25 26
frame - 468
1
1066 451 11 17
frame - 469
1
1067 451 11 17
frame - 470
1
1067 451 11 17
frame - 471
1
1067 450 11 18
frame - 472
1
1065 451 11 17
frame - 473
1
1068 450 11 18
frame - 474
3
1065 451 11 17
790 477 27 29
631 460 26 33
frame - 475
3
1067 451 11 17
791 479 26 30
633 462 26 31
frame - 476
3
792 479 25 30
1061 452 11 16
1063 453 11 17
frame - 477
3
1063 451 11 17
792 479 26 30
1066 453 11 17
frame - 478
4
1063 451 11 17
793 480 27 30
635 461 27 33
1066 452 11 17
frame - 479
4
1069 454 10 17
637 460 28 34
1066 451 10 17
793 479 29 30
frame - 480
4
1070 455 10 17
794 480 29 30
638 460 28 34
1065 452 11 17
frame - 481
4
794 480 30 30
1069 455 11 18
638 459 30 36
1065 452 11 17
frame - 482
5
795 480 29 31
1073 455 11 18
1069 452 11 17
828 442 23 31
640 467 29 31
frame - 483
3
796 481 29 30
1074 455 11 17
1073 452 11 16
frame - 484
3
1075 456 11 16
796 481 29 30
643 466 29 31
frame - 485
3
1076 455 12 18
644 464 31 35
797 481 29 30
frame - 486
4
644 465 31 35
1077 455 12 17
798 483 28 29
828 440 22 27
frame - 487
4
1078 455 11 18
646 465 31 35
828 439 22 28
799 483 27 29
frame - 488
3
1078 455 11 18
647 465 31 36
800 485 27 29
frame - 489
4
1078 455 12 18
647 467 32 34
800 484 27 30
828 438 22 29
frame - 490
3
1079 455 11 18
648 469 31 33
801 486 27 29
frame - 491
3
1078 454 12 20
649 465 32 35
801 486 27 29
frame - 492
4
650 465 32 35
1078 454 11 18
802 486 26 29
1076 452 10 17
frame - 493
4
1077 454 12 19
803 486 26 29
1074 452 11 17
651 467 31 34
frame - 494
1
1077 454 12 18
frame - 495
2
1080 453 11 20
805 487 26 32
frame - 496
2
1081 453 11 20
805 488 26 31
frame - 497
3
805 488 27 31
1080 453 12 20
658 462 32 37
frame - 498
3
658 458 34 40
806 488 26 31
1080 453 12 20
frame - 499
3
659 456 34 41
806 488 26 31
1079 452 13 21
frame - 500
3
660 457 34 40
806 488 26 31
1078 452 14 21
frame - 501
4
662 458 32 41
807 488 26 31
1079 452 13 20
1083 452 13 21
frame - 502
3
807 488 26 31
1080 452 12 20
1083 452 13 20
frame - 503
3
1080 451 12 21
809 489 25 31
1020 436 13 17
frame - 504
1
1086 453 12 19
frame - 505
1
1086 452 13 21
frame - 506
1
1085 452 13 20
frame - 507
1
1086 452 12 20
frame - 508
1
1087 453 12 20
frame - 509
1
1087 452 13 21
frame - 510
2
1087 452 13 20
1025 437 14 20
frame - 511
3
1087 453 14 20
815 488 26 31
1025 438 16 21
frame - 512
3
1087 453 15 20
816 487 26 33
1027 440 14 19
frame - 513
3
1088 452 15 21
817 486 27 33
1028 438 14 21
frame - 514
2
1088 451 15 22
818 487 26 33
frame - 515
2
1089 452 14 21
819 488 26 31
frame - 516
2
678 457 31 44
1089 452 14 21
frame - 517
1
1091 453 13 20
frame - 518
3
821 485 27 34
1090 453 13 20
1032 438 13 18
frame - 519
3
679 455 33 46
1091 452 13 21
822 485 26 34
frame - 520
3
680 455 33 47
1091 453 13 20
1034 438 13 18
frame - 521
2
1092 454 14 20
1035 440 13 17
frame - 522
2
1034 440 13 17
1092 452 13 20
frame - 523
2
1035 440 14 18
1094 453 12 19
frame - 524
2
1035 440 15 19
1092 455 13 18
frame - 525
2
1034 440 14 17
1092 454 13 18
frame - 526
2
1035 439 14 18
832 488 24 31
frame - 527
2
1035 441 13 17
1092 454 12 17
frame - 528
1
1036 440 14 18
frame - 529
1
1037 439 14 18
frame - 530
2
1037 439 15 18
1094 455 14 19
frame - 531
4
688 461 35 44
1037 440 15 18
1101 454 15 20
836 488 27 32
frame - 532
5
688 460 37 45
1038 439 14 19
837 488 27 34
1101 454 14 18
1094 454 13 19
frame - 533
4
690 463 35 43
1038 439 14 18
838 488 26 33
1104 457 14 17
frame - 534
5
690 464 36 43
1038 440 14 18
1103 459 14 17
840 489 26 32
69 390 11 13
frame - 535
4
691 466 35 41
1039 440 13 19
840 488 28 33
1104 458 13 18
frame - 536
4
692 464 36 44
1039 440 14 18
1104 458 14 18
41 391 12 14
frame - 537
4
1039 441 14 18
1105 458 13 17
693 466 35 43
42 391 11 14
frame - 538
5
693 466 36 44
1040 441 14 18
1105 458 13 17
844 489 27 32
69 390 11 14
frame - 539
4
1041 440 14 18
1104 458 13 17
69 390 12 14
42 391 12 14
frame - 540
5
699 468 34 43
1042 442 14 17
847 490 29 36
1106 458 13 17
43 391 12 14
frame - 541
5
700 470 33 42
848 491 28 36
1041 441 13 18
1106 456 12 18
44 391 12 14
frame - 542
4
1041 441 13 18
848 492 29 35
1105 457 13 18
701 471 33 41
frame - 543
2
1044 444 13 19
851 493 28 35
frame - 544
3
851 494 29 34
1045 442 13 17
704 472 34 41
frame - 545
3
854 492 28 36
1046 442 14 18
701 480 34 38
frame - 546
2
854 493 28 35
1048 442 14 18
frame - 547
3
855 493 29 37
706 481 32 37
1048 445 14 17
frame - 548
3
857 493 28 37
706 478 34 39
1049 442 14 18
frame - 549
3
707 476 34 41
858 494 29 36
1050 442 14 18
frame - 550
3
708 477 34 41
860 495 29 38
1051 443 15 19
frame - 551
2
863 496 28 38
1051 444 13 18
frame - 552
2
864 498 27 38
1051 444 15 18
frame - 553
2
1052 445 15 19
865 498 28 38
frame - 554
3
1055 445 14 19
867 499 29 37
1119 463 12 20
frame - 555
3
868 499 29 37
1056 445 15 19
1119 463 12 20
frame - 556
3
869 500 29 36
1120 465 11 18
1058 446 14 19
frame - 557
3
1122 465 11 18
1059 447 14 19
871 501 29 35
frame - 558
4
1122 465 11 18
873 501 28 35
1058 448 15 18
714 492 33 34
frame - 559
4
1121 464 12 18
714 491 34 36
875 502 27 35
1058 447 14 18
frame - 560
4
877 503 28 34
713 491 36 37
1122 464 11 18
1059 448 14 17
frame - 561
4
879 503 28 35
1124 465 12 17
1059 447 14 18
714 492 36 36
frame - 562
4
879 502 29 37
715 488 38 40
1061 449 14 17
1125 465 11 17
frame - 563
4
1124 465 13 18
1061 449 15 18
715 487 38 41
881 502 28 37
frame - 564
4
1124 465 13 18
882 503 30 36
716 488 38 41
1062 450 15 17
frame - 565
3
883 505 29 33
1125 465 13 18
1061 448 17 19
frame - 566
4
884 504 31 34
1062 447 16 19
1126 465 12 18
720 504 36 29
frame - 567
4
886 505 31 35
720 504 36 30
1062 448 16 18
1125 464 14 19
frame - 568
4
887 506 33 34
1063 447 15 19
1122 464 13 16
722 498 37 36
frame - 569
3
1064 449 16 19
1127 466 12 17
890 507 32 33
frame - 570
3
892 509 31 35
1065 449 15 19
1124 465 12 17
frame - 571
4
893 509 31 35
723 497 38 35
1066 449 14 18
1121 463 12 18
frame - 572
3
895 508 30 37
1067 449 14 19
1124 465 12 18
frame - 573
3
1127 464 14 20
1066 448 15 20
898 509 30 36
frame - 574
4
899 508 31 36
1127 464 13 19
1066 448 16 20
726 502 36 32
frame - 575
4
902 508 29 37
1129 464 14 21
1068 448 15 20
728 494 36 37
frame - 576
3
902 510 30 36
1129 465 13 20
1070 449 14 19
frame - 577
3
905 512 29 34
1132 465 13 20
1070 448 15 20
frame - 578
3
908 511 29 36
1132 465 13 20
1072 449 16 19
frame - 579
4
909 511 29 36
1130 466 12 19
1072 448 16 20
738 489 33 38
frame - 580
5
909 511 31 38
1135 466 13 19
1073 448 15 19
729 504 40 30
911 471 17 24
frame - 581
4
741 480 33 44
910 511 31 38
1136 465 12 20
1074 448 15 20
frame - 582
5
913 511 32 37
729 504 39 30
1136 466 12 18
1074 447 16 20
739 488 34 38
frame - 583
4
914 511 32 38
731 503 39 31
1130 466 12 17
1075 448 15 19
frame - 584
5
915 512 34 37
731 504 39 29
741 488 34 38
1130 467 12 16
1075 448 15 19
frame - 585
3
743 480 35 44
920 514 32 37
733 503 38 31
frame - 586
5
920 514 33 37
743 485 35 41
734 503 39 31
1075 448 16 20
1133 466 13 17
frame - 587
3
745 480 35 45
923 513 32 38
1133 465 14 18
frame - 588
2
923 511 34 41
740 494 37 37
frame - 589
3
925 510 33 42
746 487 33 39
1076 448 15 19
frame - 590
2
927 511 35 42
1136 465 12 18
frame - 591
1
929 510 34 43
frame - 592
2
932 511 34 42
752 477 35 46
frame - 593
3
934 511 34 42
755 479 34 45
1082 448 17 20
frame - 594
2
936 511 33 42
1147 469 13 17
frame - 595
2
939 512 32 42
1149 469 13 17
frame - 596
2
941 511 32 43
1151 469 13 19
frame - 597
2
942 511 34 43
1151 469 13 20
frame - 598
2
944 511 34 43
1151 469 15 21
frame - 599
3
945 512 34 42
1150 470 16 20
1084 449 18 24
frame - 600
2
948 513 33 41
1152 471 15 20
frame - 601
1
951 514 33 39
frame - 602
2
954 515 33 39
852 480 15 24
frame - 603
3
956 514 32 41
853 480 15 24
1154 473 14 18
frame - 604
3
957 513 33 40
1154 474 14 18
852 480 15 24
frame - 605
2
960 514 33 40
1155 474 15 17
frame - 606
2
963 516 32 39
1156 473 14 18
frame - 607
2
965 516 31 38
1156 472 15 19
frame - 608
2
967 518 31 37
1157 472 15 19
frame - 609
2
969 517 31 38
1155 473 16 20
frame - 610
2
971 517 32 39
1154 472 17 21
frame - 611
2
972 519 33 38
1163 473 16 20
frame - 612
2
974 519 33 39
1165 475 14 18
frame - 613
1
978 517 32 42
frame - 614
2
978 519 35 42
1166 473 15 22
frame - 615
2
980 518 34 42
1165 473 16 22
frame - 616
3
981 519 34 42
1165 473 16 22
784 494 35 45
frame - 617
2
985 520 33 41
776 518 38 34
frame - 618
3
986 521 33 41
771 517 44 37
1167 476 15 19
frame - 619
2
987 521 33 41
790 495 32 45
frame - 620
3
990 521 33 44
790 496 34 45
1168 477 15 18
frame - 621
1
990 520 36 45
frame - 622
1
993 521 35 46
frame - 623
1
994 523 35 47
frame - 624
1
995 524 35 46
frame - 625
1
996 524 37 48
frame - 626
1
1002 531 32 41
frame - 627
2
1003 528 33 44
795 501 40 51
frame - 628
3
1004 527 35 46
797 503 39 52
1198 480 15 21
frame - 629
3
1006 528 34 46
798 501 40 53
1178 480 17 20
frame - 630
4
1010 529 33 44
800 501 40 54
1178 480 18 22
1198 481 15 21
frame - 631
4
1012 532 32 43
799 505 42 51
1198 481 16 20
1178 481 18 21
frame - 632
3
1014 532 32 42
1179 481 18 21
1200 481 16 21
frame - 633
4
1015 534 33 43
803 507 41 52
1180 481 17 22
1200 480 17 22
frame - 634
4
808 508 39 52
1015 536 34 42
1180 481 18 22
1199 481 14 21
frame - 635
3
810 510 39 50
1017 536 34 43
1180 481 17 23
frame - 636
3
1019 535 34 45
813 511 37 51
1181 482 17 22
frame - 637
3
816 510 35 52
1021 535 34 46
1183 484 16 20
frame - 638
3
817 510 37 55
1023 535 35 46
1183 483 17 21
frame - 639
3
814 511 41 55
1024 535 34 45
1183 483 18 21
frame - 640
3
1027 534 33 47
818 512 40 54
1184 484 18 21
frame - 641
3
1028 535 34 47
823 514 36 52
1184 484 18 20
frame - 642
3
825 517 35 51
1033 541 30 42
1185 486 18 18
frame - 643
3
1032 540 34 47
827 515 35 54
1186 485 18 20
frame - 644
2
1033 538 34 49
829 516 36 55
frame - 645
2
1035 541 35 48
828 516 39 56
frame - 646
2
1037 541 35 48
831 516 40 56
frame - 647
3
1040 542 35 47
832 516 42 56
1196 487 15 21
frame - 648
4
1041 542 36 47
832 515 46 55
1195 489 15 19
829 535 44 45
frame - 649
3
1042 541 37 50
1195 490 15 19
840 517 43 58
frame - 650
4
1045 542 36 49
1194 490 16 19
840 521 46 55
87 424 10 12
frame - 651
4
1047 544 37 49
845 520 44 58
1195 490 15 19
87 424 10 13
frame - 652
4
1049 545 36 50
844 521 47 58
1196 491 14 18
87 424 10 13
frame - 653
4
1050 545 36 49
848 522 44 58
1198 491 14 18
87 425 10 13
frame - 654
4
846 522 47 60
1055 544 34 51
1197 492 14 18
87 425 10 12
frame - 655
5
1057 546 35 49
848 523 47 62
1198 492 13 19
88 425 10 13
664 453 16 20
frame - 656
5
1058 550 36 47
854 526 43 58
1198 493 14 17
88 425 10 13
1129 474 14 19
frame - 657
5
1062 555 34 42
856 531 45 58
1200 493 13 17
1129 474 14 20
89 425 11 13
frame - 658
5
1062 555 36 45
857 526 47 61
1200 493 13 18
90 426 10 13
1130 476 14 18
frame - 659
5
861 526 46 62
1066 554 34 46
1203 492 15 20
89 426 11 13
1131 475 14 19
frame - 660
6
868 525 43 62
1067 554 34 47
1203 491 16 21
90 426 11 13
951 488 28 31
1132 474 14 20
frame - 661
4
869 529 44 63
1070 558 33 43
1205 491 15 21
90 426 10 12
frame - 662
4
872 528 45 65
1071 554 34 50
1204 492 16 20
91 426 11 13
frame - 663
4
876 526 47 64
1073 554 36 48
1209 492 15 20
91 427 11 13
frame - 664
4
879 531 45 62
1075 555 37 49
1212 492 15 20
91 427 10 13
frame - 665
4
884 529 44 61
1076 555 38 47
1213 493 14 20
90 427 10 13
frame - 666
4
1082 556 34 45
887 527 47 62
1211 495 14 18
91 427 11 13
frame - 667
2
1083 560 34 44
890 531 46 59
frame - 668
3
892 527 47 62
1084 557 37 48
1214 495 18 22
frame - 669
4
1087 556 38 47
893 532 49 56
92 427 10 13
1215 495 16 22
frame - 670
4
895 541 50 53
1092 562 35 41
1214 496 16 21
91 427 10 13
frame - 671
4
1092 559 39 47
900 539 48 55
91 426 10 13
1211 497 17 20
frame - 672
3
1094 560 38 47
904 536 48 59
1215 496 19 23
frame - 673
4
1096 563 38 45
907 534 46 59
1215 497 19 22
89 426 10 13
frame - 674
4
912 526 47 63
1099 561 39 49
1216 497 20 22
90 426 9 13
frame - 675
4
1102 561 39 49
916 530 47 58
1220 496 19 23
90 426 10 13
frame - 676
4
1104 558 41 53
919 532 47 58
1219 498 20 21
93 427 9 12
frame - 677
4
1108 559 40 52
922 535 46 57
1218 499 18 19
94 427 9 13
frame - 678
3
1111 563 39 50
922 536 50 57
1223 500 17 19
frame - 679
3
928 533 50 59
1113 561 40 51
1226 499 19 21
frame - 680
3
932 530 51 62
1115 560 42 54
1227 499 19 21
frame - 681
3
932 530 56 66
1118 561 43 55
1228 499 19 21
frame - 682
2
936 531 54 65
1119 560 45 56
frame - 683
3
938 535 57 63
1123 563 45 56
1226 498 17 21
frame - 684
3
944 533 53 64
1127 565 42 49
1226 498 18 21
frame - 685
2
953 538 47 62
1130 564 42 55
frame - 686
2
954 535 52 64
1132 561 44 59
frame - 687
2
954 536 54 65
1137 564 42 53
frame - 688
2
954 538 57 64
1139 564 43 55
frame - 689
2
1142 563 43 56
960 536 54 65
frame - 690
2
963 553 53 52
1146 562 42 58
frame - 691
2
1148 561 44 61
966 543 54 61
frame - 692
2
1152 563 44 60
969 548 52 57
frame - 693
2
1154 564 45 60
970 543 56 64
frame - 694
2
1159 564 44 63
969 556 56 58
frame - 695
2
977 552 58 60
1162 565 44 64
frame - 696
2
1165 568 44 62
984 555 51 56
frame - 697
2
1167 570 44 60
987 557 52 54
frame - 698
2
1171 570 44 62
991 541 55 69
frame - 699
3
1177 572 44 59
994 553 54 60
990 569 55 50
