frame - 0
4
173 325 28 42
245 335 21 32
1 310 28 37
417 343 22 35
frame - 1
5
167 325 30 41
243 335 22 32
1 307 27 36
414 346 21 36
409 427 18 21
frame - 2
4
162 323 30 41
0 305 24 37
239 341 23 35
412 347 22 35
frame - 3
4
0 304 21 37
239 342 22 34
159 320 30 41
411 350 21 33
frame - 4
4
156 319 29 41
0 304 18 37
238 341 22 35
408 351 21 34
frame - 5
4
153 316 30 42
402 351 21 34
0 305 15 36
235 340 23 37
frame - 6
4
149 313 31 43
0 306 12 41
399 352 19 33
235 339 22 36
frame - 7
3
148 313 30 40
397 352 20 33
0 308 9 40
frame - 8
4
226 335 24 31
146 311 30 42
341 404 21 34
393 351 20 33
frame - 9
3
143 311 29 44
224 332 23 33
389 350 22 34
frame - 10
3
140 312 30 42
218 329 24 37
387 348 23 31
frame - 11
3
138 312 30 43
382 341 23 35
212 327 24 32
frame - 12
3
135 313 31 43
210 326 24 33
380 339 25 36
frame - 13
4
133 313 30 43
208 326 23 34
458 423 26 33
379 336 24 38
frame - 14
3
132 312 30 43
205 327 23 31
380 334 23 35
frame - 15
3
129 311 32 43
203 328 22 30
380 332 24 37
frame - 16
4
126 308 31 43
381 332 24 38
196 328 25 36
278 349 20 35
frame - 17
3
124 305 31 43
193 329 23 33
379 334 23 35
frame - 18
5
121 302 31 45
379 338 25 36
190 328 22 30
448 421 26 29
277 344 21 33
frame - 19
5
116 300 32 44
378 338 26 39
185 326 23 31
274 343 23 34
446 418 26 31
frame - 20
4
113 297 31 45
378 340 27 38
269 350 24 34
182 325 21 32
frame - 21
4
109 296 31 45
380 341 24 37
176 323 23 33
267 353 23 32
frame - 22
5
105 294 32 46
379 340 26 38
256 359 27 35
174 319 22 32
442 413 24 29
frame - 23
5
99 295 33 45
168 316 24 33
380 339 25 38
258 353 26 33
441 412 23 29
frame - 24
6
96 294 31 46
166 314 25 34
381 337 24 39
256 353 26 33
442 414 19 28
490 410 16 24
frame - 25
5
93 293 30 47
165 314 24 33
380 335 25 39
255 353 26 32
441 414 19 28
frame - 26
4
88 294 30 47
379 332 24 36
162 314 23 33
256 354 22 32
frame - 27
4
81 295 32 47
378 328 25 38
158 314 24 34
255 358 23 36
frame - 28
3
76 295 31 46
156 315 24 33
377 326 24 38
frame - 29
4
67 293 35 46
155 316 23 34
376 323 25 36
575 389 16 26
frame - 30
4
64 291 33 47
153 317 23 33
375 322 25 38
243 343 24 32
frame - 31
4
61 288 31 45
374 323 26 37
151 317 22 34
242 344 22 32
frame - 32
4
57 285 32 45
147 316 26 33
239 342 22 34
370 325 26 40
frame - 33
3
54 283 33 46
146 314 25 35
369 327 25 38
frame - 34
4
50 282 33 47
144 313 26 35
367 326 25 39
227 341 24 36
frame - 35
4
47 281 31 46
141 311 26 36
366 326 24 39
225 342 24 36
frame - 36
4
45 280 31 48
364 326 24 41
222 342 22 34
139 309 26 37
frame - 37
4
43 280 32 49
361 324 24 42
139 307 24 35
215 352 26 43
frame - 38
4
41 280 32 49
136 306 25 35
211 338 23 37
357 321 26 40
frame - 39
4
39 282 32 48
208 334 23 34
354 318 26 42
131 306 28 36
frame - 40
4
36 282 33 49
129 307 26 35
354 315 25 42
206 345 25 44
frame - 41
5
35 282 34 50
127 306 26 37
352 312 26 40
204 330 22 35
449 399 18 32
frame - 42
5
36 282 32 49
351 311 26 41
124 308 26 37
202 328 23 32
449 398 18 32
frame - 43
6
34 280 34 50
350 311 26 39
119 309 26 38
199 327 25 37
269 331 26 35
445 398 20 32
frame - 44
5
32 278 34 50
349 311 26 39
268 331 26 35
115 308 26 39
197 326 24 39
frame - 45
5
30 276 34 49
110 309 28 39
348 311 26 39
194 328 25 38
267 331 24 35
frame - 46
6
28 275 34 47
348 312 26 39
107 309 26 37
192 329 26 36
445 403 18 29
814 449 15 18
frame - 47
5
26 272 32 48
347 312 27 40
99 305 29 38
191 330 23 37
813 449 15 18
frame - 48
5
22 271 33 48
94 301 30 40
347 312 28 41
189 331 23 36
812 449 16 18
frame - 49
5
19 269 34 50
94 300 28 40
188 331 23 36
348 313 27 41
812 449 16 18
frame - 50
5
12 268 36 51
90 299 29 39
349 312 26 41
187 329 24 36
812 450 15 17
frame - 51
5
10 269 34 51
349 311 27 42
88 299 27 39
187 327 23 33
812 450 15 18
frame - 52
7
6 268 34 52
350 310 27 42
185 325 25 34
86 301 26 37
262 331 26 36
518 424 18 25
726 418 20 24
frame - 53
4
0 269 36 53
350 307 28 44
83 301 27 38
184 323 24 34
frame - 54
6
0 269 32 53
351 303 28 45
80 303 28 37
259 323 25 35
180 319 25 38
811 450 15 18
frame - 55
5
0 268 26 52
350 300 28 44
178 315 24 35
256 320 26 36
77 305 28 35
frame - 56
9
349 298 30 41
0 272 19 42
253 315 27 36
76 305 27 36
174 311 25 36
771 452 14 17
237 363 24 39
431 399 18 26
812 449 15 18
frame - 57
6
349 295 28 43
252 314 25 36
0 271 12 41
172 310 25 37
75 307 28 38
772 451 14 18
frame - 58
6
349 294 27 44
169 310 25 37
73 307 27 40
249 315 25 38
772 451 13 18
0 267 7 37
frame - 59
5
347 294 28 44
71 309 28 39
165 310 27 38
245 314 26 39
772 451 14 17
frame - 60
6
346 295 28 44
69 305 28 37
241 316 26 38
160 311 28 37
772 450 14 18
814 448 14 18
frame - 61
6
345 297 29 45
238 319 26 36
158 314 26 34
70 304 26 36
771 450 15 18
813 448 15 19
frame - 62
6
343 299 28 42
154 315 25 34
234 322 27 37
66 302 26 36
771 450 15 19
812 448 16 19
frame - 63
7
341 299 28 42
229 323 28 43
151 314 25 37
64 300 27 38
151 331 26 47
772 450 14 19
812 447 16 20
frame - 64
8
145 314 25 35
339 298 28 42
225 326 26 40
61 297 25 35
772 450 14 18
416 405 17 25
813 447 15 19
496 420 15 21
frame - 65
5
334 297 28 42
57 294 27 37
219 323 27 40
141 312 24 37
772 450 14 19
frame - 66
5
55 291 29 41
331 294 28 41
137 309 25 34
213 323 26 40
772 450 15 19
frame - 67
6
53 289 29 43
330 292 26 40
208 320 25 38
135 307 25 34
814 448 14 18
772 450 14 19
frame - 68
5
327 289 27 40
49 290 29 41
206 318 25 37
131 305 25 35
813 447 15 19
frame - 69
5
46 291 28 40
205 315 23 35
323 286 29 42
129 303 25 36
813 448 15 19
frame - 70
5
44 293 27 41
201 311 25 38
322 282 29 43
126 301 26 38
813 448 15 20
frame - 71
4
318 281 30 42
38 293 27 39
123 298 27 40
198 310 26 36
frame - 72
5
318 280 29 42
122 298 27 42
31 291 27 41
198 306 25 34
768 451 15 18
frame - 73
5
314 280 30 42
27 289 28 44
119 298 26 41
196 307 26 38
767 450 14 19
frame - 74
5
313 281 28 40
21 284 28 38
117 298 26 42
193 307 27 39
767 450 14 18
frame - 75
5
14 281 29 40
311 281 27 40
115 301 25 41
191 308 27 40
766 450 14 18
frame - 76
5
309 282 28 41
191 309 24 39
113 302 26 39
10 277 30 42
766 449 14 18
frame - 77
5
110 301 26 41
7 273 29 40
190 310 25 41
307 283 29 43
766 449 14 18
frame - 78
5
110 299 24 39
3 269 31 39
188 313 26 42
305 283 30 43
765 448 15 18
frame - 79
5
187 312 27 43
108 297 25 36
2 266 30 39
305 283 28 42
765 449 15 18
frame - 80
6
304 280 29 42
104 295 26 38
186 312 26 40
2 265 27 39
765 449 15 18
809 440 17 20
frame - 81
5
301 279 30 42
185 310 27 42
101 291 27 40
0 262 27 42
764 449 15 18
frame - 82
4
300 274 30 44
0 262 24 43
184 311 25 39
98 288 27 43
frame - 83
4
296 272 31 42
0 262 22 43
95 285 26 39
178 309 27 40
frame - 84
4
292 269 30 42
91 283 25 39
176 305 26 38
0 263 21 41
frame - 85
4
288 265 32 46
86 282 27 40
171 302 27 40
0 262 19 41
frame - 86
7
285 264 33 46
169 300 27 40
0 261 16 35
84 282 26 40
155 342 28 48
83 301 28 47
768 451 13 18
frame - 87
5
283 265 32 45
164 300 27 38
78 284 26 37
78 304 29 47
0 259 15 36
frame - 88
4
279 265 32 45
74 285 26 38
162 299 27 40
0 255 12 38
frame - 89
5
273 265 33 46
291 390 27 51
69 302 28 49
159 301 25 38
0 254 11 39
frame - 90
3
270 268 32 43
150 302 29 41
63 286 27 39
frame - 91
4
267 268 29 43
56 284 26 38
148 305 27 41
255 423 24 35
frame - 92
4
258 268 32 43
47 283 29 40
144 307 27 40
815 442 16 18
frame - 93
3
253 267 31 44
44 282 26 40
140 306 26 41
frame - 94
4
249 264 30 45
132 304 27 43
39 279 27 44
237 422 22 34
frame - 95
4
127 302 27 41
240 260 30 44
33 274 28 42
464 408 17 25
frame - 96
5
234 257 33 44
124 300 26 42
31 272 29 45
253 401 24 40
225 413 22 37
frame - 97
5
227 253 33 44
29 271 28 43
250 380 29 59
120 302 24 38
222 410 24 38
frame - 98
3
223 248 34 46
114 293 29 45
26 267 28 41
frame - 99
3
220 245 33 46
113 288 27 41
24 268 27 46
frame - 100
3
218 243 33 45
112 282 27 41
21 267 27 46
frame - 101
3
213 242 33 45
16 268 28 46
112 279 27 41
frame - 102
4
209 243 33 46
14 270 27 43
112 277 27 42
454 406 18 26
frame - 103
3
206 243 34 48
13 270 26 44
109 275 27 41
frame - 104
4
205 244 34 47
10 270 27 44
106 274 28 42
447 404 19 28
frame - 105
4
205 244 32 49
104 274 28 43
8 269 26 47
448 403 17 27
frame - 106
4
203 246 32 47
101 274 29 45
3 266 28 46
447 403 16 27
frame - 107
3
201 244 32 49
98 274 30 46
0 263 30 43
frame - 108
3
198 243 33 48
0 260 27 44
98 273 30 46
frame - 109
3
195 240 34 47
97 272 30 45
0 257 23 41
frame - 110
3
193 237 32 48
97 271 28 43
0 254 18 41
frame - 111
3
191 234 32 47
96 266 28 45
0 254 13 40
frame - 112
2
188 229 33 48
92 262 29 45
frame - 113
2
184 225 31 48
89 259 27 43
frame - 114
2
177 220 33 52
86 253 28 45
frame - 115
3
172 220 34 53
80 251 27 43
767 441 15 19
frame - 116
2
167 220 35 51
73 248 30 43
frame - 117
3
161 220 34 52
66 248 31 45
429 396 22 33
frame - 118
5
157 223 34 50
63 248 30 46
894 449 15 18
429 396 22 34
769 442 14 19
frame - 119
3
150 225 36 48
56 249 33 45
770 442 14 18
frame - 120
5
50 249 33 48
143 225 34 50
428 394 21 35
769 442 15 18
894 449 15 17
frame - 121
3
137 225 34 50
46 254 31 43
770 441 15 19
frame - 122
4
128 224 36 49
39 254 31 44
251 360 31 45
769 441 16 19
frame - 123
4
123 220 36 51
32 255 31 48
768 440 16 20
251 366 32 45
frame - 124
4
117 217 34 50
22 251 33 46
244 363 31 42
110 394 28 40
frame - 125
3
110 210 35 52
243 362 30 45
16 247 33 46
frame - 126
6
105 206 35 51
11 244 32 43
92 389 25 38
248 302 25 38
244 360 29 42
769 441 15 18
frame - 127
3
97 201 39 52
4 239 34 43
247 300 25 37
frame - 128
6
93 197 38 51
0 235 34 47
80 377 29 44
237 360 28 42
244 297 27 40
402 392 23 36
frame - 129
3
89 194 39 53
234 361 32 45
0 229 31 47
frame - 130
4
85 193 39 54
0 224 26 48
242 297 26 42
232 361 30 39
frame - 131
5
80 194 39 51
230 362 33 44
238 299 29 44
394 390 22 32
765 440 14 17
frame - 132
5
75 193 39 55
236 300 29 42
228 363 33 42
390 390 21 32
764 441 14 17
frame - 133
5
70 195 40 54
236 299 28 43
387 388 23 34
229 366 32 41
764 440 13 17
frame - 134
5
64 196 41 54
236 299 26 40
231 366 31 39
385 387 24 34
223 366 29 38
frame - 135
5
60 196 40 56
236 298 25 40
382 386 25 36
235 365 28 40
220 366 27 38
frame - 136
3
59 195 40 56
380 383 25 37
237 364 28 43
frame - 137
4
57 192 39 56
232 293 26 38
379 382 24 38
290 417 23 32
frame - 138
4
52 189 42 53
378 382 24 37
289 419 23 30
228 289 27 40
frame - 139
4
47 185 42 53
234 358 26 47
376 384 25 36
224 284 27 39
frame - 140
4
43 180 40 54
375 385 26 36
239 355 22 43
288 421 24 28
frame - 141
5
40 174 40 55
216 277 29 37
241 356 21 40
374 386 25 35
288 423 24 33
frame - 142
5
35 171 40 54
211 274 30 39
372 386 25 35
238 353 23 42
287 420 25 36
frame - 143
4
29 167 40 54
207 273 31 40
239 353 24 43
372 385 24 36
frame - 144
4
25 165 38 54
205 273 30 40
371 384 24 36
241 355 24 40
frame - 145
4
17 165 41 55
202 276 29 40
242 355 24 41
370 383 25 37
frame - 146
4
11 164 38 57
197 279 29 39
240 354 25 42
369 381 24 38
frame - 147
4
3 165 40 57
192 279 29 41
369 379 22 34
805 436 14 19
frame - 148
5
0 166 34 58
187 279 28 40
247 356 25 39
366 377 23 35
239 357 26 38
frame - 149
3
0 167 29 57
364 375 23 37
183 279 26 35
frame - 150
3
363 375 22 36
175 277 28 36
0 167 16 56
frame - 151
2
361 374 23 37
172 274 27 37
frame - 152
2
358 375 25 37
236 356 24 37
frame - 153
1
357 377 21 35
frame - 154
2
355 377 22 34
615 419 14 20
frame - 155
1
355 378 19 33
frame - 156
2
350 377 21 35
158 255 31 38
frame - 157
1
157 252 30 40
frame - 158
1
155 252 30 40
frame - 159
2
152 254 30 39
221 347 21 34
frame - 160
3
219 344 22 32
148 255 30 41
828 430 15 21
frame - 161
1
218 345 22 31
frame - 162
3
215 345 21 31
142 260 30 37
830 431 16 21
frame - 163
3
139 258 32 40
213 345 22 30
831 431 17 20
frame - 164
3
138 257 28 37
213 347 20 29
833 431 15 20
frame - 165
1
211 349 21 29
frame - 166
1
206 350 25 36
frame - 167
1
204 349 23 34
frame - 168
2
120 241 30 40
203 349 22 34
frame - 169
2
117 238 27 40
200 347 23 36
frame - 170
2
110 236 29 40
198 345 23 34
frame - 171
2
104 235 30 41
195 343 25 34
frame - 172
2
96 234 31 42
193 341 24 35
frame - 173
2
88 236 31 42
192 340 22 36
frame - 174
2
82 237 29 41
190 338 21 36
frame - 175
3
72 241 31 40
185 338 23 32
660 430 13 20
frame - 176
1
181 336 24 33
frame - 177
2
51 241 34 42
176 336 25 33
frame - 178
2
43 238 35 44
175 336 22 33
frame - 179
2
35 235 34 44
170 337 22 36
frame - 180
2
27 232 37 46
166 337 24 37
frame - 181
3
22 228 37 48
161 339 24 38
794 431 15 19
frame - 182
3
17 225 36 48
158 341 22 34
795 431 15 20
frame - 183
3
12 221 38 50
155 341 22 33
797 430 16 21
frame - 184
3
9 221 37 48
798 429 16 20
148 337 24 37
frame - 185
2
2 219 40 49
145 335 25 33
frame - 186
3
0 219 37 46
141 331 25 37
268 357 25 37
frame - 187
4
0 219 33 47
139 329 25 36
267 357 25 37
800 429 17 20
frame - 188
5
0 222 28 44
138 328 23 36
255 357 27 38
801 429 17 20
0 295 30 38
frame - 189
6
137 326 23 33
255 356 27 38
0 222 22 46
0 298 26 36
801 429 18 21
0 348 21 37
frame - 190
4
0 301 20 39
0 229 15 38
132 324 27 35
254 355 27 38
frame - 191
2
130 323 26 35
253 354 29 39
frame - 192
2
128 323 26 35
251 354 29 40
frame - 193
1
126 323 26 35
frame - 194
3
123 324 26 35
249 362 26 37
851 428 20 22
frame - 195
2
121 325 26 35
850 428 21 22
frame - 196
1
120 326 25 35
frame - 197
3
241 351 22 34
116 328 28 37
800 430 19 21
frame - 198
3
240 351 22 33
113 328 28 39
800 429 19 22
frame - 199
2
239 349 23 36
111 327 28 38
frame - 200
3
235 347 24 37
109 325 27 39
800 429 19 21
frame - 201
2
231 345 26 39
107 322 28 39
frame - 202
2
106 320 27 39
228 343 27 38
frame - 203
4
225 342 25 34
104 318 26 38
285 364 21 35
799 428 20 21
frame - 204
4
223 340 25 36
100 315 28 37
286 363 19 31
800 428 19 21
frame - 205
3
218 339 26 36
96 312 28 39
801 428 19 22
frame - 206
3
92 309 28 41
213 337 27 39
281 372 24 39
frame - 207
3
89 310 28 38
209 338 26 37
278 368 20 34
frame - 208
4
86 309 27 40
205 340 26 36
276 368 22 35
843 425 21 23
frame - 209
4
78 311 30 40
197 340 29 39
275 368 21 34
843 425 22 24
frame - 210
4
75 312 28 39
191 340 29 38
273 367 20 35
843 426 22 24
frame - 211
4
188 341 28 37
70 313 29 39
273 367 19 33
107 377 26 34
frame - 212
4
183 340 27 36
273 363 20 32
65 314 28 38
843 428 21 23
frame - 213
3
60 313 28 39
177 337 27 37
269 365 22 37
frame - 214
3
53 311 30 40
174 336 27 37
268 361 21 34
frame - 215
3
171 332 25 36
50 308 28 40
261 359 21 35
frame - 216
3
165 331 27 42
46 306 26 41
260 359 21 35
frame - 217
3
42 303 27 40
159 326 29 41
256 358 23 36
frame - 218
3
156 323 30 41
38 300 28 40
824 426 20 22
frame - 219
2
36 298 28 40
152 323 30 39
frame - 220
2
149 323 28 37
34 297 27 37
frame - 221
2
31 296 28 37
142 323 32 40
frame - 222
2
140 324 31 40
29 295 27 38
frame - 223
3
138 325 30 40
27 295 27 39
244 370 29 54
frame - 224
2
136 323 31 41
23 297 29 38
frame - 225
2
133 323 30 40
19 298 30 40
frame - 226
2
130 320 31 41
15 300 31 39
frame - 227
3
12 301 30 39
127 319 32 40
236 368 24 48
frame - 228
3
125 316 32 41
11 301 28 39
799 427 19 21
frame - 229
2
8 299 30 40
124 313 30 41
frame - 230
2
121 311 31 41
5 297 31 39
frame - 231
3
118 310 30 41
3 294 30 40
796 425 20 21
frame - 232
3
115 308 30 40
1 290 29 41
223 354 24 32
frame - 233
3
111 307 31 42
0 285 27 40
223 353 23 33
frame - 234
3
108 308 32 41
0 283 23 41
224 353 20 31
frame - 235
3
106 308 30 43
0 282 20 38
223 354 20 31
frame - 236
3
100 309 32 44
0 279 15 43
223 355 19 31
frame - 237
2
97 310 31 41
0 281 12 40
frame - 238
2
93 309 31 42
219 358 16 28
frame - 239
2
86 308 31 41
217 358 17 28
frame - 240
3
81 307 31 41
217 358 17 28
793 425 19 22
