frame - 0
1
1 311 34 34
frame - 1
0
frame - 2
0
frame - 3
0
frame - 4
0
frame - 5
0
frame - 6
0
frame - 7
0
frame - 8
0
frame - 9
0
frame - 10
0
frame - 11
1
212 330 28 28
frame - 12
1
207 327 32 32
frame - 13
2
204 327 31 31
373 338 34 34
frame - 14
1
203 328 26 26
frame - 15
2
198 328 29 29
373 335 32 32
frame - 16
2
194 328 29 29
121 313 38 38
frame - 17
2
119 310 38 38
192 328 28 28
frame - 18
1
188 328 25 25
frame - 19
2
180 324 31 31
1130 320 81 81
frame - 20
4
108 303 38 38
493 416 22 22
375 342 31 31
1134 322 76 76
frame - 21
2
105 301 38 38
375 342 31 31
frame - 22
1
97 298 43 43
frame - 23
2
92 297 44 44
168 317 27 27
frame - 24
2
89 298 42 42
162 313 31 31
frame - 25
2
85 298 43 43
158 312 34 34
frame - 26
2
79 298 42 42
157 312 32 32
frame - 27
1
74 299 42 42
frame - 28
2
71 299 40 40
374 327 32 32
frame - 29
1
60 294 47 47
frame - 30
1
58 294 44 44
frame - 31
3
54 291 44 44
368 325 34 34
147 318 30 30
frame - 32
3
49 288 44 44
143 315 34 34
366 326 33 33
frame - 33
3
45 285 48 48
145 316 28 28
364 327 35 35
frame - 34
3
43 284 46 46
139 313 33 33
224 339 31 31
frame - 35
3
40 283 45 45
137 311 37 37
217 339 34 34
frame - 36
2
37 283 47 47
215 340 31 31
frame - 37
3
33 282 48 48
133 308 33 33
210 338 34 34
frame - 38
4
128 306 37 37
32 285 46 46
481 418 22 22
208 338 28 28
frame - 39
2
31 285 46 46
204 336 29 29
frame - 40
2
29 286 47 47
201 334 29 29
frame - 41
4
446 403 23 23
27 285 48 48
123 308 34 34
199 330 31 31
frame - 42
2
28 286 46 46
194 327 34 34
frame - 43
2
26 283 48 48
193 327 33 33
frame - 44
2
25 281 49 49
189 324 38 38
frame - 45
3
104 309 40 40
23 279 48 48
189 326 35 35
frame - 46
3
106 312 31 31
22 277 46 46
189 328 31 31
frame - 47
3
96 305 38 38
17 274 48 48
184 329 36 36
frame - 48
2
14 273 48 48
182 329 37 37
frame - 49
3
92 304 32 32
13 272 46 46
181 329 38 38
frame - 50
4
86 300 38 38
7 271 48 48
344 316 32 32
179 327 40 40
frame - 51
3
3 272 48 48
344 314 35 35
179 326 39 39
frame - 52
3
84 302 34 34
2 274 44 44
178 322 38 38
frame - 53
2
347 309 32 32
174 318 42 42
frame - 54
2
345 305 36 36
171 314 41 41
frame - 55
4
430 401 28 28
345 302 36 36
69 302 45 45
171 314 36 36
frame - 56
4
430 400 26 26
345 301 34 34
168 311 34 34
1122 315 93 93
frame - 57
2
344 299 35 35
165 310 35 35
frame - 58
2
342 298 36 36
162 308 37 37
frame - 59
2
343 300 32 32
156 308 38 38
frame - 60
1
153 311 39 39
frame - 61
1
154 314 31 31
frame - 62
1
146 313 36 36
frame - 63
2
144 314 35 35
219 320 39 39
frame - 64
1
141 315 30 30
frame - 65
1
136 311 34 34
frame - 66
1
129 308 37 37
frame - 67
1
127 306 36 36
frame - 68
1
127 303 32 32
frame - 69
3
314 286 43 43
121 300 37 37
1120 314 96 96
frame - 70
2
119 299 37 37
312 283 43 43
frame - 71
1
115 296 43 43
frame - 72
2
112 296 43 43
1130 322 83 83
frame - 73
4
113 299 38 38
304 280 42 42
182 301 45 45
1134 324 75 75
frame - 74
6
109 300 38 38
182 302 44 44
14 283 44 44
300 280 45 45
1130 322 81 81
477 415 24 24
frame - 75
4
107 300 40 40
179 302 45 45
8 279 45 45
299 281 42 42
frame - 76
4
104 300 43 43
5 276 44 44
180 308 42 42
298 284 42 42
frame - 77
4
103 300 40 40
2 271 45 45
294 283 46 46
178 311 43 43
frame - 78
4
105 301 36 36
0 268 43 43
295 284 43 43
178 312 41 41
frame - 79
4
101 298 38 38
1 266 38 38
293 283 44 44
176 312 44 44
frame - 80
3
99 296 36 36
294 281 41 41
175 310 45 45
frame - 81
2
96 292 37 37
292 279 41 41
frame - 82
3
92 289 38 38
288 275 43 43
173 310 44 44
frame - 83
3
87 285 38 38
286 272 43 43
171 307 41 41
frame - 84
2
85 286 33 33
283 268 44 44
frame - 85
4
79 283 36 36
164 301 42 42
280 266 42 42
1127 320 84 84
frame - 86
2
275 264 44 44
75 283 38 38
frame - 87
2
70 283 37 37
273 265 43 43
frame - 88
2
64 284 41 41
268 266 43 43
frame - 89
3
58 284 42 42
148 299 42 42
263 266 44 44
frame - 90
2
54 286 38 38
258 268 46 46
frame - 91
2
256 270 41 41
47 284 41 41
frame - 92
2
41 284 40 40
248 269 43 43
frame - 93
3
242 267 43 43
1120 314 95 95
35 280 42 42
frame - 94
3
30 278 41 41
234 264 45 45
1122 315 95 95
frame - 95
3
25 274 42 42
230 260 44 44
350 319 45 45
frame - 96
3
23 271 42 42
223 256 45 45
1126 318 87 87
frame - 97
2
20 269 40 40
218 252 46 46
frame - 98
3
14 265 45 45
1124 317 90 90
214 248 45 45
frame - 99
3
14 267 40 40
1124 317 90 90
210 245 46 46
frame - 100
3
11 267 41 41
1124 318 90 90
208 244 45 45
frame - 101
3
6 268 42 42
1125 317 90 90
206 243 45 45
frame - 102
3
4 269 43 43
1124 317 90 90
203 244 44 44
frame - 103
3
3 271 40 40
97 273 46 46
198 244 47 47
frame - 104
3
2 272 38 38
95 273 45 45
195 245 48 48
frame - 105
3
1 271 37 37
96 274 44 44
195 246 46 46
frame - 106
2
90 275 48 48
193 247 45 45
frame - 107
2
90 275 47 47
192 246 45 45
frame - 108
3
88 273 47 47
1125 319 90 90
189 244 46 46
frame - 109
3
86 269 50 50
1125 319 90 90
189 242 44 44
frame - 110
2
86 267 45 45
185 238 46 46
frame - 111
2
84 265 46 46
182 234 46 46
frame - 112
2
79 260 48 48
177 229 47 47
frame - 113
1
173 226 46 46
frame - 114
2
167 222 48 48
72 252 46 46
frame - 115
3
162 220 50 50
69 248 43 43
295 578 26 26
frame - 116
3
766 441 21 21
156 220 50 50
60 245 49 49
frame - 117
3
766 441 21 21
151 220 49 49
56 244 47 47
frame - 118
2
145 222 51 51
52 244 47 47
frame - 119
3
767 441 20 20
140 225 49 49
46 247 47 47
frame - 120
2
133 226 48 48
40 250 47 47
frame - 121
3
768 440 22 22
126 226 48 48
35 250 49 49
frame - 122
2
119 223 49 49
28 251 47 47
frame - 123
4
112 220 49 49
245 312 39 39
20 250 47 47
768 438 21 21
frame - 124
3
241 306 44 44
105 216 50 50
14 247 46 46
frame - 125
3
240 302 41 41
98 210 51 51
6 244 46 46
frame - 126
3
237 298 44 44
94 205 51 51
2 242 44 44
frame - 127
3
90 201 50 50
236 295 44 44
1016 286 80 80
frame - 128
3
85 196 49 49
233 294 44 44
1016 286 80 80
frame - 129
4
233 294 44 44
80 194 52 52
1128 322 81 81
1016 286 80 80
frame - 130
3
231 294 45 45
74 193 52 52
1132 323 78 78
frame - 131
4
228 295 45 45
72 193 51 51
1016 286 80 80
1134 325 75 75
frame - 132
2
228 296 43 43
67 195 51 51
frame - 133
3
226 295 45 45
62 195 53 53
1133 323 75 75
frame - 134
2
224 293 47 47
57 196 54 54
frame - 135
2
55 197 51 51
221 291 49 49
frame - 136
3
51 196 53 53
222 289 46 46
1134 325 74 74
frame - 137
2
50 193 51 51
220 286 45 45
frame - 138
3
46 189 51 51
219 283 43 43
1132 324 78 78
frame - 139
2
214 277 46 46
41 184 54 54
frame - 140
2
212 274 43 43
36 179 53 53
frame - 141
2
207 271 44 44
32 173 54 54
frame - 142
2
202 268 47 47
27 169 53 53
frame - 143
3
199 268 46 46
19 164 56 56
1133 324 76 76
frame - 144
3
196 270 44 44
15 164 53 53
1135 324 73 73
frame - 145
3
192 272 44 44
7 162 56 56
1135 324 73 73
frame - 146
3
186 273 46 46
3 164 53 53
1132 323 76 76
frame - 147
3
0 169 45 45
182 275 45 45
1134 324 75 75
frame - 148
1
178 275 43 43
frame - 149
1
171 273 44 44
frame - 150
1
166 271 43 43
frame - 151
1
161 268 44 44
frame - 152
1
159 265 41 41
frame - 153
1
155 260 42 42
frame - 154
1
154 256 42 42
frame - 155
1
153 253 42 42
frame - 156
1
150 249 44 44
frame - 157
1
148 248 44 44
frame - 158
1
148 248 41 41
frame - 159
1
146 250 41 41
frame - 160
2
211 344 35 35
141 251 44 44
frame - 161
1
137 253 44 44
frame - 162
1
135 254 44 44
frame - 163
1
132 254 43 43
frame - 164
1
129 251 43 43
frame - 165
1
126 247 43 43
frame - 166
1
121 243 45 45
frame - 167
2
194 348 36 36
118 241 42 42
frame - 168
2
196 349 33 33
113 236 43 43
frame - 169
2
192 347 37 37
107 233 44 44
frame - 170
2
189 344 39 39
98 230 47 47
frame - 171
2
189 344 37 37
92 230 46 46
frame - 172
2
86 230 45 45
188 343 32 32
frame - 173
2
79 232 44 44
180 335 42 42
frame - 174
2
70 234 44 44
180 336 37 37
frame - 175
0
frame - 176
2
53 236 46 46
174 336 34 34
frame - 177
1
168 332 39 39
frame - 178
1
166 334 34 34
frame - 179
1
25 231 49 49
frame - 180
2
20 229 48 48
157 336 36 36
frame - 181
2
13 226 50 50
150 335 42 42
frame - 182
3
1132 322 79 79
9 224 49 49
152 342 31 31
frame - 183
3
1124 319 89 89
5 221 49 49
145 338 39 39
frame - 184
2
2 219 47 47
141 336 37 37
frame - 185
2
1 220 43 43
137 333 38 38
frame - 186
2
134 332 37 37
1135 326 72 72
frame - 187
2
1125 319 86 86
131 329 38 38
frame - 188
1
128 326 40 40
frame - 189
3
1129 320 82 82
129 326 36 36
800 429 22 22
frame - 190
1
123 322 41 41
frame - 191
2
124 322 38 38
1130 322 82 82
frame - 192
2
121 322 38 38
1132 323 76 76
frame - 193
3
118 322 40 40
801 432 22 22
1132 323 76 76
frame - 194
3
1126 319 86 86
115 323 41 41
802 432 21 21
frame - 195
2
112 325 40 40
800 432 22 22
frame - 196
1
113 327 37 37
frame - 197
2
110 329 37 37
800 429 22 22
frame - 198
2
107 328 40 40
800 429 22 22
frame - 199
3
104 327 42 42
800 429 22 22
1132 323 76 76
frame - 200
3
102 324 42 42
800 428 22 22
1133 323 76 76
frame - 201
3
98 321 44 44
800 427 22 22
1131 322 79 79
frame - 202
3
99 321 38 38
216 338 44 44
800 427 22 22
frame - 203
4
316 188 45 45
95 316 41 41
212 338 43 43
800 427 22 22
frame - 204
4
316 188 46 46
91 314 43 43
1134 324 75 75
800 427 24 24
frame - 205
4
315 188 48 48
88 311 43 43
801 428 22 22
1133 323 74 74
frame - 206
3
83 309 45 45
1130 322 81 81
802 428 21 21
frame - 207
2
80 309 44 44
1133 322 77 77
frame - 208
2
77 309 42 42
192 338 41 41
frame - 209
4
1132 323 78 78
71 310 43 43
187 340 41 41
804 430 21 21
frame - 210
2
66 311 43 43
181 340 42 42
frame - 211
3
1130 320 82 82
61 313 42 42
806 428 23 23
frame - 212
2
1132 323 79 79
57 314 41 41
frame - 213
3
53 314 38 38
168 340 37 37
808 428 21 21
frame - 214
2
1129 322 82 82
44 310 44 44
frame - 215
2
40 307 43 43
809 426 23 23
frame - 216
2
36 305 42 42
809 426 23 23
frame - 217
2
31 301 46 46
810 425 22 22
frame - 218
2
28 300 43 43
810 425 22 22
frame - 219
1
26 297 42 42
frame - 220
1
24 295 45 45
frame - 221
2
22 294 44 44
808 426 22 22
frame - 222
1
20 294 43 43
frame - 223
1
16 293 47 47
frame - 224
1
13 294 47 47
frame - 225
1
11 297 44 44
frame - 226
1
8 298 44 44
frame - 227
1
5 299 44 44
frame - 228
3
4 299 43 43
114 316 44 44
800 428 22 22
frame - 229
3
3 299 39 39
1016 288 79 79
112 315 44 44
frame - 230
3
2 297 39 39
1127 320 87 87
108 311 46 46
frame - 231
2
1 296 33 33
107 309 46 46
frame - 232
3
1 294 29 29
104 309 45 45
795 425 22 22
frame - 233
2
101 309 45 45
1123 319 90 90
frame - 234
2
1127 320 87 87
97 308 47 47
frame - 235
1
94 309 44 44
frame - 236
2
91 311 43 43
792 423 22 22
frame - 237
2
792 423 23 23
87 310 44 44
frame - 238
2
80 310 44 44
1253 515 22 22
frame - 239
1
76 308 45 45
frame - 240
0
