frame - 0
2
1 311 34 34
1113 311 104 104
frame - 1
0
frame - 2
1
1120 315 97 97
frame - 3
1
1109 310 106 106
frame - 4
1
1114 312 102 102
frame - 5
1
1118 314 100 100
frame - 6
1
1116 313 100 100
frame - 7
1
1116 313 102 102
frame - 8
1
1117 314 100 100
frame - 9
1
1117 315 100 100
frame - 10
2
1117 314 102 102
218 332 28 28
frame - 11
2
1114 312 104 104
210 329 30 30
frame - 12
2
1115 313 101 101
207 326 31 31
frame - 13
2
1114 313 102 102
206 328 27 27
frame - 14
2
1113 312 104 104
201 327 30 30
frame - 15
3
1115 314 101 101
197 327 32 32
374 335 32 32
frame - 16
4
1115 314 100 100
122 314 37 37
195 328 29 29
375 336 31 31
frame - 17
3
117 310 41 41
1110 311 108 108
191 328 28 28
frame - 18
4
114 306 42 42
1111 311 107 107
187 327 28 28
789 476 45 45
frame - 19
3
1113 312 105 105
182 326 28 28
183 388 43 43
frame - 20
2
104 300 44 44
1114 312 104 104
frame - 21
3
102 299 40 40
1117 314 99 99
173 321 29 29
frame - 22
3
98 299 41 41
1114 314 101 101
167 318 34 34
frame - 23
3
92 298 43 43
1100 304 123 123
167 317 27 27
frame - 24
5
89 297 42 42
1117 315 100 100
162 314 32 32
486 414 23 23
376 338 32 32
frame - 25
4
85 298 42 42
159 312 32 32
1117 317 97 97
485 413 22 22
frame - 26
3
77 298 46 46
157 312 32 32
1116 314 101 101
frame - 27
4
75 299 42 42
1114 314 102 102
156 314 29 29
377 331 29 29
frame - 28
4
69 298 43 43
1113 313 104 104
153 315 31 31
374 327 32 32
frame - 29
4
64 297 43 43
1113 313 104 104
150 316 32 32
372 325 31 31
frame - 30
3
58 294 43 43
1111 311 107 107
149 318 30 30
frame - 31
4
55 292 43 43
1108 310 110 110
145 317 32 32
370 326 31 31
frame - 32
4
51 290 41 41
1119 317 96 96
144 316 32 32
366 326 34 34
frame - 33
5
46 286 45 45
1120 315 96 96
141 314 33 33
365 328 34 34
228 339 31 31
frame - 34
4
43 285 45 45
1119 314 98 98
142 315 30 30
364 329 31 31
frame - 35
3
40 284 44 44
1120 316 95 95
136 310 37 37
frame - 36
4
135 309 34 34
38 283 45 45
1122 318 92 92
217 342 28 28
frame - 37
4
134 308 34 34
34 283 47 47
1122 317 94 94
212 339 30 30
frame - 38
4
33 285 46 46
131 308 32 32
1118 315 98 98
206 338 31 31
frame - 39
4
128 306 36 36
31 285 46 46
1117 314 100 100
205 338 28 28
frame - 40
4
125 308 34 34
30 286 46 46
1116 316 100 100
200 334 29 29
frame - 41
4
122 308 35 35
28 285 49 49
1114 314 104 104
198 331 31 31
frame - 42
4
119 308 36 36
28 285 47 47
1115 312 104 104
194 328 33 33
frame - 43
3
27 284 47 47
1118 314 100 100
191 325 37 37
frame - 44
4
112 311 35 35
25 281 48 48
1115 313 104 104
191 326 34 34
frame - 45
4
106 309 39 39
23 279 48 48
1119 315 98 98
191 328 31 31
frame - 46
4
104 310 32 32
21 277 46 46
1116 315 100 100
187 328 33 33
frame - 47
4
18 275 45 45
97 306 37 37
1117 314 101 101
184 328 36 36
frame - 48
4
93 304 36 36
15 273 47 47
1115 314 101 101
184 330 34 34
frame - 49
4
91 303 34 34
12 273 46 46
1117 314 101 101
183 331 34 34
frame - 50
4
88 302 35 35
8 272 46 46
1117 313 102 102
180 328 38 38
frame - 51
5
86 302 34 34
5 273 45 45
1114 310 107 107
345 314 32 32
180 327 36 36
frame - 52
3
1 274 44 44
1117 313 101 101
181 325 31 31
frame - 53
2
1112 311 106 106
175 319 39 39
frame - 54
3
346 306 34 34
1116 313 101 101
172 316 40 40
frame - 55
4
345 302 36 36
74 304 36 36
1115 313 103 103
170 313 38 38
frame - 56
3
344 301 35 35
168 311 36 36
1113 312 105 105
frame - 57
2
167 311 33 33
1115 314 100 100
frame - 58
3
342 298 37 37
163 310 35 35
1115 313 104 104
frame - 59
2
158 310 34 34
1114 313 102 102
frame - 60
3
340 300 34 34
153 311 37 37
1117 314 100 100
frame - 61
2
1115 312 105 105
153 314 32 32
frame - 62
2
1113 312 106 106
146 313 38 38
frame - 63
2
1119 315 98 98
144 314 34 34
frame - 64
2
1110 310 110 110
139 313 35 35
frame - 65
3
46 289 47 47
1112 311 107 107
134 311 37 37
frame - 66
4
47 290 43 43
130 309 35 35
1113 312 104 104
726 510 60 60
frame - 67
3
130 307 32 32
1115 313 102 102
198 316 41 41
frame - 68
3
125 303 34 34
1115 312 102 102
839 521 28 28
frame - 69
5
119 299 42 42
1115 315 101 101
197 313 35 35
316 288 40 40
840 521 28 28
frame - 70
2
118 299 39 39
1120 317 94 94
frame - 71
3
114 297 43 43
28 291 47 47
1119 316 95 95
frame - 72
4
113 298 40 40
187 304 37 37
1118 316 96 96
308 280 41 41
frame - 73
5
112 299 38 38
182 301 44 44
20 287 42 42
1118 316 97 97
305 281 41 41
frame - 74
4
107 299 42 42
13 283 44 44
1119 316 97 97
301 280 42 42
frame - 75
5
106 301 41 41
8 279 46 46
1116 315 100 100
300 281 41 41
180 303 43 43
frame - 76
5
106 301 40 40
6 276 44 44
178 307 42 42
1108 309 111 111
299 283 42 42
frame - 77
5
295 284 43 43
103 300 41 41
3 271 44 44
1114 312 104 104
178 310 43 43
frame - 78
5
2 270 38 38
295 284 43 43
105 303 34 34
1107 307 115 115
176 311 44 44
frame - 79
5
102 299 38 38
0 266 38 38
294 284 42 42
1108 307 116 116
175 312 45 45
frame - 80
3
99 296 36 36
1109 309 111 111
173 310 45 45
frame - 81
4
96 293 36 36
293 280 40 40
1117 316 98 98
174 311 43 43
frame - 82
4
92 289 37 37
290 276 42 42
1120 316 96 96
174 310 42 42
frame - 83
4
88 287 37 37
286 272 43 43
168 306 47 47
1120 316 97 97
frame - 84
4
82 284 39 39
284 268 43 43
169 304 40 40
1120 316 96 96
frame - 85
4
164 302 40 40
280 266 42 42
1116 314 101 101
79 284 37 37
frame - 86
3
275 264 44 44
1114 312 104 104
75 283 39 39
frame - 87
4
71 285 37 37
272 265 43 43
156 298 42 42
1109 309 111 111
frame - 88
3
64 284 40 40
268 265 44 44
1112 311 107 107
frame - 89
3
60 286 39 39
263 266 43 43
1115 313 102 102
frame - 90
3
56 287 35 35
261 269 42 42
1115 313 101 101
frame - 91
3
255 268 43 43
47 284 42 42
1113 313 104 104
frame - 92
3
248 268 44 44
40 283 41 41
1114 311 104 104
frame - 93
3
243 268 42 42
34 280 43 43
1113 312 104 104
frame - 94
3
29 278 43 43
234 264 46 46
1110 312 107 107
frame - 95
3
24 274 42 42
230 259 44 44
1118 315 98 98
frame - 96
3
22 272 42 42
224 258 42 42
1117 316 98 98
frame - 97
3
21 270 39 39
1118 315 98 98
218 252 45 45
frame - 98
3
17 267 41 41
1118 315 99 99
215 248 45 45
frame - 99
3
12 267 43 43
1118 315 99 99
211 246 44 44
frame - 100
4
12 268 40 40
1119 315 98 98
101 281 46 46
208 243 45 45
frame - 101
4
6 267 43 43
100 277 41 41
1118 315 99 99
205 243 44 44
frame - 102
3
6 270 41 41
1115 312 103 103
202 244 44 44
frame - 103
4
3 271 41 41
97 272 46 46
1117 314 100 100
198 243 47 47
frame - 104
4
1 272 40 40
92 272 50 50
1116 314 102 102
197 246 45 45
frame - 105
4
1 272 36 36
91 274 49 49
1115 313 102 102
194 246 46 46
frame - 106
3
90 275 47 47
1115 314 102 102
193 247 46 46
frame - 107
3
89 275 47 47
1116 314 101 101
192 246 45 45
frame - 108
3
86 273 48 48
1116 314 102 102
189 244 46 46
frame - 109
4
161 448 24 24
87 271 46 46
1113 312 104 104
187 242 46 46
frame - 110
3
85 268 45 45
1115 314 102 102
184 238 47 47
frame - 111
3
83 266 46 46
1111 312 107 107
181 234 47 47
frame - 112
3
79 261 47 47
1111 312 106 106
178 230 46 46
frame - 113
3
76 256 47 47
1111 311 108 108
174 225 46 46
frame - 114
3
1112 311 107 107
167 222 47 47
69 250 49 49
frame - 115
3
1110 310 110 110
162 221 48 48
68 247 45 45
frame - 116
3
1109 310 110 110
157 220 48 48
60 244 50 50
frame - 117
3
1112 312 106 106
153 222 47 47
56 244 46 46
frame - 118
3
1111 310 109 109
146 222 48 48
52 244 48 48
frame - 119
4
767 441 20 20
1113 311 106 106
140 225 49 49
45 246 48 48
frame - 120
3
1110 310 110 110
134 226 48 48
39 249 49 49
frame - 121
3
1110 310 108 108
127 227 47 47
31 249 52 52
frame - 122
3
1114 312 103 103
118 224 49 49
27 251 50 50
frame - 123
4
1117 314 99 99
112 220 48 48
244 311 43 43
20 250 47 47
frame - 124
4
240 306 46 46
1117 315 101 101
105 216 48 48
12 246 50 50
frame - 125
4
239 301 44 44
1116 313 103 103
99 211 48 48
5 244 46 46
frame - 126
4
240 300 40 40
94 206 49 49
1113 312 106 106
1 241 46 46
frame - 127
3
89 202 49 49
237 296 43 43
1115 312 104 104
frame - 128
3
85 197 49 49
233 294 44 44
1113 311 107 107
frame - 129
3
81 195 50 50
232 294 45 45
1116 314 103 103
frame - 130
3
232 295 43 43
76 194 51 51
1118 316 99 99
frame - 131
3
228 295 46 46
71 194 51 51
1116 314 101 101
frame - 132
3
228 296 44 44
67 195 51 51
1118 315 99 99
frame - 133
3
227 297 44 44
63 196 50 50
1120 316 96 96
frame - 134
3
224 294 47 47
59 197 51 51
1116 314 102 102
frame - 135
3
54 197 52 52
222 292 47 47
1118 315 98 98
frame - 136
3
223 291 42 42
51 196 52 52
1118 315 98 98
frame - 137
3
49 194 51 51
221 286 45 45
1117 314 101 101
frame - 138
3
46 190 50 50
218 283 45 45
1116 313 103 103
frame - 139
3
215 278 44 44
41 184 53 53
1118 315 100 100
frame - 140
3
212 275 42 42
37 180 52 52
1114 313 105 105
frame - 141
3
33 174 52 52
207 271 44 44
1117 314 101 101
frame - 142
3
27 170 51 51
203 270 44 44
1121 317 95 95
frame - 143
3
199 269 45 45
20 166 53 53
1117 313 102 102
frame - 144
3
196 270 44 44
15 165 53 53
1118 315 99 99
frame - 145
3
192 273 43 43
9 164 52 52
1119 315 97 97
frame - 146
3
4 166 50 50
187 274 44 44
1120 317 94 94
frame - 147
3
0 169 46 46
183 276 43 43
1120 316 95 95
frame - 148
2
178 276 42 42
1119 316 97 97
frame - 149
2
172 274 43 43
1118 315 99 99
frame - 150
2
166 271 44 44
1119 316 96 96
frame - 151
2
161 268 45 45
1118 315 98 98
frame - 152
2
158 265 43 43
1121 316 94 94
frame - 153
2
157 261 41 41
1119 315 98 98
frame - 154
2
154 256 42 42
1118 314 98 98
frame - 155
2
1120 315 96 96
153 253 41 41
frame - 156
2
1119 315 97 97
151 250 43 43
frame - 157
2
1119 314 99 99
148 248 45 45
frame - 158
2
1119 314 100 100
147 248 43 43
frame - 159
2
1122 317 93 93
146 250 41 41
frame - 160
2
1115 313 104 104
139 251 45 45
frame - 161
2
137 254 43 43
1115 313 103 103
frame - 162
2
134 254 44 44
1114 313 103 103
frame - 163
2
131 254 44 44
1116 314 101 101
frame - 164
2
1118 315 99 99
128 251 44 44
frame - 165
2
1117 314 101 101
126 248 42 42
frame - 166
2
1116 314 101 101
122 244 43 43
frame - 167
2
1117 314 100 100
117 240 44 44
frame - 168
3
197 350 32 32
1117 314 102 102
112 237 44 44
frame - 169
3
191 347 38 38
1119 315 98 98
105 233 45 45
frame - 170
3
188 343 40 40
1117 314 100 100
98 231 46 46
frame - 171
3
1118 315 99 99
92 231 45 45
188 344 36 36
frame - 172
3
1117 314 103 103
85 229 46 46
188 343 31 31
frame - 173
2
1118 315 99 99
77 231 45 45
frame - 174
2
1118 315 100 100
181 336 37 37
frame - 175
2
1118 315 99 99
174 335 39 39
frame - 176
3
1118 315 98 98
56 237 44 44
174 336 32 32
frame - 177
3
1117 314 100 100
42 236 47 47
170 334 35 35
frame - 178
3
1117 314 100 100
35 234 46 46
168 335 32 32
frame - 179
3
1117 314 100 100
26 232 47 47
164 338 32 32
frame - 180
3
1118 315 99 99
20 230 47 47
158 337 36 36
frame - 181
3
1117 314 100 100
15 226 48 48
153 338 38 38
frame - 182
3
1122 317 94 94
9 223 49 49
150 340 35 35
frame - 183
3
1122 317 95 95
6 221 48 48
145 339 38 38
frame - 184
3
1116 313 102 102
3 220 47 47
142 336 36 36
frame - 185
3
1118 315 100 100
1 218 46 46
136 334 38 38
frame - 186
2
1116 314 103 103
133 331 38 38
frame - 187
2
1116 313 103 103
131 329 38 38
frame - 188
2
1113 311 107 107
128 326 39 39
frame - 189
2
1116 314 100 100
128 326 36 36
frame - 190
2
1117 313 99 99
125 324 37 37
frame - 191
2
1116 312 101 101
123 322 39 39
frame - 192
2
1114 312 104 104
120 322 39 39
frame - 193
2
1116 313 101 101
119 323 37 37
frame - 194
3
1110 310 110 110
117 324 38 38
802 432 21 21
frame - 195
2
1111 311 106 106
113 326 38 38
frame - 196
2
1109 309 109 109
110 326 41 41
frame - 197
3
1115 313 102 102
107 327 41 41
800 429 22 22
frame - 198
3
1114 312 104 104
105 327 42 42
800 430 21 21
frame - 199
3
1109 309 111 111
105 327 40 40
801 429 21 21
frame - 200
2
1113 311 106 106
103 326 38 38
frame - 201
3
1114 311 105 105
99 322 42 42
800 427 22 22
frame - 202
3
1118 314 99 99
97 320 42 42
800 427 22 22
frame - 203
3
317 190 42 42
1114 312 105 105
95 317 41 41
frame - 204
3
317 188 45 45
1113 312 104 104
91 314 42 42
frame - 205
3
1116 313 102 102
90 313 40 40
801 428 22 22
frame - 206
4
83 309 45 45
1118 315 99 99
802 427 22 22
202 336 41 41
frame - 207
3
82 310 41 41
1121 316 94 94
803 429 20 20
frame - 208
2
76 310 43 43
1119 316 96 96
frame - 209
3
1119 316 97 97
72 311 41 41
804 430 21 21
frame - 210
2
1120 315 97 97
67 312 40 40
frame - 211
3
1117 313 101 101
60 313 43 43
806 430 21 21
frame - 212
3
1115 313 103 103
57 314 41 41
807 429 22 22
frame - 213
5
1117 313 102 102
52 314 39 39
342 327 127 127
808 427 22 22
166 337 42 42
frame - 214
3
1119 314 98 98
345 328 116 116
46 311 42 42
frame - 215
4
41 308 41 41
1118 314 100 100
343 327 120 120
810 426 22 22
frame - 216
4
37 306 41 41
1121 317 95 95
809 426 23 23
342 327 122 122
frame - 217
3
32 303 42 42
1119 314 100 100
810 425 22 22
frame - 218
3
30 301 39 39
1119 316 98 98
809 425 23 23
frame - 219
2
27 298 41 41
1115 314 102 102
frame - 220
2
24 295 44 44
1116 315 100 100
frame - 221
2
21 294 44 44
1118 315 100 100
frame - 222
2
19 293 44 44
1116 314 102 102
frame - 223
2
17 294 44 44
1119 316 98 98
frame - 224
2
14 295 46 46
1119 315 98 98
frame - 225
2
11 297 43 43
1122 318 94 94
frame - 226
2
10 300 41 41
1117 316 97 97
frame - 227
3
6 299 43 43
1122 317 95 95
127 512 59 59
frame - 228
3
4 299 43 43
1123 318 92 92
113 317 46 46
frame - 229
5
2 298 42 42
1124 318 91 91
110 315 45 45
798 427 22 22
222 437 31 31
frame - 230
3
3 298 36 36
1123 317 93 93
108 312 46 46
frame - 231
3
2 296 33 33
1117 314 101 101
106 310 47 47
frame - 232
2
1121 316 96 96
103 309 48 48
frame - 233
2
102 309 44 44
1123 318 91 91
frame - 234
2
1123 317 92 92
97 308 46 46
frame - 235
2
94 309 45 45
1114 312 108 108
frame - 236
2
1118 314 101 101
90 310 45 45
frame - 237
2
1113 311 108 108
87 311 44 44
frame - 238
2
1116 313 102 102
81 311 43 43
frame - 239
2
1116 313 102 102
76 309 45 45
frame - 240
3
72 307 46 46
1118 315 99 99
448 230 54 54
