0 0.666549 0.353463 0.00602305 0.0109788
0 0.606942 0.379001 0.010517 0.0191179
0 0.453244 0.369363 0.00817603 0.0137929
0 0.636472 0.355428 0.00670928 0.0118843
0 0.404609 0.361793 0.0106091 0.021239
0 0.325189 0.364819 0.0290764 0.0513741
0 0.22309 0.375803 0.0138277 0.0223079
0 0.656818 0.355762 0.00666678 0.0126662
0 0.584205 0.368044 0.0228877 0.0363205
0 0.356138 0.362192 0.0133324 0.0245045
0 0.681281 0.36978 0.0114812 0.0200483
0 0.123797 0.362773 0.0114247 0.0189907
0 0.506034 0.365197 0.0124369 0.0206933
0 0.293917 0.362883 0.0134188 0.0237117
0 0.739584 0.367665 0.0193324 0.036294
0 0.696758 0.369099 0.0165602 0.029016
0 0.143809 0.371567 0.0137132 0.021957
0 0.849603 0.355514 0.0178381 0.0319076
0 0.165449 0.376291 0.0156012 0.0268032
0 0.421503 0.375769 0.018617 0.0299464
0 0.198515 0.364476 0.0193806 0.032401
0 0.483438 0.353744 0.0158788 0.0274343
0 0.802768 0.276985 0.0411199 0.0696349
0 0.244278 0.359758 0.0223507 0.0402394
0 0.972649 0.300248 0.0343731 0.058874
0 0.558918 0.294718 0.0592717 0.101065
