0 0.217921 0.433665 0.0087214 0.0160991
0 0.599372 0.540084 0.00992203 0.0163683
0 0.499503 0.551768 0.00928587 0.0164239
0 0.680098 0.538035 0.00844789 0.0146616
0 0.622162 0.533039 0.00903761 0.0167818
0 0.423145 0.509542 0.008201 0.0156918
0 0.878772 0.507994 0.00941414 0.0152258
0 0.818805 0.52213 0.00870687 0.0145074
0 0.7723 0.531121 0.00875705 0.0151353
0 0.215374 0.570636 0.0108291 0.0186075
0 0.91164 0.531132 0.0104524 0.0176348
0 0.65875 0.544386 0.0089671 0.0150441
0 0.712601 0.544647 0.00898993 0.0152251
0 0.845921 0.528513 0.00955755 0.0161817
0 0.298499 0.575566 0.0108877 0.0181278
0 0.687836 0.618359 0.01133 0.0202767
0 0.296977 0.626708 0.0143303 0.0248041
0 0.748643 0.523451 0.00901312 0.0155181
0 0.400292 0.599092 0.0116528 0.0210139
0 0.146084 0.581395 0.0110981 0.0183996
0 0.373479 0.572371 0.0105637 0.0183604
0 0.281498 0.544835 0.00989893 0.0171316
0 0.550437 0.580903 0.0120092 0.0210868
0 0.356524 0.558777 0.00973392 0.0160315
0 0.437365 0.571453 0.0101308 0.0188957
0 0.425074 0.541175 0.0100201 0.0184182
0 0.688547 0.668919 0.0129399 0.0216107
0 0.557499 0.535549 0.00956738 0.0161127
0 0.594767 0.625829 0.0123079 0.021048
0 0.483534 0.545849 0.0106643 0.0187555
0 0.503736 0.625133 0.0134266 0.0225916
