0 0.827949 0.539144 0.0394109 0.0464297
0 0.376182 0.785319 0.0308934 0.0636734
0 0.481894 0.772517 0.0307624 0.0616819
0 0.165402 0.743743 0.0314993 0.0646027
0 0.546349 0.720017 0.0363454 0.0776662
0 0.280474 0.635286 0.0343655 0.05513
0 0.74732 0.783777 0.0341305 0.0740839
0 0.370701 0.405706 0.034989 0.0592827
0 0.626832 0.672694 0.0341482 0.0580762
0 0.577889 0.764242 0.0357601 0.0767381
0 0.795682 0.719823 0.0453768 0.0852935
0 0.369873 0.71624 0.0351285 0.0736336
0 0.68181 0.709097 0.0344085 0.0714322
0 0.436269 0.518347 0.0367086 0.0688933
0 0.354591 0.524975 0.034837 0.0676643
0 0.237888 0.692159 0.0370023 0.0720593
0 0.458644 0.720928 0.0332007 0.0728334
0 0.655743 0.775014 0.0336928 0.0706173
0 0.135311 0.662453 0.0386781 0.0776905
0 0.548957 0.613745 0.0390218 0.0810638
0 0.875236 0.809682 0.0382155 0.0778243
0 0.28356 0.760872 0.0353168 0.072683
0 0.744706 0.642777 0.0395221 0.0825466
