0 0.840857 0.264577 0.00825536 0.0139441
0 0.456403 0.24623 0.00826949 0.0139406
0 0.132933 0.241028 0.00995053 0.0195365
0 0.648731 0.239408 0.00942051 0.0179206
0 0.439965 0.257718 0.00644052 0.0120626
0 0.490951 0.250135 0.00817832 0.0137043
0 0.465082 0.254434 0.00875199 0.0148757
0 0.512885 0.256422 0.00682229 0.0112256
0 0.884704 0.261798 0.00957257 0.0179001
0 0.810579 0.262755 0.0101448 0.015587
0 0.0779035 0.263347 0.007176 0.0125063
0 0.209331 0.255794 0.00949875 0.0180321
0 0.184109 0.260843 0.00929962 0.0163342
0 0.895177 0.242494 0.0103094 0.0192677
0 0.273848 0.254569 0.00920239 0.0166764
0 0.252947 0.24853 0.0099317 0.0157115
