0 0.842012 0.585317 0.00849646 0.0233463
0 0.721226 0.756758 0.0130836 0.0388439
0 0.593927 0.466767 0.00774473 0.0163089
0 0.201244 0.525656 0.00748764 0.0166957
0 0.48734 0.645799 0.0104833 0.0274711
0 0.305894 0.342179 0.00526547 0.0107956
0 0.00641193 0.565233 0.0067978 0.0154043
0 0.799585 0.486634 0.011477 0.0236674
0 0.128864 0.810076 0.013857 0.0352834
0 0.665292 0.783664 0.0129495 0.0403779
0 0.21797 0.506461 0.00736137 0.0183899
0 0.882065 0.473164 0.0085541 0.0194254
0 0.680056 0.468891 0.00702238 0.0151971
0 0.813902 0.839954 0.0147095 0.0550751
0 0.650343 0.671199 0.0140311 0.0294523
0 0.0378073 0.887957 0.0162147 0.0510287
0 0.480117 0.616131 0.010906 0.0236437
0 0.555715 0.469198 0.00711286 0.0150069
0 0.0788661 0.74255 0.0167543 0.032601
0 0.64879 0.796436 0.014737 0.0466269
0 0.679995 0.883722 0.019829 0.0577602
0 0.0997524 0.706499 0.0135449 0.0309994
0 0.778773 0.896369 0.0332786 0.0882216
