0 0.770884 0.516401 0.0113456 0.0180352
0 0.782728 0.51153 0.0110662 0.0164227
0 0.15904 0.512123 0.00842059 0.013687
0 0.0798833 0.514839 0.00802678 0.0128132
0 0.846242 0.591297 0.0126198 0.0191928
0 0.476842 0.589768 0.010661 0.0151405
0 0.124169 0.502308 0.0115118 0.0184006
0 0.968344 0.565704 0.0115637 0.0186393
0 0.821782 0.513287 0.0128722 0.0203561
0 0.755842 0.536922 0.0167019 0.0246785
0 0.0454308 0.521198 0.0148298 0.0204515
0 0.201443 0.465234 0.0219342 0.0339799
0 0.534366 0.490317 0.0197893 0.0276882
0 0.13998 0.508458 0.0192685 0.0281796
0 0.888652 0.522225 0.0180656 0.0266418
0 0.672122 0.472748 0.0198993 0.0308126
0 0.402768 0.478482 0.0222199 0.0325457
0 0.294564 0.488403 0.0199761 0.0310117
