0 0.592736 0.284458 0.00724351 0.0131856
0 0.0433399 0.288837 0.00707092 0.0130001
0 0.83393 0.273789 0.0116262 0.0215922
0 0.00675856 0.281977 0.00613267 0.0102428
0 0.596759 0.317753 0.0112001 0.0185944
0 0.368281 0.294093 0.0117558 0.0188256
0 0.679797 0.290845 0.00788438 0.0134778
0 0.787138 0.272735 0.0104304 0.0191266
0 0.674188 0.327929 0.0127969 0.0182276
0 0.634115 0.286025 0.0082221 0.0150823
0 0.557508 0.283339 0.00842667 0.0147285
0 0.734501 0.279923 0.00834894 0.0155394
0 0.715348 0.276285 0.00837511 0.015078
0 0.543989 0.332422 0.0132437 0.025833
0 0.850897 0.332755 0.0182966 0.0269377
0 0.400027 0.307104 0.0181629 0.0316991
0 0.597773 0.41226 0.0299412 0.0343604
0 0.920877 0.257297 0.0176481 0.0293355
0 0.405206 0.373533 0.0286407 0.0400937
0 0.820821 0.259848 0.014384 0.0294144
0 0.859867 0.27377 0.01511 0.0286713
0 0.0950628 0.297678 0.0374894 0.0722318
