0 0.723817 0.523113 0.0202782 0.0316672
0 0.257973 0.386826 0.0138921 0.0253633
0 0.690267 0.558181 0.0237273 0.0432846
0 0.600397 0.453854 0.0172225 0.0315204
0 0.0708575 0.415465 0.0187111 0.0362619
0 0.723152 0.485077 0.0141888 0.0242071
0 0.914054 0.400095 0.013311 0.0243133
0 0.669535 0.546035 0.0218171 0.0462294
0 0.10787 0.416124 0.0177087 0.0301474
0 0.365197 0.398955 0.0156492 0.0293732
0 0.706196 0.462308 0.016045 0.0290348
0 0.604127 0.500141 0.0215369 0.0378024
0 0.777252 0.572113 0.0189536 0.0319403
0 0.494857 0.473386 0.0215104 0.0408513
0 0.450274 0.422509 0.0202633 0.0334574
0 0.326538 0.408332 0.0216653 0.0438573
0 0.287324 0.510799 0.0222507 0.0385323
0 0.231601 0.431942 0.0312759 0.0664117
