0 0.63379 0.274821 0.0091908 0.0141614
0 0.343501 0.306901 0.0073708 0.0125893
0 0.640431 0.276097 0.00860977 0.0135759
0 0.700539 0.276199 0.00874621 0.0131289
0 0.254651 0.296231 0.00822607 0.0125704
0 0.980212 0.262791 0.00816441 0.0128597
0 0.776449 0.276333 0.00736576 0.0115103
0 0.628614 0.27504 0.0087803 0.0138315
0 0.71972 0.272676 0.0089215 0.0138229
0 0.208629 0.295522 0.00986919 0.0151358
0 0.600992 0.288816 0.0105326 0.0179575
0 0.901432 0.276869 0.0082975 0.0133757
0 0.713055 0.283004 0.00959998 0.0151037
0 0.879902 0.275164 0.00838089 0.0130777
0 0.330369 0.300955 0.00879809 0.0142496
0 0.466421 0.287694 0.00851861 0.013118
0 0.937398 0.276981 0.00872749 0.0135656
0 0.692446 0.349254 0.00901175 0.0141343
0 0.743387 0.287912 0.00847769 0.0136803
0 0.949753 0.284278 0.00968325 0.0150978
0 0.320105 0.287211 0.00859907 0.0141134
0 0.070296 0.296489 0.0109298 0.016291
0 0.428164 0.286866 0.00874737 0.0128805
0 0.82803 0.286052 0.009157 0.0147228
0 0.57957 0.362612 0.0125405 0.0186708
0 0.621517 0.294406 0.00844461 0.0135652
0 0.74538 0.273745 0.00872165 0.0138367
0 0.668027 0.275231 0.00952524 0.0138957
0 0.86165 0.281493 0.00991476 0.0160583
0 0.638231 0.291109 0.00957489 0.0151515
0 0.487078 0.291411 0.0101076 0.0162594
0 0.193261 0.293379 0.0107964 0.017503
0 0.413112 0.29877 0.0088335 0.0145601
0 0.652671 0.285651 0.00884867 0.01362
0 0.292886 0.29157 0.00964558 0.0160075
0 0.461729 0.303044 0.00950545 0.0154955
0 0.119316 0.300843 0.00906143 0.0144068
0 0.176421 0.301769 0.00935149 0.0152238
0 0.91552 0.282908 0.0102456 0.0158645
0 0.155778 0.294859 0.0102922 0.0169539
0 0.96509 0.279891 0.00988543 0.016653
0 0.527852 0.287266 0.0109465 0.0173948
0 0.791425 0.270512 0.00958145 0.0150878
0 0.990947 0.258935 0.0109113 0.0161986
0 0.559211 0.283303 0.0104822 0.0170743
0 0.112485 0.37362 0.0185051 0.0270961
0 0.233466 0.287754 0.00947376 0.0152804
0 0.934195 0.38011 0.0113228 0.0181685
0 0.0214621 0.314063 0.00986207 0.0161755
0 0.806879 0.283235 0.00997102 0.0160243
0 0.102278 0.307507 0.0112567 0.0183802
0 0.871743 0.306963 0.00998342 0.0161985
0 0.304085 0.295088 0.00887322 0.014626
0 0.767267 0.297276 0.00919116 0.0148774
0 0.268426 0.287314 0.0108606 0.0175576
0 0.175665 0.363849 0.0104393 0.0152585
0 0.142701 0.300576 0.0104169 0.0173046
0 0.380813 0.295296 0.00955701 0.0154146
0 0.247938 0.388591 0.0114437 0.0188412
0 0.0483145 0.2905 0.0122642 0.0179831
0 0.906056 0.359941 0.0133604 0.0215528
0 0.36811 0.33051 0.0210154 0.0369088
