0 0.370822 0.504461 0.0128324 0.0289406
0 0.303781 0.37463 0.00682247 0.0115259
0 0.155085 0.509201 0.00876403 0.0167896
0 0.22503 0.150026 0.00932392 0.0164847
0 0.322147 0.162273 0.00907215 0.0154674
0 0.113423 0.514056 0.00828226 0.0151379
0 0.146488 0.512709 0.00939333 0.018231
0 0.133765 0.507695 0.00820668 0.0151031
0 0.0964997 0.519949 0.00845426 0.0150791
0 0.32441 0.34537 0.0106598 0.0201555
0 0.260741 0.340482 0.0100781 0.0190002
0 0.984875 0.343845 0.0302494 0.1399
0 0.0162169 0.516048 0.0166282 0.0268538
0 0.0478394 0.495669 0.0153387 0.0281095
0 0.73435 0.427333 0.0322605 0.0827782
