0 0.662436 0.342574 0.00853693 0.0165245
0 0.07988 0.348497 0.00962134 0.0173109
0 0.545078 0.367818 0.0097183 0.0162755
0 0.749038 0.354244 0.0101542 0.0190506
0 0.718045 0.352733 0.0104033 0.0200473
0 0.176994 0.345785 0.0111495 0.0229248
0 0.121472 0.353781 0.00887681 0.016505
0 0.926831 0.369054 0.00890774 0.0158163
0 0.804542 0.365947 0.0092659 0.0178088
0 0.504496 0.3365 0.00820637 0.014206
0 0.595411 0.365019 0.0109306 0.0187367
0 0.0508885 0.347234 0.00818911 0.0148355
0 0.971008 0.357181 0.0106071 0.0194516
0 0.406045 0.340163 0.00933704 0.0162887
0 0.432043 0.386192 0.0146365 0.0348646
0 0.894017 0.361146 0.0104584 0.0189858
0 0.0125311 0.335034 0.0170174 0.034934
0 0.64866 0.354419 0.0112931 0.0217742
0 0.847312 0.365144 0.0126722 0.0240385
0 0.759226 0.373528 0.014575 0.0265037
0 0.868072 0.38417 0.0170195 0.0291084
0 0.959252 0.383015 0.0148795 0.0272379
0 0.270743 0.351676 0.0154995 0.0316227
0 0.546286 0.408426 0.0264655 0.0459005
0 0.675117 0.397855 0.0323789 0.0547668
