0 0.99485 0.267723 0.00939006 0.0195267
0 0.91003 0.358287 0.0128698 0.021291
0 0.84972 0.222245 0.0126209 0.0154785
0 0.917022 0.185889 0.0122862 0.0175265
0 0.933612 0.278035 0.0194581 0.0289544
0 0.963826 0.265401 0.0139158 0.0224545
0 0.985572 0.288871 0.01581 0.0260065
0 0.079082 0.240994 0.0161964 0.0239543
0 0.90677 0.310914 0.0165725 0.0306911
0 0.0166688 0.315281 0.0276312 0.0371875
0 0.249321 0.194743 0.0186927 0.0302726
0 0.0277863 0.218143 0.0188014 0.0263339
0 0.069739 0.308942 0.0284514 0.0413256
0 0.522518 0.0996219 0.0821566 0.12241
0 0.659693 0.124372 0.0701115 0.102752
0 0.795534 0.171932 0.0619543 0.0831585
0 0.181766 0.133684 0.0634441 0.0931633
0 0.348466 0.116334 0.0637961 0.10194
