0 0.520645 0.690729 0.00825346 0.0155579
0 0.846837 0.228988 0.0106392 0.0222627
0 0.927345 0.231855 0.0119339 0.0243033
0 0.811542 0.229393 0.0115461 0.0248952
0 0.683482 0.69738 0.00765449 0.0145069
0 0.857811 0.235553 0.0114923 0.0226551
0 0.658171 0.705546 0.00822711 0.0156258
0 0.621707 0.715329 0.00774992 0.0147191
0 0.633042 0.698385 0.00789005 0.0155713
0 0.574022 0.690718 0.00809813 0.0159563
0 0.550289 0.704456 0.00780994 0.0150876
0 0.599706 0.691918 0.0082556 0.0161276
0 0.679978 0.717268 0.00949341 0.0172886
0 0.071796 0.63231 0.0142207 0.0270428
0 0.590487 0.524518 0.0812102 0.174977
