0 0.828352 0.0122682 0.0160065 0.0266462
0 0.0303144 0.0470328 0.0186738 0.0330617
0 0.363721 0.0176807 0.0157982 0.0296183
0 0.86647 0.0381067 0.0191965 0.0370666
0 0.166458 0.0187184 0.0170478 0.0307387
0 0.322967 0.0399479 0.0190342 0.0379401
0 0.522555 0.0306371 0.0190517 0.0328658
0 0.473405 0.0650577 0.0226934 0.0406372
0 0.756035 0.0838078 0.0216259 0.0411618
0 0.15704 0.0877263 0.0241981 0.0450835
0 0.36494 0.125673 0.02755 0.0513423
0 0.814224 0.182517 0.035491 0.0699007
0 0.55108 0.443743 0.0546064 0.093721
