0 0.630498 0.380716 0.0241284 0.0432829
0 0.567704 0.357925 0.00804067 0.0139261
0 0.494516 0.391485 0.018519 0.0293872
0 0.990881 0.364867 0.0191325 0.0529515
0 0.456813 0.360994 0.00952378 0.0152855
0 0.0062108 0.414348 0.012144 0.0540419
0 0.15081 0.431448 0.0252421 0.04213
0 0.314089 0.537849 0.0376529 0.0559698
0 0.521664 0.404643 0.0305923 0.0491799
0 0.869438 0.335987 0.0367054 0.0639338
0 0.167862 0.381405 0.0194949 0.0327152
0 0.669311 0.391071 0.0378165 0.0635775
0 0.244707 0.382635 0.0257637 0.0454609
0 0.272266 0.378531 0.0298747 0.0504358
0 0.0783531 0.50502 0.0361392 0.0563351
0 0.367312 0.419247 0.0434372 0.074381
0 0.753477 0.337218 0.0593063 0.0933499
0 0.192163 0.599007 0.0839482 0.127891
