0 0.538771 0.784693 0.00694609 0.0125731
0 0.828842 0.769637 0.00632977 0.0111232
0 0.456646 0.770424 0.00607204 0.0113655
0 0.990916 0.762265 0.00622886 0.0106335
0 0.884486 0.831088 0.00779784 0.015754
0 0.635963 0.834229 0.00822532 0.016461
0 0.753426 0.863027 0.00871646 0.0187137
0 0.635289 0.865625 0.00797719 0.0167225
0 0.282116 0.952367 0.0114385 0.0293072
0 0.516426 0.826424 0.00773448 0.0149835
0 0.423981 0.800434 0.00816193 0.0155814
0 0.706199 0.802884 0.00726271 0.0165613
0 0.840133 0.791597 0.00874346 0.0157334
0 0.490481 0.831174 0.00889683 0.0164998
0 0.578518 0.845229 0.00907564 0.0176539
0 0.677929 0.858591 0.00837469 0.0191262
0 0.77491 0.867223 0.00946391 0.0199564
0 0.788412 0.809458 0.00849915 0.016963
0 0.807778 0.893394 0.00955659 0.0226717
0 0.223467 0.808799 0.00857659 0.0174659
0 0.935312 0.974281 0.0164431 0.0289957
0 0.4279 0.826698 0.00910971 0.0184785
0 0.849941 0.872429 0.0099985 0.0209926
0 0.483341 0.891507 0.00966293 0.0223281
0 0.163449 0.917026 0.0129498 0.0240007
0 0.662799 0.904849 0.0117525 0.0232517
0 0.783094 0.930991 0.0125645 0.0236692
0 0.719544 0.892758 0.0106759 0.0238388
0 0.287246 0.860193 0.0108694 0.02251
