0 0.548295 0.41212 0.00565606 0.00850181
0 0.227592 0.608951 0.0273441 0.0852393
0 0.527311 0.463395 0.00755191 0.0118049
0 0.782829 0.929242 0.0291966 0.0693031
0 0.945731 0.488543 0.0126385 0.0197099
0 0.455373 0.378607 0.00808868 0.0127551
0 0.621026 0.374041 0.00815111 0.0134292
0 0.707485 0.681038 0.0234493 0.045136
0 0.803951 0.65916 0.0330012 0.0654895
0 0.860803 0.703305 0.0376036 0.0797618
0 0.358882 0.882114 0.0365314 0.0632738
0 0.362729 0.320841 0.0305782 0.0530457
0 0.535184 0.601722 0.0355779 0.0550645
