0 0.460705 0.461932 0.0108519 0.0184908
0 0.587576 0.598716 0.014345 0.0284962
0 0.219872 0.361135 0.0186612 0.0299788
0 0.650699 0.500789 0.0163276 0.0268732
0 0.991015 0.631793 0.0140879 0.0220117
0 0.506749 0.454366 0.0192495 0.0274325
0 0.742605 0.511868 0.0145455 0.0209838
0 0.380635 0.457972 0.0189485 0.0277079
0 0.236813 0.460172 0.0156781 0.0265371
0 0.647496 0.625956 0.0195671 0.0319566
0 0.457779 0.505225 0.0179368 0.0304854
0 0.590382 0.506729 0.0148423 0.0235709
0 0.377979 0.489558 0.0177242 0.028758
0 0.540846 0.519396 0.0270697 0.0421095
0 0.787652 0.493253 0.0223463 0.035065
0 0.268667 0.488821 0.0201364 0.0319664
0 0.854142 0.461386 0.0291843 0.0540748
0 0.337388 0.476871 0.0251835 0.0525978
