0 0.639781 0.454053 0.014462 0.0255988
0 0.799645 0.543234 0.0277829 0.0540492
0 0.718097 0.451466 0.0174387 0.0329108
0 0.576526 0.392918 0.0198758 0.0304477
0 0.94473 0.442618 0.0190268 0.0317769
0 0.874261 0.671699 0.0309351 0.0609221
0 0.413554 0.366001 0.0222376 0.03374
0 0.87103 0.483885 0.027598 0.0489882
0 0.820234 0.572074 0.0333647 0.05953
0 0.81401 0.443846 0.0228192 0.0406912
0 0.11463 0.198212 0.0382793 0.0828248
0 0.73758 0.439523 0.0256895 0.0444045
0 0.663793 0.469399 0.0250551 0.0417625
0 0.271634 0.399599 0.0250537 0.042183
0 0.442014 0.456401 0.0223503 0.0362337
0 0.61986 0.450951 0.0231982 0.0398689
0 0.560649 0.480563 0.0219567 0.0356272
0 0.50478 0.461235 0.0240419 0.0412264
0 0.772919 0.478104 0.0296291 0.0482562
0 0.368997 0.448248 0.0232809 0.0361425
0 0.545172 0.400078 0.022196 0.0368713
0 0.421285 0.500796 0.0265735 0.0436881
0 0.300227 0.414682 0.0268649 0.0497299
0 0.280104 0.458474 0.0301738 0.0506696
0 0.24464 0.325132 0.0243819 0.0427635
