0 0.579185 0.336389 0.0240755 0.0322945
0 0.969378 0.378465 0.0144886 0.0205548
0 0.107437 0.378181 0.0126748 0.0170935
0 0.684254 0.342965 0.0290971 0.0390849
0 0.756658 0.359392 0.020965 0.0292833
0 0.0330726 0.385936 0.0118777 0.0169963
0 0.0372797 0.337337 0.0114063 0.0158875
0 0.900685 0.369927 0.0298498 0.0409022
0 0.522405 0.361194 0.030765 0.0419004
0 0.397905 0.366706 0.0354069 0.0460371
0 0.811147 0.380731 0.0317748 0.0407673
0 0.60191 0.366094 0.0302625 0.0421814
0 0.264822 0.381806 0.0344411 0.0440151
0 0.696936 0.377105 0.0286315 0.0410475
0 0.142625 0.359599 0.0352251 0.0427312
