0 0.714564 0.354412 0.0170957 0.0195007
0 0.405697 0.447518 0.0250627 0.022118
0 0.706435 0.317247 0.00874031 0.0145325
0 0.471179 0.348474 0.0182276 0.0213009
0 0.674348 0.418387 0.0216067 0.0208418
0 0.676391 0.30426 0.00876331 0.0140929
0 0.538161 0.30156 0.00775099 0.0120674
0 0.468935 0.290261 0.00785029 0.0142244
0 0.63677 0.297848 0.00928164 0.0144485
0 0.502107 0.298777 0.00820467 0.0130953
0 0.372854 0.323751 0.0116754 0.0227811
0 0.740091 0.325773 0.00870007 0.0138402
0 0.600913 0.306674 0.00893396 0.0147285
0 0.82705 0.317115 0.0112566 0.0187852
0 0.125875 0.409486 0.021429 0.0230989
0 0.899885 0.360842 0.0121698 0.019326
0 0.258912 0.46687 0.0264069 0.0332343
0 0.29171 0.385579 0.0178033 0.0231884
0 0.921657 0.341572 0.0303007 0.0300781
