0 0.716386 0.448578 0.0154883 0.0242868
0 0.401889 0.592449 0.00935754 0.0144609
0 0.315754 0.589714 0.00725901 0.0114598
0 0.303335 0.5892 0.00669512 0.0104976
0 0.74768 0.418131 0.0186357 0.0280909
0 0.663598 0.462851 0.0137089 0.0228424
0 0.531529 0.464044 0.012485 0.020103
0 0.807847 0.431222 0.0167971 0.0277455
0 0.613693 0.462369 0.0122674 0.0223974
0 0.905661 0.657955 0.0206894 0.0350633
0 0.852445 0.421164 0.0172995 0.0289935
0 0.913011 0.408827 0.017795 0.0338607
0 0.961022 0.6082 0.0251543 0.0419676
0 0.735695 0.567688 0.0286134 0.0563521
