0 0.466168 0.215284 0.0245615 0.051046
0 0.0726731 0.260349 0.014658 0.0361925
0 0.362895 0.24729 0.0156344 0.0333044
0 0.386719 0.217639 0.0261321 0.0529042
0 0.133109 0.281422 0.0196929 0.0392964
0 0.170684 0.268042 0.0212509 0.0411758
0 0.0988601 0.250388 0.0202961 0.0432664
0 0.027024 0.246736 0.0209462 0.0432911
0 0.409913 0.192448 0.0258316 0.058576
0 0.209342 0.240028 0.0228709 0.0479608
0 0.284146 0.22341 0.0255825 0.0541311
0 0.519641 0.171221 0.0332137 0.0710326
0 0.719134 0.213974 0.0323309 0.0705576
0 0.614433 0.199518 0.0274383 0.0607443
0 0.909885 0.230815 0.0351999 0.0771644
