0 0.328712 0.172209 0.0358989 0.0792438
0 0.560309 0.191778 0.0348971 0.06724
0 0.127934 0.697175 0.0361402 0.0659381
0 0.578258 0.552501 0.0337558 0.0707117
0 0.393691 0.679309 0.0350318 0.0680117
0 0.0473956 0.635007 0.0387199 0.0744315
0 0.789955 0.461971 0.0293273 0.0524416
0 0.87269 0.532535 0.0337133 0.0740945
0 0.128889 0.267247 0.0386208 0.076917
0 0.797749 0.345132 0.032773 0.0642681
0 0.288612 0.437668 0.0346872 0.0661764
0 0.986203 0.436953 0.0284582 0.0753398
0 0.72246 0.0840437 0.0366138 0.0687633
0 0.652727 0.0825534 0.0341969 0.0693198
0 0.536768 0.50098 0.0363339 0.0681428
0 0.401057 0.26066 0.0354075 0.0657423
0 0.119601 0.468057 0.0350746 0.070025
0 0.32421 0.528433 0.0353816 0.0728352
0 0.0348772 0.505202 0.0337542 0.0714251
0 0.178642 0.0526691 0.035662 0.0764871
0 0.442294 0.0495646 0.045115 0.0862314
0 0.482829 0.267204 0.0343503 0.071188
0 0.0474931 0.402812 0.0384972 0.076401
0 0.497821 0.360371 0.0407052 0.0796797
0 0.0862244 0.125935 0.03548 0.0725195
0 0.274255 0.0253329 0.0319653 0.048394
0 0.427567 0.420387 0.0355593 0.0622947
0 0.204454 0.318634 0.0331001 0.0720006
0 0.143169 0.277308 0.0383479 0.0743696
0 0.267493 0.518516 0.0332618 0.0647178
0 0.439451 0.572486 0.0324919 0.0658467
0 0.178191 0.170793 0.0353304 0.0797889
0 0.18221 0.517751 0.0379905 0.0759152
0 0.855173 0.246166 0.0351906 0.0739416
0 0.0146163 0.421079 0.0286384 0.0764823
0 0.00867906 0.287596 0.0166729 0.0753708
0 0.581239 0.0330311 0.040606 0.0660621
0 0.0926951 0.240111 0.03521 0.0701774
0 0.0402579 0.186617 0.0343269 0.0806561
0 0.531416 0.142912 0.0389714 0.0899899
