0 0.490959 0.269096 0.0171123 0.0231582
0 0.355077 0.286146 0.0151486 0.022096
0 0.501212 0.432243 0.0189104 0.0270187
0 0.444129 0.307067 0.016985 0.0305488
0 0.660502 0.344806 0.0165581 0.0285796
0 0.326556 0.369573 0.0174637 0.0284261
0 0.288512 0.356032 0.0140606 0.0298488
0 0.628298 0.2694 0.019739 0.0206376
0 0.404138 0.277087 0.0162594 0.0254864
0 0.314447 0.294461 0.017663 0.028777
0 0.55885 0.492729 0.0180669 0.0293049
0 0.360266 0.347389 0.0171683 0.0269574
0 0.421075 0.328114 0.0197529 0.0303602
0 0.437344 0.516831 0.0198991 0.0295725
0 0.354829 0.308605 0.0181233 0.0292811
0 0.621072 0.381382 0.0188001 0.0295295
0 0.627983 0.464917 0.0197015 0.0334948
0 0.590883 0.536431 0.0180939 0.0304225
0 0.50161 0.463059 0.0198869 0.0336663
0 0.347469 0.442772 0.019046 0.0331647
