0 0.443398 0.293353 0.006874 0.0124285
0 0.505569 0.311466 0.00673234 0.0129639
0 0.258893 0.289326 0.00645447 0.0118078
0 0.468262 0.290248 0.0067026 0.0133767
0 0.449424 0.302222 0.0069434 0.0125452
0 0.23075 0.273083 0.00666323 0.0117908
0 0.202813 0.319238 0.00745396 0.0125943
0 0.435814 0.294149 0.00663385 0.0124558
0 0.513723 0.301554 0.00659376 0.0119528
0 0.245396 0.287979 0.00748205 0.0131916
0 0.83613 0.36487 0.0130737 0.0289674
0 0.253067 0.32696 0.0107817 0.0218937
0 0.296264 0.292868 0.00934103 0.0170506
0 0.5569 0.434644 0.0217898 0.0745653
0 0.278324 0.288104 0.00945127 0.0189742
0 0.617001 0.355257 0.0228887 0.0710323
0 0.482646 0.295632 0.0141984 0.0334086
0 0.707489 0.362461 0.0169473 0.0397433
0 0.730533 0.362139 0.0252081 0.059666
0 0.756899 0.363613 0.0332336 0.0893019
