0 0.971272 0.305766 0.00837213 0.0137183
0 0.118475 0.270002 0.0128312 0.0281465
0 0.217031 0.291915 0.00675659 0.0104335
0 0.855374 0.346127 0.0106228 0.0170039
0 0.773423 0.286927 0.00917161 0.0141846
0 0.774319 0.397022 0.00842136 0.0136536
0 0.801051 0.395688 0.00877905 0.0149392
0 0.468303 0.377794 0.00870696 0.0148511
0 0.944797 0.317676 0.00956821 0.016007
0 0.760401 0.351806 0.0097996 0.0167627
0 0.366398 0.231727 0.0158353 0.0362955
0 0.138955 0.273813 0.0171175 0.0356015
0 0.439531 0.274589 0.00985688 0.0150314
0 0.899556 0.32145 0.00946122 0.0167171
0 0.663149 0.226536 0.0202972 0.0451543
0 0.288382 0.256733 0.0210704 0.04509
