0 0.507698 0.0602239 0.0401959 0.0820537
0 0.92114 0.0243608 0.0352759 0.0530266
0 0.780031 0.0708874 0.0414742 0.0874908
0 0.343476 0.0319154 0.0344905 0.061325
0 0.0517551 0.0503518 0.0648513 0.104816
0 0.970741 0.141675 0.058437 0.11791
0 0.428039 0.0426706 0.0446588 0.0838919
0 0.652256 0.0783532 0.0537719 0.102975
0 0.820239 0.0704476 0.0490229 0.0853188
0 0.475364 0.0379263 0.0690249 0.0834716
0 0.936113 0.256941 0.0725101 0.130599
0 0.0938953 0.210762 0.079495 0.142435
0 0.579175 0.0359236 0.044881 0.0753112
0 0.23091 0.0424285 0.0504465 0.0849603
0 0.877237 0.044971 0.0578522 0.0909933
0 0.151127 0.0776057 0.0777308 0.132479
0 0.27772 0.0369975 0.060058 0.0817148
0 0.418804 0.232207 0.0837175 0.15694
0 0.714903 0.0784986 0.0683363 0.120433
0 0.679119 0.249483 0.0745444 0.142949
0 0.325395 0.367884 0.105499 0.214002
0 0.786972 0.315588 0.101272 0.188451
