0 0.394588 0.481752 0.0147129 0.028434
0 0.482435 0.410312 0.0123487 0.020417
0 0.41257 0.429298 0.0125848 0.0224149
0 0.495232 0.419842 0.0131844 0.0221486
0 0.519924 0.447709 0.0144327 0.0240908
0 0.447843 0.415961 0.0135287 0.023603
0 0.374866 0.523572 0.0210022 0.0361574
0 0.574883 0.530704 0.0216702 0.0419886
0 0.543638 0.440535 0.0185172 0.0346892
0 0.53594 0.494105 0.0187003 0.0381857
0 0.426262 0.506361 0.0220255 0.0400132
0 0.344951 0.552696 0.0242378 0.0447182
0 0.47743 0.474757 0.0170873 0.0323644
0 0.517905 0.55094 0.0207353 0.043841
0 0.475592 0.56388 0.0231451 0.0434917
