0 0.606737 0.71277 0.051876 0.0800136
0 0.0971374 0.839284 0.0521755 0.0843115
0 0.76241 0.716789 0.0486326 0.0590341
0 0.574387 0.819056 0.0575309 0.0782882
0 0.247059 0.565233 0.0702779 0.116054
0 0.607168 0.614937 0.0530999 0.0944566
0 0.429625 0.497061 0.0721358 0.10571
0 0.47907 0.661709 0.0665945 0.118908
0 0.922917 0.543543 0.0595466 0.103759
0 0.86159 0.704564 0.0644372 0.108456
0 0.664114 0.530251 0.0535029 0.101209
0 0.917979 0.221709 0.0748407 0.116639
0 0.235268 0.304479 0.0685253 0.129726
0 0.0832631 0.674755 0.0646126 0.0998205
0 0.34845 0.734368 0.0580373 0.105862
0 0.499735 0.343429 0.0585356 0.1108
0 0.596167 0.343862 0.0694757 0.137509
0 0.756873 0.611205 0.0672637 0.109443
0 0.709484 0.348271 0.068507 0.133834
0 0.328735 0.605026 0.0566954 0.111442
