0 0.64781 0.229639 0.00839198 0.00862508
0 0.361694 0.226606 0.0113549 0.011058
0 0.484177 0.319979 0.0179564 0.0124098
0 0.408667 0.315521 0.0245289 0.0256029
0 0.517071 0.223932 0.0108009 0.0105677
0 0.418354 0.316409 0.0233403 0.0244071
0 0.571934 0.216142 0.0137739 0.0148057
0 0.434328 0.226084 0.0152856 0.0153079
0 0.348756 0.268828 0.0143197 0.014102
0 0.40052 0.219727 0.0145267 0.0145699
0 0.722202 0.294486 0.022804 0.0284935
0 0.400009 0.314358 0.0232917 0.0248708
0 0.682083 0.294953 0.0317712 0.0274561
0 0.283037 0.222479 0.130195 0.143731
0 0.812509 0.493489 0.123254 0.115515
