0 0.837642 0.0624623 0.0206371 0.0354214
0 0.760912 0.0747051 0.0179132 0.0348775
0 0.574245 0.0822325 0.016865 0.0276906
0 0.746692 0.101319 0.0169824 0.0286555
0 0.00480918 0.0495441 0.0108465 0.0415918
0 0.480879 0.0839233 0.014239 0.0267125
0 0.187815 0.0425773 0.016008 0.0248899
0 0.397699 0.0460921 0.02027 0.038219
0 0.454433 0.0693021 0.0192232 0.0385361
0 0.376216 0.066601 0.0229666 0.0392129
0 0.290863 0.067807 0.017006 0.0288109
0 0.957291 0.0472596 0.0217927 0.0398381
0 0.497145 0.0620316 0.0219415 0.0373521
0 0.599923 0.0756813 0.0149981 0.023858
0 0.306663 0.0544323 0.0161052 0.0321541
0 0.316031 0.0661227 0.0189708 0.0352607
0 0.772504 0.0752236 0.0287011 0.0449947
0 0.215499 0.0546788 0.0225751 0.0340191
0 0.941276 0.102932 0.0254122 0.0502567
0 0.815894 0.0821944 0.0229061 0.0350916
0 0.703021 0.0636115 0.023984 0.0431757
0 0.66087 0.0923941 0.020987 0.0348706
0 0.338778 0.0673911 0.0205686 0.0361193
0 0.064798 0.052731 0.0265037 0.0434103
0 0.521421 0.0820362 0.0270293 0.0490993
0 0.412291 0.0683961 0.0363568 0.0682194
0 0.863202 0.054382 0.0338076 0.0530803
0 0.91461 0.121205 0.0242729 0.043791
0 0.0796205 0.0258363 0.0277753 0.0454575
0 0.0309181 0.0383655 0.0373398 0.0624969
0 0.118586 0.0624029 0.0253083 0.0418683
0 0.146864 0.0265158 0.0263129 0.0450883
0 0.580377 0.196812 0.0543146 0.0866472
0 0.244073 0.0386561 0.0258725 0.0476856
