0 0.571144 0.438964 0.00933611 0.0116314
0 0.867273 0.2157 0.0576577 0.0471454
0 0.671802 0.437476 0.00841016 0.0115346
0 0.682737 0.443217 0.0100527 0.0130252
0 0.584101 0.449443 0.0110566 0.0128587
0 0.558599 0.448309 0.0096283 0.0116403
0 0.286417 0.1653 0.0235741 0.0265494
0 0.398323 0.193366 0.027601 0.0343067
0 0.891328 0.186263 0.0740042 0.072835
0 0.232876 0.187328 0.0289578 0.0341023
0 0.321612 0.154828 0.0314558 0.0433748
0 0.0350212 0.225219 0.0350851 0.041452
0 0.691461 0.172983 0.0327145 0.0444164
0 0.955547 0.7252 0.0889063 0.112078
0 0.919578 0.517457 0.0504885 0.0604747
0 0.31945 0.429058 0.0440092 0.0562408
