0 0.845942 0.685838 0.0156685 0.0337958
0 0.38389 0.622099 0.0209817 0.0463142
0 0.892119 0.820042 0.0397127 0.0908697
0 0.96589 0.719068 0.014704 0.0408505
0 0.00340532 0.597372 0.00663013 0.0306475
0 0.866272 0.672892 0.00878775 0.0212762
0 0.276751 0.618913 0.0119714 0.0279517
0 0.996119 0.66429 0.00775754 0.0264158
0 0.00886916 0.569844 0.00822146 0.0199816
0 0.252618 0.573636 0.00754362 0.0185471
0 0.0237255 0.548682 0.00717208 0.0158939
0 0.565928 0.614652 0.0091176 0.023534
0 0.606139 0.599782 0.0109173 0.0231686
0 0.223573 0.594859 0.0148317 0.0339786
0 0.737468 0.676308 0.0197563 0.0435842
0 0.972958 0.652448 0.00906408 0.0216591
0 0.611634 0.682109 0.0165607 0.0412426
0 0.0499881 0.619582 0.0160741 0.0378015
0 0.202861 0.59005 0.0100719 0.0240375
0 0.0408505 0.564627 0.0091949 0.0224409
0 0.235412 0.639151 0.0156927 0.0415292
0 0.459909 0.60121 0.00912896 0.0208116
0 0.629146 0.625974 0.0109591 0.0233833
0 0.767156 0.636409 0.0141788 0.0326506
0 0.479307 0.617724 0.0104987 0.0274811
0 0.221593 0.647736 0.0184993 0.0534914
0 0.335505 0.602036 0.0151545 0.0379042
0 0.542537 0.622383 0.0167069 0.0449558
0 0.037582 0.660382 0.0239892 0.0616249
0 0.590334 0.700164 0.0326074 0.0839384
0 0.651241 0.657936 0.0192958 0.0454014
0 0.0833888 0.646621 0.0306927 0.0643193
0 0.33132 0.755124 0.0472046 0.104544
0 0.920992 0.795242 0.0379883 0.0833961
0 0.876743 0.84217 0.0356455 0.0895813
0 0.71312 0.754993 0.0403331 0.0901031
0 0.648734 0.819696 0.0513609 0.125294
0 0.504143 0.685175 0.0417768 0.107742
0 0.0703731 0.746393 0.0592891 0.132527
