0 0.652957 0.0725792 0.0231699 0.0432676
0 0.864429 0.236592 0.0277609 0.0441502
0 0.0516986 0.517347 0.0169974 0.0318347
0 0.697125 0.467346 0.0245379 0.0481789
0 0.236781 0.515148 0.0231857 0.0444311
0 0.183506 0.433815 0.0193913 0.0369419
0 0.414853 0.372488 0.0229944 0.0417587
0 0.822248 0.51689 0.027838 0.0508965
0 0.146559 0.456526 0.0214395 0.0407791
0 0.517724 0.450768 0.023908 0.044423
0 0.309165 0.45078 0.0178858 0.0388172
0 0.103984 0.487313 0.0194941 0.0361006
0 0.336475 0.453841 0.0215138 0.0427102
0 0.393073 0.517115 0.0228034 0.0441376
