0 0.337989 0.400616 0.00559959 0.0142168
0 0.680097 0.377834 0.00565624 0.0137835
0 0.602782 0.418264 0.00652772 0.0223726
0 0.844319 0.369656 0.0119388 0.0307655
0 0.201621 0.455965 0.0108774 0.026643
0 0.245389 0.430519 0.0104325 0.0272828
0 0.513919 0.410012 0.0082553 0.0203387
0 0.736247 0.400791 0.00804359 0.0223268
0 0.644103 0.395883 0.006989 0.0196242
0 0.473237 0.421496 0.00923845 0.0232195
0 0.7119 0.411457 0.0100884 0.0249402
0 0.0706031 0.456099 0.0118451 0.0316594
0 0.763703 0.512886 0.024268 0.0652886
