0 0.00352309 0.132937 0.0076152 0.0354441
0 0.0595263 0.0530722 0.00893202 0.0169587
0 0.687347 0.0739819 0.011629 0.0180377
0 0.0198448 0.0100912 0.00840566 0.0148232
0 0.0603922 0.0631283 0.00909493 0.0181272
0 0.0974876 0.0687441 0.00940258 0.0166942
0 0.156559 0.0728286 0.0110078 0.0178765
0 0.188038 0.0647549 0.0086277 0.0149185
0 0.196173 0.131932 0.019086 0.0379237
0 0.65774 0.0784094 0.00993109 0.0197409
0 0.323424 0.238622 0.0268016 0.0495488
0 0.761076 0.141284 0.0180686 0.029304
0 0.871434 0.165915 0.0154123 0.0364472
0 0.892842 0.186387 0.0183811 0.0344485
0 0.381035 0.159559 0.0216996 0.0414253
0 0.239186 0.316142 0.0319454 0.0600531
0 0.658883 0.259184 0.0317672 0.0654614
0 0.657358 0.162563 0.016012 0.0339533
0 0.808693 0.0880519 0.0110598 0.020294
0 0.978132 0.535269 0.0445307 0.100718
0 0.93885 0.326808 0.0318884 0.0589707
0 0.515382 0.0742881 0.0118543 0.0243547
0 0.436755 0.136745 0.0180355 0.0356523
0 0.840268 0.0863433 0.0109734 0.0202602
0 0.746748 0.0795552 0.0106345 0.0204471
0 0.566085 0.0759468 0.0111273 0.0232972
0 0.499375 0.236727 0.0293225 0.0468342
0 0.706245 0.088224 0.0125461 0.0212281
0 0.783059 0.10786 0.0118943 0.0226495
0 0.255401 0.138537 0.0177916 0.0312347
0 0.559141 0.819082 0.0846617 0.120157
0 0.50673 0.0821363 0.0129594 0.0247561
0 0.407978 0.0757164 0.0110741 0.0198432
0 0.808698 0.228505 0.0200161 0.0400953
0 0.713728 0.568211 0.0390188 0.0899244
0 0.731013 0.103973 0.0117476 0.0222931
0 0.558233 0.106765 0.0145801 0.0250836
0 0.586375 0.210152 0.0253627 0.0562193
0 0.145667 0.134244 0.0226534 0.0426329
0 0.107627 0.22328 0.0252804 0.0512006
0 0.47166 0.175415 0.0205162 0.0397394
0 0.102876 0.149164 0.0219388 0.0412364
0 0.702529 0.135171 0.0144907 0.0279624
0 0.836111 0.404466 0.0531158 0.102883
0 0.673562 0.158868 0.01809 0.0321566
0 0.41922 0.166736 0.0246415 0.0438747
0 0.512574 0.142059 0.017521 0.034743
0 0.29125 0.695135 0.0680859 0.152683
0 0.0652568 0.225929 0.034497 0.0611683
0 0.234093 0.15137 0.0205242 0.0374723
0 0.591704 0.432521 0.0428066 0.0732601
0 0.405654 0.253697 0.0295843 0.0517397
0 0.27409 0.193241 0.0268835 0.0501183
0 0.359944 0.206687 0.0281698 0.0479893
0 0.943998 0.400702 0.042486 0.0754165
0 0.68599 0.400146 0.0371329 0.0683976
0 0.671819 0.338261 0.0389837 0.0806498
0 0.177969 0.355131 0.0437997 0.0806907
0 0.725018 0.438658 0.0521124 0.0915896
