0 0.442414 0.484387 0.0116384 0.0210632
0 0.821154 0.503301 0.0146829 0.0251326
0 0.831694 0.463083 0.0117964 0.0231102
0 0.884654 0.444801 0.0131084 0.0208449
0 0.251098 0.476595 0.0184469 0.0348135
0 0.61972 0.45386 0.0192067 0.0317862
0 0.881787 0.493139 0.0115265 0.0243438
0 0.929638 0.376976 0.00948811 0.0182832
0 0.794006 0.438864 0.0108804 0.0215852
0 0.971412 0.470984 0.0111948 0.027836
0 0.775824 0.449041 0.0220966 0.0400652
0 0.114014 0.310354 0.011663 0.022413
0 0.488219 0.454343 0.0206567 0.0347269
0 0.0697967 0.312361 0.011867 0.0209569
0 0.73829 0.440597 0.0249369 0.0411619
0 0.221719 0.457633 0.0219266 0.0370237
0 0.690289 0.439406 0.0223669 0.0375462
0 0.16643 0.457509 0.0211152 0.0375318
0 0.549987 0.447533 0.0215949 0.0383814
0 0.644554 0.42071 0.0244341 0.0416204
0 0.383057 0.442525 0.0197586 0.0350499
0 0.282332 0.414059 0.0236929 0.0432079
0 0.124863 0.441403 0.0190382 0.0324438
