0 0.467187 0.340629 0.0174091 0.0370496
0 0.465786 0.306911 0.0191448 0.0382342
0 0.121309 0.454623 0.0170375 0.0382964
0 0.615542 0.408902 0.0199095 0.0347675
0 0.873754 0.428846 0.0170389 0.0321811
0 0.450532 0.327797 0.0247807 0.0498037
0 0.814516 0.425918 0.0145468 0.0319496
0 0.653115 0.322068 0.0182028 0.0345432
0 0.583374 0.31615 0.0169735 0.0370765
0 0.719363 0.459054 0.0141708 0.0260346
0 0.848281 0.3827 0.016 0.0291075
0 0.592274 0.343243 0.0173307 0.0337951
0 0.140457 0.447273 0.0234187 0.0428366
0 0.309763 0.309452 0.0230344 0.0378492
0 0.510788 0.324357 0.0230986 0.0396457
0 0.800833 0.417721 0.0193018 0.0316895
0 0.948191 0.326519 0.0216796 0.0369904
0 0.624757 0.436696 0.0212817 0.0383678
0 0.756655 0.456585 0.0198867 0.0359455
0 0.417306 0.326538 0.0267786 0.0470495
0 0.664497 0.438643 0.0219444 0.0398143
0 0.311791 0.355212 0.0264653 0.045668
0 0.532454 0.279881 0.0283946 0.0603687
0 0.0907137 0.320984 0.0279593 0.0520288
0 0.349447 0.328264 0.0262799 0.0453036
