0 0.779196 0.326118 0.0175954 0.0337679
0 0.42812 0.30564 0.0157042 0.0339246
0 0.223278 0.331185 0.0164626 0.0295267
0 0.389214 0.288279 0.017719 0.0343575
0 0.326351 0.296464 0.00893316 0.0162892
0 0.673007 0.298217 0.0163205 0.0276447
0 0.862951 0.361123 0.0215376 0.0347922
0 0.736508 0.365229 0.0188762 0.0370473
0 0.203476 0.29234 0.015364 0.0246097
0 0.103522 0.315152 0.0152407 0.0275277
0 0.362563 0.359807 0.0154959 0.0284852
0 0.575799 0.367361 0.0202481 0.0387634
0 0.991194 0.35066 0.0175184 0.0419626
0 0.282697 0.392562 0.0160988 0.0289961
0 0.523401 0.339324 0.0493645 0.0930438
