0 0.099729 0.528864 0.065701 0.0551282
0 0.116869 0.568908 0.063702 0.0551857
0 0.658284 0.575492 0.0513117 0.0435269
0 0.3847 0.477507 0.045521 0.0358856
0 0.860123 0.488105 0.044408 0.0440038
0 0.264203 0.491987 0.0502433 0.0410385
0 0.693735 0.484257 0.0498083 0.0394984
0 0.959581 0.486841 0.0518617 0.0457212
0 0.132271 0.489055 0.0569375 0.0492596
0 0.82107 0.503081 0.0607001 0.0532738
0 0.381824 0.515018 0.0531667 0.0475348
0 0.534565 0.50713 0.0528312 0.0452081
0 0.310008 0.0860473 0.0776485 0.0644166
0 0.307929 0.542441 0.0612713 0.0601312
