0 0.593725 0.415359 0.00796366 0.0115045
0 0.78305 0.405316 0.0114399 0.019726
0 0.719083 0.406137 0.00967759 0.0142412
0 0.23507 0.440319 0.0154966 0.0310389
0 0.842304 0.388221 0.0143593 0.0221626
0 0.549206 0.414717 0.0120523 0.0187005
0 0.893217 0.394352 0.0147936 0.0259774
0 0.814439 0.416903 0.0181131 0.0301159
0 0.796778 0.428534 0.0143173 0.0243415
0 0.363248 0.423939 0.0108108 0.0169797
0 0.557784 0.407625 0.0120314 0.0188324
0 0.977554 0.436443 0.0244613 0.0459413
0 0.749028 0.405111 0.0152343 0.0210824
0 0.288642 0.438771 0.0145952 0.0212942
0 0.390716 0.424891 0.0152775 0.0218979
0 0.734728 0.398124 0.0140756 0.0206592
0 0.620237 0.408003 0.0141268 0.0216243
0 0.687254 0.410024 0.0145883 0.0201696
0 0.328156 0.405 0.0160788 0.0238331
0 0.440174 0.419012 0.0169666 0.0247651
0 0.658181 0.4193 0.0143307 0.0207427
0 0.489496 0.40802 0.016262 0.0243646
0 0.0574352 0.424921 0.0229316 0.0408524
0 0.0378243 0.484574 0.0278303 0.0417264
0 0.52881 0.435492 0.0312095 0.0403462
0 0.949358 0.41339 0.0382238 0.0572948
0 0.126746 0.4103 0.0419935 0.061047
