0 0.301508 0.526451 0.0320131 0.0561312
0 0.512639 0.555706 0.0254137 0.0486826
0 0.716316 0.620696 0.0285079 0.0463497
0 0.490069 0.349357 0.0276882 0.0389627
0 0.538753 0.61337 0.0248563 0.0406431
0 0.573756 0.561119 0.0268411 0.0452487
0 0.402857 0.633334 0.0275867 0.045772
0 0.780153 0.571324 0.0268849 0.0371085
0 0.429846 0.401346 0.0288844 0.0516086
0 0.247976 0.569742 0.0333551 0.0500247
0 0.376179 0.576959 0.0330849 0.0511917
0 0.453571 0.599081 0.0287686 0.0509411
0 0.190159 0.580961 0.0312797 0.0528058
