0 0.400385 0.0219659 0.0202599 0.0308026
0 0.840923 0.0211127 0.0183744 0.0265571
0 0.989426 0.190521 0.0137503 0.0463461
0 0.173231 0.019432 0.0171889 0.0234953
0 0.0967862 0.0425774 0.0155853 0.029805
0 0.751137 0.0363922 0.0182007 0.0324232
0 0.0224434 0.106266 0.0163815 0.0261028
0 0.879024 0.11566 0.0240631 0.0479494
0 0.325081 0.107003 0.0278183 0.0538581
0 0.637858 0.0762665 0.0303311 0.0597578
0 0.499513 0.195087 0.0362542 0.0670823
0 0.536848 0.274711 0.0376862 0.0734698
0 0.606027 0.313565 0.0488216 0.0959733
