0 0.259899 0.3635 0.00476009 0.0106294
0 0.0659 0.34912 0.00590255 0.0125403
0 0.81865 0.464156 0.0088293 0.019282
0 0.133506 0.403515 0.00626504 0.0133084
0 0.31119 0.39503 0.00530031 0.0111918
0 0.0245154 0.324606 0.00589825 0.0124857
0 0.32731 0.351395 0.00511956 0.0107325
0 0.62936 0.477993 0.00572062 0.0122421
0 0.159903 0.421449 0.00623119 0.0137587
0 0.117792 0.348101 0.00559344 0.0113634
0 0.699921 0.416798 0.00574589 0.0127182
0 0.13375 0.367586 0.00583801 0.0125697
0 0.97875 0.296295 0.00577354 0.0121211
0 0.911425 0.342754 0.00711673 0.0146717
0 0.353317 0.476423 0.00582173 0.012286
0 0.988605 0.296906 0.00529748 0.0109353
0 0.0355576 0.466882 0.00855914 0.0170129
0 0.14406 0.445173 0.00718777 0.016378
0 0.162481 0.376759 0.00606661 0.0126526
0 0.151502 0.474313 0.0075928 0.0160089
0 0.333968 0.468841 0.00619268 0.0125741
0 0.825727 0.398874 0.00742644 0.0160818
0 0.179069 0.351201 0.0172775 0.0359099
0 0.0801962 0.4064 0.00699932 0.0162655
0 0.939852 0.305475 0.00558317 0.0119772
0 0.261127 0.468292 0.00660399 0.0141769
0 0.0771594 0.370805 0.00623988 0.0131524
0 0.127126 0.350151 0.00551885 0.011849
0 0.110075 0.374367 0.00685878 0.0145218
0 0.932399 0.335523 0.00571781 0.0119719
0 0.114239 0.442885 0.00694089 0.0146933
0 0.316448 0.439263 0.00671372 0.0138959
0 0.653014 0.461894 0.00681669 0.0148801
0 0.285481 0.472052 0.00639868 0.0138777
0 0.116767 0.473135 0.00772256 0.0171595
0 0.0514752 0.333939 0.00636535 0.0131622
0 0.181728 0.438399 0.00664003 0.0146835
0 0.729882 0.47563 0.00764036 0.0156199
0 0.110021 0.420538 0.00666883 0.0145933
0 0.0165159 0.465096 0.00908232 0.0187847
0 0.0883289 0.423105 0.00751627 0.0159078
0 0.176846 0.487672 0.00730655 0.015949
0 0.052829 0.388379 0.00688316 0.0146076
0 0.0690951 0.477222 0.00839601 0.0186052
0 0.0224168 0.370479 0.00751878 0.0158372
0 0.0208514 0.413014 0.00810699 0.0166107
0 0.0543741 0.430658 0.00848396 0.0172972
0 0.0879028 0.47061 0.00831456 0.0173135
0 0.70072 0.467483 0.00746614 0.0167791
0 0.603144 0.418458 0.0099889 0.0232102
0 0.961684 0.401874 0.0127445 0.0290068
0 0.887143 0.337503 0.0183949 0.0404025
0 0.424413 0.224213 0.0326714 0.0724933
0 0.505979 0.272544 0.0336486 0.0808262
