0 0.0588402 0.73639 0.00652435 0.0115689
0 0.523433 0.584838 0.0170577 0.0273459
0 0.881929 0.777795 0.00773162 0.0141928
0 0.85889 0.772737 0.00821549 0.0153772
0 0.223237 0.729249 0.00596823 0.0108549
0 0.792684 0.72227 0.0106274 0.0197393
0 0.830148 0.768281 0.00895751 0.015363
0 0.899755 0.77854 0.00868338 0.0155086
0 0.757774 0.77558 0.00798416 0.0146308
0 0.925756 0.775886 0.00835669 0.0161733
0 0.977188 0.772777 0.00991094 0.0182534
0 0.949963 0.77078 0.00951004 0.018409
0 0.304924 0.688553 0.0101249 0.0186814
0 0.507292 0.35097 0.0230023 0.0349875
0 0.124965 0.637092 0.0152874 0.0264807
0 0.38342 0.559909 0.018106 0.0317361
0 0.463278 0.609633 0.0199305 0.035574
