0 0.632571 0.331034 0.0090645 0.0279971
0 0.396715 0.172954 0.012141 0.0357811
0 0.196463 0.0964465 0.0143064 0.0423445
0 0.139325 0.11373 0.0191086 0.0548112
0 0.222853 0.0996933 0.0162807 0.0462753
0 0.70005 0.383497 0.00790077 0.0231491
0 0.651128 0.354847 0.00894439 0.0262809
0 0.330056 0.333558 0.0182635 0.0477767
0 0.752729 0.413079 0.00721258 0.0209385
0 0.737745 0.413211 0.0101522 0.0291057
0 0.519996 0.455281 0.0170493 0.0532098
0 0.601503 0.471407 0.0165284 0.0481054
0 0.689043 0.387937 0.0106543 0.0314628
0 0.597156 0.328321 0.01219 0.0348683
0 0.935054 0.540212 0.0157227 0.0486459
0 0.528338 0.277256 0.0128658 0.0396452
0 0.842807 0.463772 0.0108171 0.0335771
0 0.613286 0.527393 0.0195621 0.0635633
0 0.777067 0.440184 0.0151132 0.0447242
0 0.423551 0.222525 0.0128489 0.0389254
0 0.797415 0.41662 0.0118591 0.0378407
0 0.299575 0.134831 0.0164182 0.0463245
0 0.675093 0.340891 0.0117366 0.0360505
0 0.367659 0.139771 0.0146718 0.0402371
0 0.409645 0.414073 0.0250102 0.0743841
0 0.823318 0.432766 0.0114492 0.0349787
0 0.656961 0.648179 0.0291551 0.0928523
0 0.684545 0.511593 0.0172628 0.0566912
0 0.753069 0.610201 0.0211625 0.0744841
0 0.430709 0.385674 0.0156069 0.0490372
0 0.712554 0.612295 0.0218312 0.0843071
0 0.919763 0.593132 0.0196573 0.0526814
0 0.788585 0.592934 0.0207597 0.0657859
0 0.644715 0.531066 0.0181385 0.060456
0 0.568817 0.453177 0.0183532 0.0552704
0 0.482238 0.42291 0.0213763 0.0642909
0 0.32398 0.399452 0.0302867 0.0788765
0 0.145799 0.272072 0.0322517 0.0833595
0 0.543886 0.534298 0.0260342 0.0699819
0 0.199879 0.342824 0.0428906 0.108929
0 0.569159 0.675163 0.0394873 0.112132
0 0.38392 0.505197 0.0361148 0.111581
0 0.249916 0.466329 0.0486342 0.146013
