0 0.788805 0.36617 0.0111923 0.0184151
0 0.832123 0.390552 0.012236 0.0208975
0 0.207457 0.283169 0.0100105 0.0167589
0 0.675292 0.355534 0.0123879 0.0182749
0 0.427093 0.36518 0.00964335 0.0160173
0 0.269466 0.38306 0.0116016 0.0200223
0 0.879803 0.549 0.012995 0.0247315
0 0.361881 0.38795 0.0107432 0.0194392
0 0.446052 0.399863 0.0125312 0.0211589
0 0.480353 0.218635 0.00970966 0.0162381
0 0.783317 0.310891 0.011874 0.0199908
0 0.342415 0.431385 0.0114462 0.0188928
0 0.559388 0.240562 0.0100172 0.0161632
0 0.326084 0.289497 0.00980932 0.0148502
0 0.656286 0.286997 0.010102 0.017455
0 0.526665 0.35565 0.0090543 0.0148456
0 0.397914 0.240538 0.00958401 0.0158144
0 0.515267 0.241322 0.0104188 0.0180976
0 0.118901 0.443787 0.0121649 0.0205103
0 0.404665 0.399783 0.0103276 0.0183481
0 0.546304 0.278966 0.00998461 0.0165887
0 0.321184 0.390764 0.0111251 0.018918
0 0.423454 0.272499 0.00944614 0.0155473
0 0.439554 0.240732 0.0100473 0.0173325
0 0.167869 0.315678 0.0103987 0.017466
0 0.409542 0.438432 0.0112714 0.0190592
0 0.701575 0.38406 0.0129709 0.0222536
0 0.463878 0.264195 0.00970107 0.0160222
0 0.656558 0.391601 0.0121482 0.0213051
0 0.598081 0.393282 0.0116007 0.0209809
0 0.27997 0.283967 0.00993299 0.0167169
0 0.695127 0.302902 0.010028 0.0172969
0 0.581481 0.277338 0.0103961 0.0181041
0 0.749688 0.271262 0.00967425 0.0164108
0 0.501007 0.639798 0.0142167 0.023008
0 0.581532 0.58086 0.0131009 0.0221049
0 0.361033 0.284507 0.00953659 0.0162092
0 0.84535 0.436686 0.0124087 0.0213973
0 0.585413 0.444332 0.011234 0.0189264
0 0.491753 0.503352 0.0121387 0.0206174
0 0.615115 0.285623 0.0102856 0.0174303
0 0.734852 0.490288 0.0122483 0.0212889
0 0.631591 0.443642 0.0118264 0.019289
0 0.494217 0.399199 0.0113569 0.019129
0 0.792246 0.495366 0.0126525 0.0221341
0 0.125859 0.391205 0.0108261 0.0184118
0 0.520993 0.445268 0.0113821 0.0186903
0 0.549066 0.488616 0.0120047 0.0198568
0 0.465206 0.45111 0.0115268 0.0201009
0 0.619986 0.359218 0.0104179 0.0178117
0 0.723516 0.636849 0.0141424 0.0240933
0 0.179403 0.506978 0.0123819 0.0199226
0 0.821458 0.64346 0.0140999 0.0235172
0 0.418784 0.563409 0.0140592 0.0233467
0 0.368542 0.562706 0.0131782 0.022288
0 0.325354 0.347691 0.0114696 0.0194726
0 0.295244 0.49917 0.012312 0.0217445
0 0.096633 0.640896 0.0147721 0.022193
0 0.394871 0.507567 0.0123579 0.0205619
0 0.282622 0.435801 0.0121726 0.0203058
0 0.283815 0.64853 0.0146962 0.0226108
0 0.233308 0.505893 0.0123295 0.019427
0 0.630412 0.58137 0.0130489 0.021555
0 0.604729 0.50573 0.0128247 0.021266
0 0.345943 0.498543 0.0129639 0.0222845
0 0.550816 0.393278 0.0105066 0.0178223
0 0.905005 0.4986 0.0150992 0.0274005
0 0.152868 0.555925 0.014381 0.0241471
0 0.841619 0.558315 0.013431 0.0212713
0 0.263328 0.558657 0.0130884 0.020948
0 0.526692 0.570353 0.0121127 0.021652
0 0.673948 0.49338 0.0132457 0.0222245
0 0.697689 0.442592 0.0126095 0.021792
0 0.47132 0.561949 0.0137419 0.0224822
0 0.441374 0.494126 0.0122673 0.0204909
0 0.775044 0.63501 0.0138332 0.0214723
0 0.228723 0.635396 0.0143943 0.0213625
0 0.870368 0.637881 0.0148029 0.0219107
0 0.447286 0.648574 0.0147565 0.0227969
0 0.210409 0.56351 0.0135087 0.0222974
0 0.171768 0.635437 0.0151491 0.0253482
0 0.0583072 0.504571 0.0139479 0.0242147
0 0.67959 0.568376 0.013011 0.0212225
0 0.337254 0.651791 0.0152047 0.0246246
0 0.736802 0.572542 0.0136561 0.023338
0 0.394064 0.640668 0.0147831 0.0231549
0 0.31374 0.561804 0.0132806 0.0222086
0 0.927755 0.568157 0.0130449 0.0240694
0 0.670969 0.638361 0.0142472 0.0242385
0 0.612855 0.64067 0.0148529 0.0243212
0 0.789694 0.559716 0.0136595 0.0234473
0 0.557781 0.636699 0.0146937 0.0248631
