0 0.328319 0.177591 0.0240125 0.0407612
0 0.488588 0.174132 0.0317117 0.0638
0 0.601777 0.392666 0.0297947 0.0622424
0 0.323563 0.413218 0.0323358 0.0677048
0 0.711933 0.234833 0.0344722 0.09597
0 0.0541152 0.103367 0.0247543 0.0501009
0 0.261257 0.245896 0.0313594 0.0584193
0 0.0837183 0.196981 0.0279535 0.0543781
0 0.624335 0.12549 0.0313657 0.0507965
0 0.223235 0.189414 0.0264614 0.0508871
0 0.1519 0.309744 0.0293659 0.0630683
0 0.0450572 0.271591 0.0373072 0.0641203
0 0.633376 0.248297 0.0306799 0.0630914
0 0.24139 0.495794 0.0396367 0.0692663
0 0.275166 0.380777 0.0399284 0.0765325
0 0.520892 0.267891 0.0402687 0.0761056
0 0.231788 0.544267 0.0472041 0.0812613
0 0.0182617 0.523416 0.0346334 0.0784959
0 0.129466 0.505845 0.0427118 0.0773649
0 0.751203 0.145102 0.0493229 0.0863185
0 0.0630706 0.548618 0.0437536 0.0823448
0 0.114061 0.569007 0.0384015 0.0748089
0 0.452385 0.147549 0.0629908 0.131828
