0 0.431688 0.34468 0.0212264 0.0378193
0 0.172417 0.30557 0.0218444 0.0388849
0 0.523147 0.348974 0.0217873 0.0371013
0 0.835952 0.30028 0.0209995 0.0371357
0 0.897988 0.331788 0.0202911 0.0355299
0 0.368496 0.32671 0.0218311 0.0394176
0 0.71297 0.351121 0.0193533 0.0349139
0 0.581112 0.330491 0.0224847 0.0372404
0 0.777112 0.319086 0.0196134 0.0334264
0 0.242748 0.323586 0.0199288 0.0372428
0 0.301102 0.324623 0.0200304 0.0369705
0 0.0499073 0.338278 0.0202045 0.035846
0 0.651125 0.345634 0.0228477 0.0412926
0 0.111418 0.312269 0.0193044 0.0343009
0 0.947036 0.343467 0.0203192 0.0341338
