0 0.0858811 0.537833 0.0151604 0.0151937
0 0.19838 0.577843 0.0223232 0.0198584
0 0.370595 0.574603 0.0192808 0.0170071
0 0.289383 0.673908 0.0247868 0.0215334
0 0.184518 0.704615 0.0237645 0.0200516
0 0.138127 0.603454 0.0234924 0.0226857
0 0.278307 0.615633 0.0205167 0.0180527
0 0.126562 0.673605 0.0207526 0.0187497
0 0.145346 0.637481 0.0243367 0.0217346
0 0.246764 0.586184 0.0179997 0.0175666
0 0.149732 0.552007 0.0164342 0.0156705
0 0.246683 0.525436 0.0148782 0.0132529
0 0.128711 0.574336 0.0207475 0.0191216
0 0.217323 0.662818 0.0229487 0.0193849
0 0.179896 0.526588 0.0154451 0.0154137
0 0.488223 0.280317 0.106262 0.109454
