0 0.409938 0.805198 0.00666055 0.0146645
0 0.2576 0.758852 0.00573432 0.012499
0 0.41122 0.772752 0.0058341 0.0117288
0 0.115685 0.81516 0.00592949 0.0133877
0 0.633612 0.798302 0.00525457 0.0109046
0 0.807272 0.824594 0.00518036 0.0106272
0 0.11238 0.772621 0.0056685 0.0117453
0 0.108676 0.799021 0.00556259 0.0118105
0 0.0381836 0.799111 0.00570443 0.0121428
0 0.0534534 0.786396 0.00574234 0.0121358
0 0.887634 0.807107 0.0057072 0.0121835
0 0.329689 0.833671 0.00622043 0.0132873
0 0.257743 0.797162 0.0062958 0.0135413
0 0.479703 0.776301 0.00818998 0.0174872
0 0.4034 0.828219 0.00599194 0.0133547
0 0.66176 0.663974 0.0157701 0.0306695
0 0.144088 0.799233 0.00614491 0.013375
0 0.0271625 0.800234 0.00584864 0.0121494
0 0.964662 0.793754 0.00683308 0.0147539
0 0.937926 0.799224 0.00667077 0.0142536
0 0.768199 0.787096 0.00613534 0.0137861
0 0.96344 0.720882 0.00929278 0.0190452
0 0.0835133 0.723325 0.0117648 0.0244551
0 0.554339 0.747262 0.00890946 0.0188967
0 0.841253 0.697941 0.00986439 0.0205419
0 0.288011 0.688365 0.0106421 0.0252124
0 0.888727 0.731531 0.00914645 0.0193424
0 0.491296 0.445801 0.0220515 0.0458208
