0 0.515389 0.689602 0.0114285 0.0209922
0 0.836774 0.878671 0.00995481 0.0190792
0 0.768534 0.76308 0.00545835 0.00994364
0 0.737421 0.772916 0.00524902 0.00908512
0 0.669337 0.794041 0.00645059 0.0113121
0 0.68898 0.806399 0.00928336 0.025584
0 0.770297 0.810641 0.00622851 0.0112621
0 0.564465 0.822328 0.00701505 0.0127236
0 0.652642 0.814592 0.00669616 0.012169
0 0.901098 0.662697 0.0204537 0.0471243
0 0.480818 0.741507 0.0138491 0.0287624
0 0.601053 0.769662 0.0118964 0.02343
0 0.565706 0.120221 0.0426015 0.0854665
0 0.143451 0.180013 0.0197911 0.0396386
0 0.227449 0.127861 0.0223476 0.0417445
0 0.844549 0.158797 0.0417593 0.094277
0 0.0939247 0.0741218 0.0216533 0.0404471
0 0.0806362 0.45838 0.0629489 0.134522
