0 0.122476 0.109995 0.0536256 0.115622
0 0.772489 0.541558 0.0502856 0.111003
0 0.447262 0.517695 0.0561277 0.121616
0 0.611019 0.134426 0.0541566 0.130428
0 0.60251 0.514141 0.0507826 0.110195
0 0.875835 0.109046 0.0537796 0.118643
0 0.522377 0.166433 0.0540543 0.122245
0 0.387447 0.0947364 0.0559828 0.121183
0 0.180966 0.488478 0.0487633 0.10888
0 0.881737 0.480001 0.0550957 0.123206
0 0.336797 0.47681 0.0518398 0.111714
0 0.710074 0.124318 0.0554183 0.118858
0 0.255915 0.125378 0.0544177 0.115539
0 0.0720272 0.490781 0.0569377 0.122645
