0 0.945745 0.420913 0.0376829 0.0428008
0 0.993581 0.366176 0.012947 0.0285916
0 0.937665 0.314808 0.0234684 0.0243239
0 0.618522 0.380071 0.0278161 0.0278581
0 0.991388 0.289727 0.0144311 0.0202259
0 0.740816 0.318408 0.0203978 0.0211605
0 0.6792 0.430249 0.0338954 0.0366157
0 0.698429 0.4639 0.0468433 0.0457534
0 0.665487 0.374934 0.0311057 0.0308326
0 0.7438 0.406917 0.0319587 0.0360939
0 0.98624 0.426116 0.0290767 0.0590199
0 0.926282 0.37424 0.0321258 0.0319951
0 0.61264 0.440153 0.0409705 0.0471307
0 0.0793827 0.210169 0.0708354 0.0933035
0 0.471996 0.114178 0.125205 0.156981
