0 0.990693 0.450293 0.0184849 0.0898502
0 0.458956 0.619324 0.0224933 0.0480698
0 0.432199 0.586031 0.0265612 0.0525051
0 0.500746 0.57741 0.0252354 0.0576633
0 0.268414 0.524897 0.0384691 0.0775815
0 0.441864 0.248552 0.0659156 0.130704
0 0.883987 0.393632 0.035141 0.0656
0 0.248376 0.309123 0.0329911 0.0645194
0 0.328145 0.350062 0.0400523 0.0816605
0 0.275825 0.406226 0.0379637 0.072423
0 0.882297 0.186803 0.0572771 0.110146
0 0.952901 0.356657 0.0543787 0.0989159
0 0.340623 0.149278 0.0706682 0.149931
0 0.64335 0.350743 0.0629376 0.130804
0 0.785081 0.435883 0.0499161 0.101558
