0 0.842237 0.755925 0.00600338 0.0149236
0 0.880869 0.769073 0.00618935 0.015663
0 0.87742 0.684796 0.00554276 0.0120282
0 0.501647 0.683904 0.0158193 0.0388365
0 0.970736 0.695676 0.00636309 0.0137463
0 0.860076 0.70532 0.00572658 0.0122298
0 0.00749885 0.763206 0.00729408 0.0156731
0 0.903196 0.719574 0.00632799 0.014031
0 0.929892 0.733501 0.0068531 0.0159427
0 0.80491 0.751444 0.00791031 0.0178865
0 0.911169 0.762103 0.00721437 0.0155492
0 0.949032 0.788139 0.00824261 0.0176654
0 0.370043 0.736391 0.00870872 0.0187376
0 0.304552 0.713036 0.00946951 0.0196552
0 0.707203 0.693146 0.0115754 0.0250582
0 0.521126 0.374858 0.0187006 0.0314231
0 0.627131 0.313296 0.0205299 0.0379499
