0 0.791869 0.195861 0.0223197 0.0399907
0 0.573284 0.128022 0.0240521 0.0433331
0 0.898192 0.440668 0.0164179 0.0394435
0 0.813058 0.256979 0.0232834 0.0492448
0 0.273086 0.0369297 0.0239055 0.0447617
0 0.966786 0.202409 0.0188507 0.0355665
0 0.917561 0.141977 0.0170568 0.0329502
0 0.778497 0.148954 0.0236111 0.0432564
0 0.868484 0.2718 0.0246403 0.0419694
0 0.890299 0.135999 0.0213093 0.0400588
0 0.987098 0.382453 0.0199018 0.0345669
0 0.737497 0.0904699 0.0218013 0.0394555
0 0.454666 0.0925459 0.0241442 0.0465911
0 0.794393 0.0971276 0.0210286 0.041887
0 0.834133 0.218574 0.0233644 0.0442972
0 0.549081 0.0708531 0.0234261 0.0414759
0 0.939968 0.387796 0.0218096 0.0396423
0 0.353392 0.0371618 0.0238097 0.047898
0 0.505568 0.0664935 0.023402 0.0399966
0 0.410758 0.0501285 0.0248478 0.0470952
0 0.452847 0.0449145 0.0233635 0.0403708
0 0.223426 0.134302 0.0276555 0.053609
0 0.596654 0.0576549 0.0218731 0.0448582
0 0.480166 0.174536 0.0232527 0.0428519
0 0.361594 0.156878 0.0292226 0.0517447
0 0.855567 0.40814 0.0283934 0.0519261
0 0.2977 0.196044 0.0308128 0.0581839
0 0.103193 0.0353787 0.0294824 0.0523097
0 0.601154 0.434518 0.0324162 0.063136
0 0.563167 0.176995 0.0282937 0.0541812
0 0.275168 0.150488 0.0317443 0.0582087
0 0.183242 0.0504913 0.0295845 0.0558694
0 0.640919 0.120949 0.0472555 0.123588
0 0.0327587 0.373899 0.033432 0.0648334
0 0.0125109 0.163888 0.0245737 0.0666465
0 0.16622 0.125105 0.0344244 0.0649455
0 0.978141 0.0981722 0.0424461 0.127228
0 0.204397 0.241697 0.045523 0.0875267
0 0.394204 0.274391 0.0634714 0.114236
