0 0.0479324 0.243531 0.0125588 0.0205172
0 0.396757 0.46544 0.0151677 0.0243349
0 0.0100808 0.475971 0.0135602 0.0221251
0 0.45808 0.0962552 0.0132423 0.0232266
0 0.122316 0.661927 0.0196452 0.0296849
0 0.705326 0.771281 0.0238386 0.0311135
0 0.0668396 0.596636 0.0143956 0.0244277
0 0.256473 0.446152 0.0152787 0.0221307
0 0.267277 0.402178 0.0130446 0.019914
0 0.00883682 0.45469 0.013431 0.0230751
0 0.176382 0.610718 0.0150524 0.0254992
0 0.742294 0.355929 0.0130244 0.0208177
0 0.829793 0.186534 0.00974828 0.0167383
0 0.21703 0.605493 0.0179461 0.0300135
0 0.242383 0.329309 0.0118569 0.0187385
0 0.702002 0.266565 0.0143633 0.0218138
0 0.657677 0.664639 0.0200307 0.0327027
0 0.608273 0.220773 0.0132388 0.0216807
0 0.570262 0.211052 0.0146027 0.0232231
0 0.580228 0.0262614 0.0133907 0.0213759
0 0.806379 0.103164 0.0125258 0.0179384
0 0.269985 0.642206 0.0166299 0.0289204
0 0.243509 0.248535 0.0121062 0.0194882
0 0.374834 0.248313 0.0135193 0.0213041
0 0.0354683 0.295548 0.0117662 0.0198741
0 0.223666 0.218457 0.0122841 0.0219386
0 0.0698995 0.457513 0.0152526 0.0271923
0 0.847044 0.21097 0.0113638 0.019427
0 0.0592577 0.268473 0.0120441 0.0196063
0 0.755236 0.112959 0.011492 0.0194892
0 0.712592 0.116434 0.0120249 0.0208332
0 0.0182373 0.241044 0.0123496 0.0210969
0 0.719645 0.195647 0.012624 0.0213539
0 0.0339611 0.614368 0.0180185 0.0306605
0 0.889883 0.63307 0.0166817 0.0286493
0 0.232182 0.278232 0.0121487 0.0202632
0 0.766125 0.243499 0.0124737 0.0220057
0 0.715859 0.239462 0.0128022 0.0208486
0 0.413073 0.106135 0.0127439 0.0222275
0 0.231743 0.427504 0.0132768 0.0225812
0 0.807774 0.21449 0.0124334 0.0218406
0 0.762549 0.306678 0.0135881 0.0232426
0 0.0616498 0.204569 0.01358 0.0218115
0 0.00632952 0.639824 0.0131546 0.028415
0 0.743099 0.274392 0.0124871 0.0220959
0 0.330822 0.2459 0.01335 0.0223436
0 0.219436 0.652826 0.0168412 0.0279731
0 0.344392 0.346454 0.0135587 0.022442
0 0.713187 0.655773 0.0192141 0.0329819
0 0.421111 0.241887 0.0141507 0.0228415
0 0.307615 0.376795 0.0136915 0.0228803
0 0.729531 0.631032 0.0160444 0.0259733
0 0.380391 0.331794 0.0132556 0.0234657
0 0.701324 0.312489 0.0137447 0.0239457
0 0.324995 0.309766 0.0131111 0.0218397
0 0.149143 0.355029 0.0133344 0.0224367
0 0.237828 0.374858 0.0138453 0.0241222
0 0.10683 0.358343 0.0137841 0.0234754
0 0.28657 0.245571 0.012642 0.0207032
0 0.167939 0.42006 0.0153441 0.0238468
0 0.0680924 0.300122 0.0142549 0.0240083
0 0.785997 0.650858 0.0181036 0.032249
0 0.0132824 0.555177 0.0163038 0.0261099
0 0.666804 0.103222 0.0127106 0.022357
0 0.787835 0.325794 0.0151379 0.0259269
0 0.671598 0.206712 0.0133369 0.0230942
0 0.196502 0.344598 0.0142297 0.0239867
0 0.274539 0.701658 0.0223971 0.0367163
0 0.278931 0.425661 0.0144831 0.0242118
0 0.00677264 0.672724 0.0140756 0.0333733
0 0.904546 0.621775 0.0173094 0.0294809
0 0.0616154 0.533499 0.0170949 0.028306
0 0.191164 0.598316 0.0165545 0.026088
0 0.0202269 0.506301 0.015015 0.0260946
0 0.29419 0.340084 0.0133848 0.0233256
0 0.123151 0.686139 0.0214903 0.0352687
0 0.0233613 0.577013 0.0176468 0.0283797
0 0.836527 0.64237 0.0185129 0.0334304
0 0.28615 0.308468 0.0128226 0.0214843
0 0.059821 0.421735 0.0160412 0.0256518
0 0.199885 0.387167 0.0144722 0.0225432
0 0.162286 0.565389 0.0173815 0.0300713
0 0.099982 0.57462 0.0171148 0.0264524
0 0.128728 0.53918 0.0175087 0.0283511
0 0.0481479 0.462418 0.0167383 0.0278211
0 0.122922 0.43141 0.0176721 0.0294169
0 0.0898719 0.652032 0.0165181 0.0276185
0 0.382745 0.541651 0.0188178 0.0343579
0 0.185762 0.634397 0.017943 0.0293024
0 0.114818 0.615178 0.0199561 0.0323828
0 0.0825001 0.553928 0.0160605 0.0266565
0 0.0508201 0.597669 0.0183627 0.0305285
0 0.145353 0.598701 0.0175986 0.030131
0 0.236566 0.667474 0.0205347 0.0350345
0 0.0324599 0.693195 0.0204264 0.0324714
0 0.858478 0.617987 0.0180141 0.0301017
0 0.731695 0.708876 0.0228779 0.038442
0 0.295967 0.672273 0.0230397 0.0391165
0 0.20692 0.675993 0.0233325 0.037859
0 0.0560552 0.675299 0.019637 0.0329899
0 0.0833612 0.601393 0.0179421 0.028977
0 0.153396 0.648306 0.0197182 0.0337194
0 0.0829778 0.692344 0.0184181 0.0307318
0 0.347846 0.673313 0.0238906 0.0404786
0 0.786833 0.704545 0.0220593 0.0370611
0 0.89881 0.205472 0.0741099 0.141567
0 0.508303 0.215122 0.08037 0.158557
