0 0.173899 0.310818 0.0148396 0.026778
0 0.616392 0.270609 0.0106943 0.0217872
0 0.945664 0.275841 0.0145308 0.0244683
0 0.11097 0.308105 0.0150865 0.0287391
0 0.403615 0.28233 0.0110684 0.019468
0 0.612194 0.263965 0.0120699 0.0236724
0 0.509146 0.281462 0.0112539 0.0221256
0 0.0893711 0.314878 0.0155262 0.0284448
0 0.328581 0.398974 0.0233015 0.043544
0 0.291583 0.38544 0.0212893 0.0427053
0 0.957282 0.354909 0.0167916 0.031965
0 0.707206 0.271168 0.0128506 0.0242415
0 0.462903 0.316734 0.0152156 0.0269351
0 0.82687 0.379883 0.0166546 0.0310831
0 0.394057 0.315929 0.0129312 0.0233312
0 0.846377 0.335062 0.0178213 0.0313758
0 0.992183 0.543305 0.0151539 0.0480569
0 0.258379 0.330091 0.0190996 0.0332212
0 0.752586 0.344713 0.0173501 0.0340626
0 0.578153 0.295644 0.0156766 0.0285455
0 0.940171 0.383494 0.0176472 0.0313228
0 0.602991 0.396014 0.0218409 0.0373583
0 0.198213 0.293565 0.019888 0.0355128
0 0.889652 0.358168 0.0203713 0.0363338
0 0.832316 0.578649 0.0266436 0.0493293
0 0.811538 0.417189 0.0217871 0.0399666
0 0.659612 0.561394 0.028282 0.0523747
0 0.125683 0.45153 0.0206091 0.0419279
0 0.439889 0.401594 0.022268 0.0405536
0 0.76159 0.562598 0.0284328 0.0509778
0 0.906552 0.54132 0.0291817 0.0557367
0 0.794082 0.681758 0.0341005 0.0615925
