0 0.636622 0.24878 0.00839728 0.026752
0 0.678142 0.241658 0.00973892 0.0207897
0 0.610481 0.234024 0.0106063 0.0251585
0 0.711986 0.238278 0.0104694 0.0255114
0 0.51603 0.239696 0.0095728 0.027469
0 0.660984 0.266384 0.0127687 0.0312807
0 0.730029 0.213913 0.0122449 0.030823
0 0.910224 0.16714 0.0192695 0.0507078
0 0.848672 0.235769 0.0129454 0.028557
0 0.088346 0.21059 0.0134229 0.0257572
0 0.528486 0.286612 0.0165151 0.0330678
0 0.450606 0.242065 0.0171235 0.0343704
0 0.38333 0.234409 0.0218845 0.0504503
0 0.20727 0.184564 0.0284233 0.0697026
