0 0.510137 0.550699 0.0333884 0.0683755
0 0.713633 0.220016 0.0308889 0.0657545
0 0.0938535 0.275134 0.031616 0.0637423
0 0.194775 0.269814 0.0339588 0.0602331
0 0.638492 0.489759 0.0341143 0.0701516
0 0.40593 0.266648 0.0318397 0.061597
0 0.605013 0.24644 0.0317203 0.0617246
0 0.509927 0.256512 0.0309922 0.0586045
0 0.811241 0.276631 0.0317198 0.0650418
0 0.299809 0.279978 0.0326757 0.072115
0 0.233621 0.518869 0.0371982 0.0750271
0 0.780818 0.457634 0.0350847 0.0695217
0 0.145637 0.526806 0.0353764 0.0687258
0 0.390889 0.510788 0.0343443 0.0737998
