0 0.26316 0.255806 0.0260063 0.0494582
0 0.828137 0.405012 0.0264789 0.047009
0 0.913462 0.395708 0.0270836 0.0454618
0 0.772364 0.281897 0.0283263 0.0468065
0 0.86357 0.242704 0.0265343 0.0483347
0 0.477389 0.245232 0.0257855 0.0440676
0 0.389853 0.252553 0.0270642 0.052357
0 0.554501 0.246275 0.0258577 0.0475195
0 0.318831 0.402222 0.0267911 0.0532641
0 0.701335 0.2645 0.0256693 0.0496952
0 0.172459 0.260059 0.0283464 0.0494673
0 0.395785 0.427107 0.0284973 0.0519893
0 0.66637 0.383663 0.0301445 0.0526434
0 0.496831 0.365614 0.0284279 0.0534477
0 0.751031 0.404634 0.028281 0.0525456
0 0.32657 0.250727 0.0265934 0.0455546
0 0.583153 0.379515 0.0295696 0.0524517
0 0.230184 0.39588 0.0282825 0.0503197
0 0.62925 0.2608 0.0272453 0.0537358
0 0.849525 0.567744 0.0338535 0.0593744
0 0.725715 0.560029 0.0309451 0.0594381
0 0.113216 0.397019 0.0306682 0.0597825
0 0.607838 0.540091 0.0314767 0.062159
0 0.490503 0.535026 0.0307747 0.064311
0 0.355003 0.547834 0.0321591 0.0606358
0 0.243277 0.562858 0.033111 0.0599707
