0 0.374813 0.386118 0.0361941 0.0527126
0 0.162638 0.399066 0.031866 0.0466531
0 0.544136 0.294419 0.0340524 0.048974
0 0.648056 0.470081 0.0360726 0.0566376
0 0.663475 0.26928 0.0337152 0.0520141
0 0.706207 0.382265 0.0345373 0.052321
0 0.382291 0.454179 0.0396006 0.0602628
0 0.269624 0.392303 0.0344652 0.0514547
0 0.433272 0.3294 0.03271 0.0519005
0 0.316331 0.319493 0.0325001 0.0508521
0 0.583123 0.364615 0.0362552 0.05429
0 0.841047 0.374872 0.036153 0.0567143
0 0.481884 0.372084 0.0337195 0.0502128
0 0.782981 0.448465 0.0396863 0.0558936
0 0.26093 0.484374 0.039262 0.0601426
0 0.519553 0.447896 0.0414067 0.061926
