0 0.113077 0.740849 0.028977 0.0587072
0 0.764608 0.719402 0.0292743 0.0720136
0 0.618015 0.734916 0.0267227 0.0690302
0 0.685576 0.725926 0.026341 0.058382
0 0.549317 0.73447 0.0264868 0.0697055
0 0.185255 0.754613 0.0265725 0.0676534
0 0.37916 0.326198 0.0282149 0.0633484
0 0.902786 0.748215 0.0289192 0.0715662
0 0.44329 0.530527 0.0259148 0.0580571
0 0.516093 0.562314 0.0320737 0.070989
0 0.416027 0.511181 0.0289519 0.0684334
0 0.740641 0.562263 0.0270802 0.0738491
0 0.891462 0.578171 0.0339352 0.076468
0 0.827916 0.555089 0.0300953 0.0716341
0 0.333247 0.569983 0.0304658 0.0688571
0 0.174597 0.543113 0.0374244 0.078457
0 0.660599 0.584174 0.030152 0.0724618
0 0.596542 0.560209 0.0314276 0.0783097
0 0.250559 0.556973 0.0312352 0.0685057
