0 0.738604 0.106226 0.0181831 0.0316368
0 0.649065 0.0310102 0.0184801 0.0298532
0 0.568485 0.346328 0.0281072 0.0370958
0 0.796073 0.170025 0.018709 0.0308306
0 0.419652 0.0386527 0.0186886 0.0310712
0 0.429165 0.153276 0.0220554 0.0368843
0 0.36444 0.025968 0.0199267 0.0339611
0 0.95808 0.119238 0.0180277 0.0286914
0 0.994049 0.451591 0.0122132 0.0477526
0 0.797489 0.13427 0.0206445 0.0349452
0 0.666168 0.177323 0.0196214 0.0274525
0 0.727814 0.040805 0.0181901 0.024366
0 0.132511 0.0176919 0.0205164 0.0331249
0 0.994104 0.178425 0.011781 0.0372873
0 0.641172 0.138002 0.0201912 0.032074
0 0.693759 0.139675 0.0199653 0.0315605
0 0.580263 0.245203 0.019007 0.0322201
0 0.816543 0.239775 0.0179766 0.0323336
0 0.963853 0.0682177 0.0168827 0.0276337
0 0.654575 0.218657 0.018883 0.0326328
0 0.311154 0.309244 0.0265521 0.0502167
0 0.0151568 0.305377 0.0257813 0.0527058
0 0.498983 0.424405 0.0271241 0.0508071
0 0.117799 0.319568 0.036434 0.0565653
0 0.897885 0.408267 0.0278681 0.050022
