0 0.132093 0.225812 0.0424056 0.0891588
0 0.850209 0.414529 0.0574068 0.124836
0 0.149613 0.351652 0.0536671 0.104034
0 0.495509 0.186205 0.0451498 0.082669
0 0.347929 0.258779 0.0454491 0.08973
0 0.173445 0.179719 0.0398025 0.0832304
0 0.266267 0.357433 0.0490827 0.101334
0 0.356659 0.424096 0.051334 0.107544
0 0.222777 0.232431 0.0434484 0.0901978
0 0.61959 0.157289 0.0473161 0.0949437
0 0.752819 0.209509 0.0506136 0.0979259
0 0.60153 0.473045 0.0560164 0.112147
0 0.705825 0.412529 0.0572053 0.111847
0 0.456078 0.468219 0.0520272 0.113398
