0 0.890295 0.290618 0.0276114 0.0346529
0 0.722646 0.0113987 0.0225096 0.0226692
0 0.161633 0.319594 0.0327447 0.04165
0 0.774583 0.336619 0.0364425 0.047225
0 0.910381 0.0874617 0.031312 0.0452535
0 0.315953 0.297441 0.0356763 0.0455386
0 0.0404298 0.203664 0.0383144 0.0500376
0 0.911679 0.191559 0.0410582 0.0484987
0 0.341879 0.129584 0.0326684 0.0381049
0 0.0305548 0.308771 0.0323185 0.0436173
0 0.989031 0.095761 0.0221282 0.0409014
0 0.181089 0.0709219 0.033487 0.0420699
0 0.54742 0.105843 0.0377181 0.0528151
0 0.431154 0.130017 0.034214 0.0434592
0 0.140199 0.194841 0.0382679 0.0477129
0 0.204334 0.290099 0.0347496 0.0481541
0 0.269668 0.0926631 0.0333146 0.0457531
0 0.0601273 0.0804333 0.0326904 0.0457549
0 0.677164 0.107808 0.0368579 0.0467154
