0 0.403968 0.400314 0.0191711 0.0346174
0 0.74859 0.561968 0.021955 0.0349026
0 0.190868 0.6306 0.0245329 0.0378278
0 0.602176 0.432052 0.0192334 0.0304403
0 0.667759 0.602474 0.0201877 0.0345556
0 0.580344 0.428247 0.0215759 0.0373769
0 0.631827 0.691581 0.025067 0.0322285
0 0.2983 0.562265 0.0208872 0.0334318
0 0.565064 0.553596 0.0206277 0.0337575
0 0.706207 0.393369 0.0201038 0.0318115
0 0.113243 0.654476 0.0242041 0.0345005
0 0.640373 0.423836 0.0206854 0.0343983
0 0.707737 0.617348 0.0206096 0.0368919
0 0.53871 0.569505 0.0230512 0.0397691
0 0.422831 0.416571 0.0226539 0.040698
0 0.357504 0.566064 0.0198491 0.0337923
0 0.36313 0.425362 0.021051 0.0342925
0 0.408443 0.566744 0.0213216 0.037141
0 0.821829 0.376237 0.0210609 0.0360121
0 0.846205 0.416655 0.0212377 0.036049
0 0.754159 0.387884 0.0206128 0.0345717
0 0.533591 0.360753 0.0217028 0.0358674
0 0.451865 0.627782 0.0220754 0.0329312
0 0.492461 0.426736 0.0225113 0.0335702
0 0.486178 0.568946 0.0228496 0.0380971
0 0.291891 0.43104 0.0210206 0.0367807
0 0.229733 0.417793 0.0208545 0.0348532
0 0.621587 0.605173 0.0223578 0.0375201
0 0.763265 0.432293 0.020551 0.0355571
0 0.943422 0.60294 0.0231754 0.0366006
0 0.852428 0.555834 0.0223341 0.0373209
0 0.244427 0.572924 0.0208942 0.0358798
0 0.495089 0.633471 0.0233065 0.0399991
0 0.348954 0.619822 0.0214818 0.0339274
0 0.628043 0.545963 0.0224379 0.035296
0 0.78832 0.580657 0.0223067 0.0362908
0 0.858557 0.610075 0.0230039 0.0369687
0 0.801569 0.458435 0.0197017 0.0314536
0 0.674469 0.515305 0.0213089 0.0363201
0 0.566211 0.60101 0.023378 0.0387348
0 0.147141 0.439271 0.0205522 0.0347484
0 0.521935 0.429128 0.0206273 0.0340314
