0 0.350029 0.460417 0.0271923 0.0498463
0 0.649736 0.309623 0.0237097 0.0392335
0 0.527632 0.333337 0.02377 0.043015
0 0.80715 0.299998 0.022064 0.0407491
0 0.552294 0.57592 0.0313763 0.0621444
0 0.327811 0.321087 0.0220041 0.0402537
0 0.565526 0.307299 0.0226462 0.0409506
0 0.383392 0.332394 0.0250486 0.0454362
0 0.724817 0.296381 0.0220785 0.0404831
0 0.491138 0.316828 0.0238335 0.0417433
0 0.138972 0.315533 0.0250988 0.0439373
0 0.870874 0.298698 0.0247423 0.0443635
0 0.692525 0.303656 0.0265041 0.0436334
0 0.238299 0.31384 0.0240963 0.0447959
0 0.415437 0.321631 0.0229756 0.0408122
0 0.609385 0.342876 0.0253946 0.0437642
0 0.182057 0.304155 0.0263922 0.046487
0 0.446583 0.336898 0.0244614 0.0467835
0 0.663855 0.432401 0.028348 0.0543897
0 0.780345 0.312606 0.02661 0.0494391
0 0.284228 0.318249 0.0255972 0.0462002
0 0.56948 0.447536 0.0280089 0.0533756
0 0.443301 0.466988 0.0287065 0.0520014
0 0.7606 0.441573 0.0294526 0.0592377
0 0.480717 0.568123 0.0304131 0.0578904
