0 0.576234 0.305194 0.0222324 0.0382864
0 0.481336 0.390688 0.00822526 0.0151427
0 0.662807 0.32927 0.0208844 0.0363383
0 0.89748 0.241981 0.022137 0.0374711
0 0.836806 0.253484 0.0280502 0.0472947
0 0.605284 0.297066 0.0253171 0.0451175
0 0.698799 0.468595 0.0160615 0.0285025
0 0.981828 0.31847 0.019232 0.0341748
0 0.0495707 0.262341 0.0298981 0.0495292
0 0.337064 0.30452 0.0206547 0.035129
0 0.676304 0.320313 0.0193143 0.0338791
0 0.261198 0.306511 0.0249939 0.0416138
0 0.527018 0.26824 0.031696 0.0542165
0 0.175586 0.303609 0.0247896 0.0420724
0 0.769614 0.241466 0.03096 0.0564234
0 0.418161 0.268892 0.0322271 0.0527322
