0 0.60393 0.190908 0.0114717 0.031384
0 0.670559 0.134451 0.0125301 0.025334
0 0.650855 0.176077 0.0141272 0.0287034
0 0.579836 0.208158 0.0159034 0.0383411
0 0.621424 0.177558 0.0104208 0.0263628
0 0.760159 0.123002 0.0225844 0.0784074
0 0.644979 0.335232 0.0168291 0.0383752
0 0.527822 0.419966 0.0368209 0.0612093
0 0.315277 0.357553 0.00890741 0.0182238
0 0.672932 0.170191 0.0181112 0.0393693
0 0.9658 0.0366596 0.0312195 0.0675889
0 0.477294 0.236164 0.0295063 0.0679984
0 0.54987 0.269864 0.0290558 0.0559708
0 0.693217 0.176765 0.0194557 0.0467737
0 0.221221 0.2842 0.0250806 0.0529587
