0 0.883327 0.0985126 0.0412005 0.0326701
0 0.370462 0.393048 0.0559071 0.043549
0 0.990601 0.354417 0.0194296 0.0408944
0 0.0117263 0.0971512 0.0207162 0.0310387
0 0.699745 0.0463696 0.042366 0.029373
0 0.701427 0.278736 0.0382249 0.0395207
0 0.764166 0.120511 0.0440007 0.0333264
0 0.767619 0.398801 0.0485907 0.0405485
0 0.0149472 0.300253 0.027269 0.0398911
0 0.64802 0.309226 0.0513306 0.0391463
0 0.859804 0.0443408 0.0444503 0.0378716
0 0.421688 0.242859 0.0455884 0.0327017
0 0.0962037 0.455037 0.0505354 0.0384452
0 0.670448 0.180031 0.0524305 0.0417503
0 0.26528 0.244582 0.0463958 0.0371024
0 0.0612448 0.169618 0.0434572 0.0376599
0 0.952066 0.250043 0.0482951 0.0329741
0 0.378807 0.180992 0.0457497 0.0358871
0 0.0945655 0.0318405 0.0412291 0.034808
0 0.261038 0.470131 0.0545837 0.0416527
0 0.960335 0.410361 0.0530433 0.039332
0 0.191399 0.171289 0.0442329 0.0357121
0 0.560976 0.0310138 0.048049 0.0402696
0 0.171925 0.311232 0.0473574 0.0369471
0 0.601753 0.25167 0.043848 0.0368227
0 0.601313 0.103014 0.0452514 0.0338844
0 0.819826 0.515518 0.0497603 0.0398781
0 0.809052 0.187877 0.0476164 0.0360785
0 0.689926 0.441496 0.0650672 0.0521511
0 0.243503 0.0167118 0.0500603 0.0344893
0 0.213099 0.391565 0.0565857 0.0396928
0 0.524817 0.178247 0.0461664 0.0331871
0 0.158129 0.096414 0.0454955 0.0392304
0 0.681335 0.541005 0.0565758 0.0433327
0 0.040682 0.374396 0.053391 0.0411538
0 0.323177 0.313533 0.0515342 0.0384169
0 0.440833 0.470402 0.0720536 0.0560633
