0 0.272372 0.401726 0.00998083 0.0253315
0 0.316586 0.424084 0.00967255 0.0238602
0 0.817497 0.441519 0.00786668 0.0210575
0 0.19541 0.438436 0.00983961 0.0213462
0 0.40084 0.424074 0.0117064 0.0239773
0 0.582067 0.449195 0.00907367 0.0205205
0 0.541957 0.45062 0.0101762 0.0219717
0 0.887822 0.442376 0.00992548 0.0212948
0 0.587761 0.479401 0.00953192 0.021405
0 0.611635 0.456416 0.00999129 0.02209
0 0.791023 0.449166 0.00913709 0.0204442
0 0.652448 0.455736 0.0097394 0.0216592
0 0.704035 0.450361 0.00918633 0.021199
0 0.677287 0.461109 0.00922853 0.0218377
0 0.731999 0.455849 0.00927216 0.020532
0 0.515406 0.434458 0.0103703 0.0240513
0 0.356082 0.415105 0.0113838 0.0256766
0 0.483594 0.429053 0.00976121 0.0222059
0 0.763072 0.482799 0.0097456 0.0217568
