0 0.46032 0.317217 0.00525817 0.0109433
0 0.394077 0.322959 0.00564766 0.0121816
0 0.381736 0.394543 0.00605983 0.0124891
0 0.569873 0.34531 0.00514615 0.0105075
0 0.3937 0.300348 0.00607032 0.0134467
0 0.496542 0.378129 0.00574598 0.0126519
0 0.584933 0.343407 0.00528497 0.011169
0 0.37079 0.387943 0.00570235 0.0118459
0 0.421104 0.398832 0.00612211 0.0124052
0 0.612134 0.352953 0.00572443 0.0127207
0 0.898347 0.577437 0.0100269 0.0255127
0 0.540944 0.328424 0.00538033 0.0126933
0 0.39726 0.411395 0.00742766 0.0147347
0 0.221222 0.369999 0.00683065 0.0140318
0 0.63339 0.363198 0.00668496 0.0141498
0 0.997169 0.468226 0.00609118 0.0240702
0 0.976717 0.527102 0.0101412 0.0246157
0 0.836553 0.525394 0.0100569 0.0212957
0 0.497968 0.456959 0.00913906 0.0188323
0 0.53336 0.537243 0.00898695 0.0213482
0 0.5555 0.902137 0.0221119 0.0332573
0 0.56373 0.554191 0.00939637 0.0192751
0 0.922105 0.41943 0.00889796 0.0198714
0 0.751255 0.448356 0.00864905 0.0186462
0 0.804323 0.462382 0.0105847 0.0233816
0 0.777328 0.476146 0.0103742 0.0241712
0 0.586466 0.762601 0.0202257 0.0358545
0 0.202 0.645054 0.0164401 0.0353038
