0 0.785571 0.582159 0.00720632 0.0132054
0 0.563036 0.569945 0.0075863 0.0147409
0 0.597671 0.571084 0.00773978 0.0148896
0 0.503293 0.570474 0.00865993 0.0174225
0 0.32263 0.60172 0.00877792 0.0162221
0 0.536146 0.574133 0.00810099 0.0154954
0 0.727207 0.578658 0.00777143 0.0145136
0 0.627068 0.574702 0.00804341 0.0148113
0 0.75751 0.577304 0.00796717 0.0153453
0 0.402571 0.594051 0.00869903 0.0152678
0 0.233789 0.600174 0.00824156 0.0159195
0 0.455952 0.584173 0.00870019 0.0171632
0 0.270624 0.608518 0.00925764 0.0161819
0 0.36432 0.605779 0.00897193 0.0152984
0 0.660605 0.575341 0.00825888 0.016359
0 0.0552918 0.584031 0.010694 0.0229891
