0 0.0354433 0.108326 0.0170221 0.0380325
0 0.00323752 0.141953 0.00657162 0.0429331
0 0.5589 0.156182 0.0387853 0.0926053
0 0.0943035 0.0736348 0.0139795 0.0328256
0 0.00866838 0.00756548 0.0124126 0.0177562
0 0.154751 0.0353219 0.0132876 0.0286185
0 0.838468 0.0229762 0.015097 0.0291786
0 0.0571389 0.0508124 0.0142522 0.0309056
0 0.113716 0.0588807 0.0151783 0.0313268
0 0.0684107 0.0771035 0.0159973 0.0344265
0 0.168321 0.0542534 0.0155013 0.032999
0 0.96735 0.0511598 0.0149004 0.0301052
0 0.861084 0.0591744 0.0164123 0.0328136
0 0.0314695 0.0480282 0.0152752 0.0360383
0 0.88779 0.0198827 0.0157076 0.0351262
0 0.693953 0.0941363 0.0330786 0.0754895
0 0.925579 0.0385912 0.0173479 0.0363383
0 0.757401 0.105294 0.0295531 0.0643011
0 0.752937 0.228923 0.0390891 0.0869372
0 0.547861 0.448447 0.0413936 0.0955249
0 0.355524 0.181147 0.0324938 0.0764125
0 0.885353 0.215033 0.0339611 0.0737817
0 0.621408 0.174808 0.0385475 0.088894
0 0.829763 0.229933 0.0398962 0.0834937
0 0.905394 0.116376 0.0348871 0.075384
0 0.71019 0.538324 0.0390365 0.0918362
0 0.430733 0.146104 0.0381051 0.0888786
0 0.411611 0.263011 0.0404181 0.0971823
0 0.308731 0.158398 0.038128 0.0863254
0 0.912577 0.279245 0.0377336 0.0860642
0 0.804609 0.0740838 0.0329894 0.0736927
0 0.406915 0.465608 0.0406659 0.0867247
0 0.267956 0.277737 0.0396438 0.0878189
0 0.538176 0.150189 0.0366936 0.0903024
0 0.145498 0.248243 0.0402656 0.091241
0 0.675023 0.22214 0.0418032 0.0988764
0 0.203797 0.182419 0.0417895 0.103962
0 0.291843 0.469111 0.040572 0.101595
0 0.491078 0.225998 0.0376197 0.0959908
0 0.195114 0.470298 0.0490636 0.111251
0 0.611897 0.418785 0.044493 0.109207
0 0.783264 0.463422 0.0450325 0.101836
