0 0.717001 0.499189 0.00548559 0.00922444
0 0.766424 0.524955 0.00655437 0.0111109
0 0.630761 0.524318 0.00559199 0.00971746
0 0.785347 0.528525 0.00763065 0.0139395
0 0.923433 0.526587 0.00876272 0.0146646
0 0.962404 0.529361 0.00925219 0.0165327
0 0.509097 0.537399 0.00781047 0.0149524
0 0.995099 0.546795 0.00977194 0.0223681
0 0.587028 0.52894 0.00813192 0.0140286
0 0.667103 0.541814 0.00816709 0.016295
0 0.95093 0.530499 0.00899202 0.015681
0 0.976862 0.538396 0.0111511 0.019226
0 0.890051 0.539934 0.0102797 0.0189147
0 0.746302 0.540623 0.0109023 0.0191328
0 0.577039 0.546894 0.012101 0.0205932
0 0.723883 0.552686 0.0122341 0.0214705
0 0.835865 0.552577 0.0143597 0.0242708
0 0.927775 0.550305 0.0175888 0.0308023
0 0.604645 0.587479 0.0144271 0.0287477
0 0.675136 0.565069 0.0128937 0.0243239
0 0.896704 0.578158 0.0203384 0.0383923
0 0.795281 0.5904 0.0287958 0.0534287
0 0.195295 0.251743 0.0330473 0.0804618
