0 0.428663 0.045258 0.0104078 0.0123053
0 0.32189 0.0476742 0.0104107 0.0171447
0 0.908761 0.0553893 0.0102001 0.0158202
0 0.972757 0.126859 0.0116718 0.0192101
0 0.890929 0.107712 0.0100712 0.0176561
0 0.357662 0.0469515 0.00943619 0.014415
0 0.925289 0.140071 0.0154499 0.0267787
0 0.91784 0.102851 0.0103166 0.0181516
0 0.336819 0.0664149 0.0107647 0.0184857
0 0.976915 0.057883 0.0113568 0.0178363
0 0.276394 0.331147 0.0120978 0.024904
0 0.900198 0.0800903 0.0104444 0.0178953
0 0.398108 0.064222 0.0102122 0.0172281
0 0.259965 0.0500392 0.0108977 0.0185181
0 0.317864 0.108703 0.0112662 0.0185981
0 0.165749 0.0892709 0.0128403 0.0209639
0 0.225982 0.0787295 0.0113542 0.0183411
0 0.567728 0.126708 0.0097357 0.0165369
0 0.298584 0.0622515 0.0100138 0.0167328
0 0.0356382 0.370576 0.0147074 0.0237849
0 0.250831 0.328077 0.01314 0.0221999
0 0.666543 0.34848 0.112599 0.187188
0 0.571085 0.315234 0.100198 0.166231
0 0.323174 0.313911 0.0756581 0.113101
0 0.759444 0.174504 0.106457 0.173131
0 0.810237 0.437017 0.143319 0.198382
0 0.104286 0.337462 0.0930401 0.135187
0 0.47191 0.323723 0.0793428 0.149037
