0 0.84268 0.134099 0.0269918 0.0507191
0 0.418264 0.141255 0.0279642 0.0551255
0 0.587566 0.145961 0.0285527 0.0567053
0 0.328922 0.138699 0.0292639 0.0576848
0 0.759465 0.127026 0.0268299 0.0549076
0 0.675458 0.132896 0.0278549 0.0567476
0 0.247903 0.12814 0.0279168 0.0581291
0 0.509647 0.121849 0.0274957 0.0582248
0 0.445636 0.453617 0.0337738 0.0683826
0 0.180819 0.117426 0.028844 0.0600954
0 0.174823 0.391172 0.0347004 0.0706112
0 0.326935 0.414767 0.036751 0.0743851
0 0.787948 0.221898 0.0308721 0.0639087
0 0.805034 0.385505 0.0350705 0.0687477
0 0.886032 0.203261 0.0343294 0.0652441
0 0.109511 0.22493 0.0315716 0.064777
0 0.505057 0.220641 0.0317102 0.06299
0 0.406223 0.221967 0.031276 0.0625314
0 0.305706 0.221411 0.0327186 0.0636283
0 0.616722 0.390003 0.0355095 0.0700869
0 0.507034 0.432694 0.0344411 0.07241
0 0.69068 0.227654 0.033426 0.0690341
0 0.209384 0.220237 0.0323597 0.0639591
0 0.602349 0.215962 0.0310379 0.0645732
