0 0.306564 0.550687 0.0389786 0.0974065
0 0.356888 0.341466 0.0192207 0.0360583
0 0.643687 0.448009 0.0244035 0.0827097
0 0.772848 0.382566 0.0281982 0.0523076
0 0.342084 0.353851 0.0262581 0.0495597
0 0.172457 0.130959 0.0194613 0.0403668
0 0.648516 0.315153 0.0214143 0.0401226
0 0.287435 0.327803 0.0203059 0.0352247
0 0.194948 0.328395 0.0227049 0.0442109
0 0.497264 0.331479 0.0232065 0.0411478
0 0.566976 0.327219 0.0200832 0.0371464
0 0.0271206 0.364285 0.0242775 0.0447807
0 0.414454 0.340863 0.026584 0.0481022
0 0.222665 0.414331 0.0287675 0.0511609
0 0.133678 0.386685 0.0322671 0.0624177
0 0.693129 0.391212 0.034704 0.0669506
0 0.797891 0.177022 0.0443298 0.0924022
