0 0.623528 0.872507 0.00796604 0.0139047
0 0.638276 0.824451 0.00812501 0.0138238
0 0.670444 0.826346 0.00833875 0.0134567
0 0.594754 0.858578 0.00815642 0.0148444
0 0.540128 0.795302 0.00918418 0.015268
0 0.0745164 0.714776 0.0255848 0.0441541
0 0.900471 0.7422 0.0217938 0.045762
0 0.790567 0.725373 0.0213174 0.0407554
0 0.762357 0.721053 0.0212137 0.0415829
0 0.368711 0.400342 0.0375753 0.0810947
0 0.206969 0.713435 0.030589 0.055812
0 0.988363 0.794171 0.0232733 0.0575875
0 0.460957 0.315072 0.0388294 0.0660879
