0 0.79847 0.844656 0.042538 0.0808227
0 0.158844 0.881719 0.0451824 0.0770564
0 0.670902 0.854532 0.0470026 0.098704
0 0.626151 0.759759 0.0478255 0.0972998
0 0.87233 0.571467 0.0487145 0.0927594
0 0.309108 0.901219 0.0472026 0.0906564
0 0.123655 0.810505 0.0472582 0.0948671
0 0.600777 0.557026 0.0509439 0.102898
0 0.654294 0.407165 0.0536503 0.11661
0 0.767633 0.773584 0.0447004 0.087084
0 0.18859 0.582675 0.046132 0.0932218
0 0.73331 0.573341 0.0485797 0.0940218
0 0.505057 0.772099 0.0505177 0.0898286
0 0.462432 0.42661 0.0582403 0.106988
0 0.368032 0.784248 0.045597 0.092172
0 0.328029 0.583214 0.0559582 0.105477
0 0.84096 0.402519 0.0561386 0.108627
0 0.557748 0.847419 0.0442749 0.0877349
0 0.439811 0.873471 0.0424053 0.0879553
0 0.250158 0.822 0.047337 0.0957603
0 0.882966 0.758778 0.0461355 0.0821557
0 0.466911 0.57649 0.0515164 0.0939542
0 0.23172 0.445252 0.0566149 0.126173
