0 0.775744 0.173095 0.00730449 0.0194524
0 0.918475 0.221606 0.00925809 0.0256618
0 0.899324 0.167052 0.0105614 0.0238069
0 0.787819 0.178424 0.00854671 0.024413
0 0.756736 0.172742 0.00745296 0.0187913
0 0.73772 0.16528 0.00742906 0.0194747
0 0.528877 0.28772 0.0138226 0.0365589
0 0.994503 0.267158 0.0111065 0.0324801
0 0.964469 0.240462 0.0122032 0.0312373
0 0.622609 0.284146 0.0130502 0.0356897
0 0.90738 0.242921 0.0133253 0.0337363
0 0.982641 0.251209 0.0122043 0.0319888
0 0.883314 0.241295 0.0126469 0.0311434
0 0.972101 0.314492 0.0250429 0.0608085
0 0.688813 0.2562 0.013163 0.0339119
0 0.651508 0.293897 0.0157306 0.0451293
0 0.823642 0.284684 0.0146826 0.040069
0 0.866147 0.260965 0.0149975 0.0379558
0 0.565568 0.301512 0.0164526 0.0435404
0 0.799762 0.226558 0.0107826 0.0281263
0 0.931942 0.275167 0.0183284 0.0453244
0 0.676728 0.301184 0.0175673 0.0475388
0 0.330182 0.315072 0.0164324 0.0417241
0 0.740901 0.270396 0.0137628 0.0407075
0 0.77038 0.263344 0.0135469 0.0380876
0 0.346476 0.374047 0.0166001 0.0516853
0 0.475264 0.310989 0.0145779 0.0438505
0 0.794715 0.296189 0.0167474 0.0460384
0 0.0564976 0.412014 0.0293828 0.066089
0 0.379474 0.448954 0.0257587 0.0688935
0 0.901915 0.29278 0.0187332 0.0489664
0 0.762665 0.331412 0.0213404 0.0579705
0 0.578122 0.432667 0.0241288 0.0676319
0 0.523499 0.341836 0.0183227 0.0545537
0 0.504146 0.320088 0.0161565 0.0444005
0 0.84984 0.312451 0.0191846 0.0521949
0 0.400755 0.343779 0.0174197 0.0509453
0 0.61339 0.340114 0.0207942 0.0530108
0 0.933831 0.348983 0.0252844 0.0619085
0 0.373245 0.308162 0.017116 0.0468001
0 0.360614 0.404504 0.0204446 0.0591784
0 0.707124 0.318765 0.0189341 0.0523786
0 0.663788 0.36378 0.0217645 0.0617291
0 0.00925435 0.513575 0.0196888 0.0690335
0 0.130722 0.506749 0.0272748 0.0622165
0 0.0346089 0.466998 0.0299409 0.0654198
0 0.887127 0.40513 0.036475 0.0763348
0 0.817142 0.376843 0.0281534 0.0689334
0 0.541582 0.386461 0.0208263 0.0587694
0 0.714353 0.403379 0.026357 0.0695594
0 0.0227108 0.715308 0.0427557 0.0860766
0 0.412677 0.490468 0.0288821 0.080331
0 0.624673 0.474387 0.028495 0.0828553
0 0.792345 0.462878 0.0374066 0.0894787
0 0.958778 0.452915 0.0438469 0.0844936
0 0.683978 0.633766 0.0421598 0.107484
0 0.426893 0.585536 0.0383048 0.104677
0 0.892172 0.607277 0.048077 0.105294
0 0.457661 0.738547 0.0514769 0.136563
0 0.759034 0.798657 0.057529 0.143823
