0 0.13047 0.482335 0.031344 0.0500711
0 0.162925 0.472211 0.0285574 0.0445251
0 0.182885 0.457335 0.0251878 0.0454599
0 0.305225 0.459995 0.0285589 0.0440162
0 0.242558 0.453977 0.0302351 0.0486778
0 0.331321 0.389008 0.0290508 0.0463801
0 0.613776 0.396521 0.0281356 0.0484155
0 0.324525 0.537169 0.0293106 0.0490402
0 0.545898 0.417061 0.0274809 0.0435203
0 0.671164 0.406275 0.0283206 0.0482975
0 0.607471 0.649503 0.0288966 0.0435098
0 0.474862 0.417433 0.0270427 0.0462346
0 0.393599 0.533169 0.0294676 0.050625
0 0.240447 0.559333 0.0310258 0.0447858
0 0.865107 0.412744 0.0303888 0.0492014
0 0.80512 0.427243 0.0291162 0.0458918
0 0.322523 0.660972 0.0304915 0.0496979
0 0.418828 0.438236 0.0261425 0.0454299
0 0.519477 0.52349 0.0283272 0.0439948
0 0.450566 0.516979 0.0289402 0.0492539
0 0.731301 0.387606 0.0285036 0.0475111
0 0.392668 0.655457 0.0294521 0.0481613
0 0.264897 0.674281 0.0323504 0.053414
0 0.538489 0.643833 0.0288817 0.046906
0 0.916256 0.42329 0.0307224 0.048615
0 0.0835786 0.492033 0.0313497 0.051314
0 0.476573 0.648742 0.0301727 0.0495128
