0 0.0874573 0.509741 0.0232114 0.0482039
0 0.361824 0.393583 0.0114967 0.0204386
0 0.692011 0.367723 0.00869191 0.019209
0 0.2915 0.36204 0.0108691 0.0206035
0 0.851917 0.483988 0.0167556 0.0392382
0 0.438193 0.344567 0.00887138 0.0165494
0 0.679922 0.364851 0.00886887 0.0180374
0 0.398523 0.351774 0.00832874 0.0178444
0 0.661589 0.355183 0.0102442 0.0203979
0 0.621187 0.349212 0.00896943 0.0184475
0 0.45339 0.338675 0.00819615 0.0155554
0 0.376614 0.354062 0.00885922 0.0176766
0 0.517598 0.327825 0.00830376 0.0153234
0 0.418168 0.34717 0.00897238 0.0158886
0 0.644498 0.352794 0.0101794 0.0201611
0 0.208407 0.427296 0.013608 0.0384165
0 0.162571 0.469476 0.0192417 0.0455236
0 0.601308 0.340459 0.00855798 0.0165439
0 0.183888 0.430519 0.0175331 0.0408352
0 0.737669 0.379897 0.0118538 0.0260915
0 0.271217 0.381314 0.0109215 0.0283149
0 0.341415 0.360055 0.0130837 0.0229459
0 0.716214 0.376271 0.0119576 0.0247391
0 0.309633 0.378943 0.0127726 0.0257872
0 0.818653 0.447271 0.0193043 0.0400133
0 0.770179 0.405661 0.0164703 0.0298408
0 0.224748 0.414942 0.0171587 0.0364518
0 0.252018 0.391285 0.0158218 0.0313352
0 0.796766 0.421263 0.0178623 0.0330959
