0 0.500699 0.212585 0.0263499 0.0808355
0 0.751248 0.215177 0.0273449 0.0795903
0 0.649576 0.208257 0.0261323 0.0788239
0 0.337163 0.286217 0.025428 0.077749
0 0.394947 0.358653 0.025368 0.068075
0 0.421557 0.242916 0.0264848 0.079811
0 0.702235 0.192581 0.024489 0.0737225
0 0.302618 0.260889 0.0285192 0.0903175
0 0.565868 0.196704 0.0259488 0.0739129
0 0.205212 0.271817 0.0307027 0.0890169
0 0.834855 0.283141 0.0295431 0.0814324
0 0.245171 0.217461 0.026433 0.0766747
0 0.585876 0.273939 0.0271866 0.0827269
