0 0.118751 0.119371 0.0113599 0.0281252
0 0.399295 0.122913 0.0158794 0.0374161
0 0.22335 0.129208 0.0123108 0.0327574
0 0.849058 0.0980236 0.0192976 0.0517068
0 0.155393 0.127037 0.0137272 0.0347925
0 0.339709 0.112725 0.0160291 0.0409634
0 0.418816 0.124487 0.0159932 0.0447858
0 0.280207 0.137403 0.0161524 0.0410387
0 0.528139 0.120766 0.0145853 0.0389006
0 0.574055 0.0973125 0.0147624 0.0428832
0 0.309212 0.144313 0.0175267 0.0418808
0 0.185813 0.126457 0.0159256 0.045128
0 0.479291 0.122449 0.0174122 0.0455292
0 0.374984 0.141403 0.0195738 0.0530013
0 0.774046 0.469376 0.0682608 0.250849
