0 0.939317 0.366984 0.0112793 0.0234449
0 0.622879 0.359051 0.00626099 0.0135431
0 0.834859 0.363366 0.0114014 0.0209016
0 0.127146 0.38778 0.0074657 0.0132344
0 0.184514 0.507011 0.0139426 0.0217027
0 0.337993 0.379779 0.0112855 0.0203725
0 0.371946 0.385692 0.0112446 0.0192973
0 0.148345 0.390412 0.00890897 0.0154016
0 0.252571 0.383137 0.0105279 0.0211531
0 0.192348 0.420598 0.00974868 0.0176292
0 0.00504559 0.414705 0.0100912 0.0210839
0 0.410448 0.358306 0.0164151 0.0452991
0 0.881891 0.359649 0.0163145 0.0291887
0 0.975027 0.338369 0.0174139 0.0318423
