0 0.28614 0.348476 0.0189117 0.0306399
0 0.336658 0.343687 0.0158652 0.0292749
0 0.994308 0.368863 0.0115331 0.0295165
0 0.825402 0.368552 0.0163713 0.0274534
0 0.164751 0.299037 0.0148269 0.0253568
0 0.319469 0.370279 0.0242159 0.0468158
0 0.730918 0.370102 0.0203384 0.0382644
0 0.775443 0.340761 0.0138083 0.025074
0 0.80607 0.359582 0.0156423 0.026868
0 0.651562 0.324455 0.0154481 0.0272261
0 0.899073 0.394612 0.0201104 0.0331873
0 0.104188 0.291898 0.0164659 0.0283613
0 0.868796 0.451619 0.0277405 0.0583477
0 0.669671 0.34291 0.0180529 0.0336725
0 0.755361 0.398441 0.0260191 0.0463234
0 0.513254 0.356186 0.0225636 0.041428
0 0.558209 0.393476 0.0273772 0.0506975
0 0.0661857 0.310706 0.0192305 0.0353042
0 0.604434 0.431797 0.0375621 0.0620528
0 0.295684 0.41491 0.0392481 0.0689628
