0 0.498896 0.318139 0.0120849 0.0267032
0 0.783826 0.438373 0.0193701 0.0416065
0 0.588946 0.426928 0.0193828 0.0459338
0 0.495377 0.460973 0.0275708 0.0474493
0 0.44074 0.296595 0.0163297 0.0267233
0 0.823812 0.793774 0.0578398 0.145274
0 0.685243 0.396869 0.0205397 0.0378554
0 0.151676 0.520783 0.0314591 0.0723096
0 0.792238 0.406069 0.0209022 0.0388327
0 0.889209 0.42117 0.0215145 0.0373076
0 0.0713225 0.469504 0.0342708 0.0656321
0 0.239617 0.461744 0.0265294 0.0433734
0 0.153482 0.65526 0.0636427 0.118858
0 0.619652 0.522132 0.04988 0.0817642
