0 0.193117 0.268303 0.0122969 0.0205021
0 0.177583 0.23371 0.0112577 0.0192476
0 0.434587 0.245242 0.0147466 0.0291257
0 0.347165 0.22091 0.00949788 0.0158527
0 0.324725 0.230016 0.00961664 0.0161859
0 0.0880412 0.216805 0.0124124 0.020933
0 0.214842 0.240292 0.011979 0.0195283
0 0.0711204 0.318144 0.013641 0.022013
0 0.248369 0.23754 0.0153053 0.0256354
0 0.613249 0.225836 0.021601 0.0355249
0 0.408301 0.25275 0.029085 0.0541531
0 0.113281 0.278689 0.0222513 0.0409215
0 0.699158 0.264916 0.0376891 0.0651306
