0 0.945661 0.505532 0.0082323 0.0149375
0 0.0856949 0.493469 0.0102988 0.0195624
0 0.997089 0.496183 0.00616419 0.0249045
0 0.471901 0.4767 0.010529 0.0209716
0 0.554811 0.506593 0.016376 0.0400066
0 0.354458 0.496963 0.00842762 0.0194519
0 0.0792886 0.535452 0.0122839 0.0293939
0 0.671688 0.483928 0.00778848 0.0155991
0 0.179836 0.509076 0.0173857 0.0358171
0 0.618931 0.510455 0.013019 0.0295794
0 0.244259 0.490291 0.0101396 0.0209941
0 0.812978 0.517274 0.0215777 0.0448272
0 0.145596 0.50269 0.0108792 0.0220711
0 0.0254302 0.505764 0.012135 0.0242905
0 0.301815 0.525979 0.0205952 0.0462194
0 0.920378 0.499515 0.0100546 0.020115
0 0.702188 0.507541 0.0114629 0.0241636
0 0.972519 0.491386 0.0132214 0.027985
0 0.605533 0.500353 0.0129436 0.0282548
0 0.570233 0.524435 0.0265288 0.0548353
0 0.75862 0.487216 0.0157927 0.0321666
0 0.26114 0.513849 0.0133479 0.0286265
0 0.458801 0.514208 0.0146577 0.0331837
0 0.788346 0.503597 0.0139102 0.0278874
0 0.871888 0.502378 0.0130058 0.0274728
