0 0.504841 0.800711 0.0214547 0.0415843
0 0.601313 0.821872 0.00861597 0.00728375
0 0.813196 0.823452 0.00772268 0.00623626
0 0.916501 0.824781 0.00941104 0.00869256
0 0.657186 0.156152 0.0136881 0.0166791
0 0.983227 0.819196 0.0108622 0.00895922
0 0.133511 0.104564 0.0102238 0.00872829
0 0.372225 0.139806 0.0141443 0.0120812
0 0.990142 0.17523 0.0110959 0.00999117
0 0.68303 0.829187 0.0110205 0.00947431
0 0.891268 0.82188 0.0117446 0.0105314
0 0.447815 0.134991 0.0376244 0.0340391
0 0.752174 0.80758 0.0216516 0.0194483
0 0.2097 0.710608 0.0364112 0.0302717
0 0.214664 0.458806 0.0561464 0.0499281
0 0.706834 0.433871 0.0594419 0.0541431
0 0.32692 0.457757 0.0580682 0.0524844
