0 0.228703 0.119234 0.0289146 0.05972
0 0.911894 0.183639 0.0408857 0.0907074
0 0.6193 0.122333 0.0342723 0.0732116
0 0.519391 0.136258 0.031764 0.0756372
0 0.918868 0.156791 0.0378127 0.0773219
0 0.181848 0.0991981 0.0299038 0.0697558
0 0.223049 0.213517 0.0307486 0.0766475
0 0.0888727 0.0783825 0.0320155 0.0773262
0 0.314218 0.268515 0.0338962 0.0802161
0 0.245306 0.172825 0.0342587 0.0814224
0 0.467638 0.440181 0.0320996 0.0771115
0 0.525861 0.479523 0.0329866 0.0832642
0 0.192461 0.381982 0.032034 0.0787852
0 0.790553 0.173195 0.0369196 0.0925402
0 0.55719 0.227185 0.0369306 0.0791644
0 0.124499 0.158899 0.035745 0.0791715
0 0.90523 0.23369 0.0417608 0.0922006
0 0.618457 0.213243 0.0393396 0.0937089
0 0.667006 0.139299 0.0342397 0.0876511
0 0.708292 0.190612 0.040921 0.0984942
0 0.262476 0.48485 0.039058 0.0910275
0 0.146157 0.261644 0.0414095 0.0985983
0 0.39761 0.38665 0.0394818 0.0990944
0 0.274052 0.302879 0.0404602 0.092151
