0 0.133207 0.349581 0.0111598 0.020236
0 0.00896941 0.363507 0.0159321 0.0251647
0 0.236425 0.373973 0.0225498 0.0416303
0 0.621946 0.359696 0.0200269 0.0299061
0 0.262255 0.330558 0.0157206 0.0243843
0 0.284497 0.356983 0.0167966 0.0243084
0 0.431059 0.333522 0.016289 0.0250127
0 0.0559824 0.351724 0.0143011 0.0244596
0 0.166515 0.316433 0.0155895 0.0265875
0 0.321322 0.367339 0.0213993 0.0371819
0 0.815476 0.381316 0.0234667 0.0366863
0 0.0857224 0.336037 0.0202277 0.0381564
0 0.390192 0.420814 0.0267682 0.0440363
0 0.206984 0.386406 0.0378799 0.0637246
0 0.619573 0.393782 0.0283344 0.0488792
0 0.106291 0.467905 0.0588483 0.0994954
0 0.0654296 0.761184 0.130859 0.229308
0 0.698734 0.461033 0.0677935 0.123255
