0 0.903082 0.96261 0.00774288 0.0125135
0 0.803165 0.946132 0.00941467 0.0190531
0 0.451343 0.947646 0.00735998 0.011126
0 0.890865 0.962789 0.00839347 0.0138901
0 0.955003 0.945836 0.00714779 0.0124853
0 0.0957621 0.938189 0.006969 0.011539
0 0.109032 0.946889 0.00780447 0.0134587
0 0.0395062 0.959259 0.00912884 0.0149407
0 0.0852258 0.937522 0.00807361 0.0140824
0 0.307941 0.946724 0.00994086 0.0166097
0 0.0679447 0.947287 0.0111211 0.0180626
0 0.328293 0.972484 0.0114483 0.0189954
0 0.186683 0.977124 0.0319376 0.0437235
