0 0.788473 0.322529 0.0226636 0.0376808
0 0.958792 0.303836 0.0190424 0.028375
0 0.711378 0.410289 0.0281356 0.0415007
0 0.186334 0.330554 0.0284024 0.0434054
0 0.539302 0.386419 0.0277988 0.0424221
0 0.357982 0.472932 0.0285769 0.0449094
0 0.273839 0.325085 0.0231447 0.0347903
0 0.587 0.476512 0.0293868 0.0466488
0 0.715064 0.297038 0.0268607 0.0404456
0 0.240684 0.385539 0.028755 0.0395012
0 0.434025 0.503127 0.027272 0.0421941
0 0.411827 0.32831 0.0243106 0.0374905
0 0.639833 0.534978 0.0336394 0.0516725
0 0.806617 0.343999 0.0330421 0.0530633
0 0.46165 0.331368 0.0264436 0.0444329
0 0.349919 0.347111 0.0279589 0.038516
0 0.714334 0.456735 0.0320551 0.0504347
0 0.53382 0.312137 0.0280344 0.0440162
0 0.288573 0.465484 0.0315782 0.0509686
0 0.312466 0.315603 0.0255772 0.0377284
0 0.799048 0.524063 0.0306411 0.05114
0 0.800812 0.42665 0.0342968 0.0492464
0 0.165228 0.416822 0.0309954 0.0441175
0 0.509354 0.392763 0.0296264 0.047632
0 0.470643 0.524789 0.0310541 0.0499929
0 0.504204 0.477689 0.0307683 0.0492877
0 0.750262 0.530514 0.0399519 0.0666325
0 0.0968137 0.494459 0.0342178 0.0507434
0 0.216014 0.433065 0.0311911 0.0522034
0 0.386797 0.522182 0.0370897 0.064231
0 0.535053 0.524199 0.0335778 0.0615687
0 0.170133 0.484919 0.0365463 0.0552564
0 0.858418 0.512059 0.0374861 0.0630517
0 0.271823 0.513761 0.03666 0.0608519
