0 0.203868 0.205722 0.0202725 0.0320349
0 0.763375 0.292283 0.0202416 0.0573712
0 0.733016 0.17502 0.00986463 0.0281634
0 0.941367 0.350353 0.0174818 0.0396293
0 0.80708 0.209638 0.0126736 0.0228737
0 0.853879 0.185109 0.0138593 0.0359151
0 0.179326 0.37242 0.0369744 0.0769714
0 0.147718 0.333598 0.055187 0.112457
0 0.43399 0.0951445 0.030108 0.0603179
0 0.383119 0.283902 0.0292965 0.0598015
0 0.4727 0.295762 0.0377998 0.0668135
0 0.75938 0.621884 0.107394 0.215666
0 0.634429 0.36512 0.0502672 0.103684
0 0.142416 0.578801 0.0709872 0.121682
0 0.721275 0.393758 0.0572554 0.125732
