0 0.20196 0.0768221 0.00617623 0.0125894
0 0.352391 0.047623 0.00741935 0.0150975
0 0.234403 0.0675104 0.00639224 0.0138136
0 0.406327 0.0239699 0.00754175 0.0147764
0 0.326386 0.0484405 0.00778347 0.0151579
0 0.498887 0.0163906 0.00777018 0.0160816
0 0.483449 0.0211766 0.00751179 0.0154739
0 0.5437 0.0056102 0.00888568 0.0167282
0 0.637105 0.243002 0.0115101 0.0225109
0 0.771795 0.251639 0.0119541 0.0261954
0 0.61848 0.239446 0.0120267 0.0233499
0 0.16706 0.324353 0.0125551 0.0257357
0 0.67759 0.382064 0.0176113 0.0328198
0 0.68298 0.23499 0.012226 0.0255941
0 0.59321 0.245032 0.0121166 0.0239337
0 0.808676 0.238285 0.0117899 0.0257671
0 0.837098 0.214436 0.0316183 0.121632
0 0.547764 0.26112 0.0409295 0.0953848
0 0.296737 0.074469 0.0333724 0.0769623
0 0.129593 0.266244 0.0399911 0.0867505
0 0.710279 0.309379 0.0397071 0.0952261
