0 0.350611 0.295689 0.0139449 0.0244823
0 0.481145 0.233541 0.00865877 0.0204686
0 0.778101 0.288514 0.0166718 0.0329361
0 0.7214 0.500627 0.0138721 0.0393854
0 0.475433 0.285212 0.00908673 0.0238738
0 0.276692 0.279191 0.012658 0.0255796
0 0.733974 0.406427 0.0169402 0.0351372
0 0.686534 0.280395 0.0144553 0.0268194
0 0.634327 0.289273 0.0111873 0.0245303
0 0.900892 0.433946 0.017516 0.0385189
0 0.234848 0.886525 0.0365655 0.100757
0 0.643253 0.377387 0.0171009 0.0330347
0 0.467224 0.643446 0.0394559 0.0697173
0 0.511278 0.447077 0.0249641 0.0516815
0 0.509286 0.853874 0.051372 0.100263
