0 0.912092 0.347467 0.0292881 0.0406644
0 0.771393 0.788418 0.0292922 0.0553999
0 0.676058 0.783219 0.0315754 0.0584462
0 0.584023 0.748771 0.0345349 0.0538015
0 0.593281 0.346925 0.0406539 0.0707566
0 0.271402 0.344664 0.04155 0.049961
0 0.473057 0.773164 0.0331811 0.055968
0 0.454907 0.369852 0.039856 0.0420273
0 0.714135 0.350773 0.0350786 0.0518191
0 0.886736 0.5148 0.0318876 0.0592696
0 0.770703 0.534032 0.032907 0.05763
0 0.382487 0.788204 0.0341185 0.0638547
0 0.288348 0.778404 0.0374037 0.0662173
0 0.331808 0.500876 0.0411967 0.0791419
0 0.507506 0.536974 0.0371228 0.0704868
0 0.646244 0.530543 0.0390515 0.0720487
0 0.141729 0.518372 0.0405162 0.0789634
