0 0.364309 0.615804 0.013674 0.0242584
0 0.7945 0.551235 0.0129219 0.023824
0 0.681467 0.600438 0.0132893 0.024909
0 0.531835 0.386077 0.0177017 0.0412318
0 0.417741 0.648717 0.0113544 0.0213443
0 0.743418 0.607594 0.012181 0.0211549
0 0.627335 0.596307 0.0129485 0.0229269
0 0.565533 0.598863 0.0115832 0.0209026
0 0.522311 0.724807 0.0121146 0.0213033
0 0.788924 0.364037 0.0153043 0.0314796
0 0.512908 0.523357 0.012443 0.0240397
0 0.536071 0.638205 0.0126555 0.02235
0 0.435823 0.587755 0.0132958 0.0246515
0 0.534598 0.526205 0.0109838 0.0219285
0 0.474707 0.654271 0.0125065 0.0212319
0 0.40423 0.677553 0.011748 0.0203697
0 0.394248 0.507357 0.013268 0.0243327
0 0.46442 0.55245 0.0134647 0.0225353
0 0.280461 0.512168 0.0112188 0.0205221
0 0.45171 0.737022 0.0128297 0.0215111
0 0.656877 0.570883 0.0118995 0.0202707
0 0.175651 0.50425 0.012957 0.0245906
0 0.167245 0.60678 0.0119301 0.0225515
0 0.598621 0.553725 0.0115057 0.0208483
0 0.33088 0.564132 0.0121809 0.0219138
0 0.495566 0.606244 0.012621 0.023837
0 0.337231 0.673268 0.0111727 0.0202276
0 0.449003 0.521334 0.0129593 0.0244477
0 0.234733 0.606087 0.0118701 0.0215772
0 0.754084 0.496332 0.0138785 0.0253453
0 0.203062 0.567148 0.0119395 0.0212149
0 0.148314 0.539084 0.0134031 0.0244141
0 0.339574 0.508225 0.0138149 0.0262176
0 0.306217 0.609087 0.012111 0.0209781
0 0.225394 0.51119 0.0148185 0.0274177
0 0.26307 0.579385 0.0112271 0.0202324
0 0.633005 0.527488 0.0131735 0.0263207
0 0.714802 0.546099 0.0131902 0.0235746
0 0.780768 0.551047 0.0148481 0.0283006
0 0.692573 0.521934 0.0135284 0.0246777
0 0.567672 0.523068 0.0149183 0.0283791
