0 0.793503 0.353823 0.0216952 0.0347189
0 0.45222 0.501243 0.0246183 0.0405691
0 0.368483 0.362309 0.0205234 0.0363815
0 0.60253 0.465036 0.0246925 0.0373075
0 0.703934 0.358489 0.0202267 0.0364804
0 0.709214 0.416373 0.0196418 0.0340981
0 0.435694 0.439291 0.0225462 0.0391521
0 0.645696 0.40067 0.0218056 0.034129
0 0.561355 0.44961 0.0214483 0.0361014
0 0.391822 0.398617 0.0236802 0.0398426
0 0.481782 0.458643 0.0244293 0.0404809
0 0.539898 0.481819 0.0256127 0.0379804
0 0.4808 0.389813 0.0242652 0.0382562
0 0.573825 0.385895 0.023937 0.0398665
0 0.530773 0.383406 0.0204545 0.0313416
0 0.778165 0.406615 0.0257508 0.0405872
0 0.375605 0.483616 0.0233922 0.0422429
0 0.669357 0.494907 0.0257472 0.041345
0 0.30867 0.47797 0.0252312 0.0431341
0 0.350576 0.438533 0.0244308 0.0386464
0 0.614663 0.369008 0.0222033 0.0357253
0 0.441529 0.381827 0.0201449 0.0331656
0 0.788857 0.462704 0.0246327 0.0396242
0 0.732902 0.496896 0.0263917 0.0428902
