0 0.914057 0.262285 0.0121992 0.0211809
0 0.611367 0.328273 0.0122041 0.020025
0 0.0866692 0.252429 0.0180129 0.0273157
0 0.767599 0.278802 0.0110175 0.0173244
0 0.662165 0.356136 0.0130316 0.0201515
0 0.86029 0.341962 0.0128924 0.0226136
0 0.806951 0.278154 0.014118 0.0233985
0 0.410832 0.265709 0.0137369 0.0217379
0 0.957203 0.26406 0.0118265 0.0204636
0 0.368237 0.289629 0.0150284 0.0240953
0 0.315676 0.27644 0.0136255 0.0229438
0 0.845013 0.224234 0.0118949 0.0193815
0 0.419227 0.292279 0.0145899 0.0231555
0 0.576366 0.274998 0.0132419 0.0228063
0 0.766256 0.308014 0.0136077 0.0243762
0 0.348073 0.268941 0.0146877 0.0238277
0 0.937057 0.346847 0.0158537 0.0242241
0 0.888101 0.275548 0.0153919 0.026067
0 0.821432 0.35702 0.0136833 0.0202084
0 0.199489 0.344904 0.0184444 0.0318705
