0 0.514033 0.199082 0.0328301 0.0492376
0 0.178158 0.210198 0.0303776 0.0441807
0 0.298615 0.0778587 0.0322074 0.0488741
0 0.00560709 0.193064 0.0115752 0.0528997
0 0.439625 0.0366793 0.0264494 0.0437176
0 0.409036 0.0819841 0.031232 0.0471785
0 0.29514 0.185192 0.0331767 0.0479115
0 0.124322 0.172146 0.0326378 0.0505867
0 0.642924 0.176592 0.033281 0.056793
0 0.792922 0.180798 0.02863 0.0491526
0 0.646315 0.0736423 0.0285332 0.0464553
0 0.807411 0.0733871 0.0274986 0.0490184
0 0.524314 0.0618957 0.0322657 0.0530124
0 0.91311 0.0672224 0.0302643 0.0485628
0 0.751883 0.0624377 0.0312473 0.0535707
0 0.94723 0.178825 0.0310227 0.0515903
