0 0.50824 0.443018 0.01111 0.0225556
0 0.647238 0.456518 0.0153933 0.0337708
0 0.761253 0.447925 0.0154397 0.0261987
0 0.995115 0.479721 0.0104765 0.0300219
0 0.203508 0.443865 0.0114505 0.0218288
0 0.00623158 0.454004 0.010206 0.0182964
0 0.118552 0.453491 0.0104528 0.0181626
0 0.0413852 0.461016 0.010834 0.0189648
0 0.862371 0.495686 0.0168194 0.0287279
0 0.798086 0.452817 0.017535 0.0340079
0 0.221718 0.448708 0.0113873 0.0200413
0 0.260847 0.440251 0.0126454 0.0239071
0 0.343991 0.463225 0.00774804 0.0136934
0 0.37698 0.442601 0.0104227 0.0215975
0 0.172071 0.445072 0.0106387 0.0190361
0 0.0610001 0.460303 0.0122068 0.0212668
0 0.403952 0.439105 0.0129399 0.0240623
0 0.436203 0.432617 0.0128641 0.0278006
0 0.079246 0.444726 0.0132015 0.0240403
0 0.467717 0.432372 0.0149046 0.0276882
0 0.301146 0.427612 0.0150018 0.0260801
0 0.520408 0.449819 0.0160955 0.0299118
0 0.106162 0.47438 0.0174596 0.028707
0 0.972318 0.468641 0.0224987 0.0369216
0 0.148685 0.451117 0.0145147 0.0252126
0 0.245181 0.457371 0.0131126 0.0239505
0 0.596587 0.440067 0.0197299 0.0359663
0 0.89254 0.498818 0.0250847 0.0442925
0 0.739382 0.427055 0.0247667 0.0422146
0 0.54519 0.462177 0.0176894 0.0313399
0 0.389468 0.499826 0.0241879 0.0443222
0 0.662319 0.433583 0.0209297 0.039658
0 0.934638 0.487196 0.0231352 0.0354357
0 0.820254 0.448708 0.0293164 0.0475002
