0 0.28212 0.408167 0.031234 0.0982526
0 0.991471 0.438309 0.0173088 0.0639986
0 0.658563 0.456727 0.0482014 0.0902357
0 0.0745475 0.471414 0.0471582 0.112568
0 0.565114 0.476935 0.0428418 0.122785
0 0.430924 0.480776 0.0481779 0.105424
0 0.899831 0.432348 0.0375916 0.074347
0 0.788219 0.431656 0.0503473 0.0897975
0 0.780605 0.61252 0.0590514 0.0998086
0 0.719943 0.417277 0.0467308 0.0917275
0 0.929507 0.414697 0.0464304 0.0827951
0 0.10978 0.422884 0.043132 0.0895331
0 0.496362 0.406007 0.0477802 0.0948278
