0 0.865448 0.663829 0.0550888 0.11086
0 0.554468 0.807781 0.0471713 0.103743
0 0.394991 0.742684 0.0517712 0.097258
0 0.270054 0.778255 0.0577532 0.122863
0 0.111514 0.503337 0.071223 0.151274
0 0.573311 0.383045 0.0620428 0.142216
0 0.115791 0.781193 0.0633905 0.121833
0 0.314678 0.449241 0.0609162 0.133601
0 0.919913 0.743535 0.0603876 0.113451
0 0.780291 0.812242 0.0549878 0.122262
0 0.871473 0.43711 0.0773623 0.154892
0 0.683334 0.46386 0.0588094 0.130502
0 0.693391 0.773286 0.0586802 0.120458
