0 0.227334 0.463502 0.0597911 0.049336
0 0.767742 0.111521 0.0222533 0.0187185
0 0.754091 0.207597 0.0346928 0.0429262
0 0.479873 0.221203 0.0378951 0.0401607
0 0.865302 0.270533 0.041259 0.048067
0 0.75866 0.173489 0.0362298 0.0379571
0 0.6557 0.184148 0.0436295 0.0443396
0 0.812788 0.22571 0.0372687 0.0479454
0 0.146411 0.225805 0.04314 0.0497535
0 0.169704 0.260377 0.0444996 0.0453465
0 0.289605 0.230619 0.0388756 0.0461096
0 0.324349 0.175541 0.0456822 0.045766
0 0.30417 0.297429 0.04566 0.048511
0 0.638161 0.264716 0.0426952 0.0505845
0 0.421496 0.143308 0.0417754 0.0456734
0 0.211985 0.51248 0.0688726 0.0652804
0 0.761321 0.264401 0.0437356 0.0542446
0 0.886784 0.307578 0.053395 0.0526442
0 0.190251 0.31394 0.0581969 0.0548665
0 0.645007 0.494439 0.0685723 0.0663896
0 0.544 0.267439 0.0574541 0.0544536
