0 0.664808 0.332138 0.0168648 0.0339853
0 0.818802 0.502946 0.0190243 0.0448285
0 0.631199 0.36225 0.012996 0.0326415
0 0.851338 0.542458 0.0177138 0.0489504
0 0.895309 0.375825 0.0166548 0.0400615
0 0.973264 0.294151 0.0157158 0.0324504
0 0.890179 0.253569 0.0139868 0.0264963
0 0.868249 0.285569 0.0140101 0.0332411
0 0.738132 0.290455 0.0151028 0.0300103
0 0.801803 0.428244 0.022237 0.0426904
0 0.857586 0.397141 0.0177423 0.0394185
0 0.961435 0.334729 0.0176889 0.0406084
0 0.590114 0.208192 0.0156178 0.0263379
0 0.689264 0.312101 0.0178486 0.0352064
0 0.881407 0.338243 0.0190156 0.0329463
0 0.825495 0.339479 0.0209728 0.0331301
0 0.304419 0.328658 0.0181659 0.0309311
0 0.392354 0.324725 0.0183424 0.0356541
