0 0.989942 0.304264 0.00872248 0.0144009
0 0.241241 0.196762 0.0237062 0.0415231
0 0.87502 0.343197 0.0125635 0.0293492
0 0.707512 0.331862 0.0114708 0.0237901
0 0.889329 0.332622 0.0232929 0.0448362
0 0.451036 0.158758 0.0157546 0.0279425
0 0.657844 0.338779 0.0157771 0.0308085
0 0.0573156 0.166014 0.0296618 0.0499914
0 0.125066 0.0940876 0.0217065 0.0437703
0 0.162625 0.185358 0.0244817 0.0513341
0 0.948847 0.347242 0.0269442 0.0439588
0 0.827603 0.316611 0.0164869 0.0314363
0 0.0258446 0.0734672 0.0239886 0.0461202
0 0.731397 0.330749 0.0199857 0.0396097
0 0.315234 0.119652 0.0255663 0.043289
0 0.798053 0.364363 0.0234407 0.043221
