0 0.374929 0.159784 0.023587 0.0407076
0 0.336478 0.323459 0.0217985 0.0419638
0 0.383127 0.353007 0.0240941 0.0516932
0 0.376642 0.110454 0.026862 0.0488888
0 0.995022 0.638681 0.0100475 0.0779097
0 0.576857 0.0709663 0.0248986 0.0559546
0 0.285264 0.296608 0.0196201 0.0446264
0 0.925675 0.486072 0.0262749 0.051004
0 0.166225 0.523546 0.0259902 0.0546173
0 0.378815 0.25984 0.0224344 0.0489302
0 0.0868239 0.367607 0.0248855 0.0451607
0 0.0538121 0.263854 0.0223323 0.0450938
0 0.441204 0.322555 0.022952 0.0450948
0 0.848482 0.350379 0.025037 0.047221
0 0.330891 0.367133 0.0230183 0.0436515
0 0.237377 0.395288 0.0227808 0.045908
0 0.183867 0.371814 0.024696 0.0516729
0 0.00675968 0.410502 0.0132575 0.0642057
0 0.274114 0.469195 0.0267835 0.0523232
