0 0.77747 0.468659 0.0317238 0.0672582
0 0.76367 0.472039 0.0293807 0.0590281
0 0.194575 0.184505 0.0365857 0.0743947
0 0.45939 0.425721 0.0225177 0.0330116
0 0.373513 0.494215 0.0334795 0.0696236
0 0.150952 0.642162 0.0506016 0.0929956
0 0.882266 0.409388 0.0268881 0.0456907
0 0.471208 0.486897 0.0294771 0.0476297
0 0.441673 0.37352 0.025995 0.0456417
0 0.598278 0.429485 0.0350726 0.0561352
0 0.2738 0.52921 0.0439379 0.0918312
0 0.810277 0.259371 0.0359019 0.0559388
0 0.0511825 0.667503 0.0646343 0.135023
0 0.658427 0.250256 0.0406156 0.0662962
