0 0.535532 0.494328 0.00790167 0.0146679
0 0.642122 0.453312 0.00749201 0.0127865
0 0.590428 0.49984 0.00959921 0.0183538
0 0.520457 0.496477 0.00725073 0.0133048
0 0.41592 0.504601 0.00843495 0.0150302
0 0.69353 0.449438 0.00726473 0.0123749
0 0.628993 0.461991 0.00750357 0.0138926
0 0.602962 0.521135 0.00883561 0.0163439
0 0.478763 0.478759 0.00726461 0.0119599
0 0.571111 0.463445 0.00745338 0.012566
0 0.500933 0.499069 0.00782788 0.0139857
0 0.784844 0.445408 0.00813013 0.0136284
0 0.711406 0.442319 0.00835103 0.0151981
0 0.545474 0.466531 0.00808328 0.0138478
0 0.438474 0.522724 0.0096547 0.0202541
0 0.533666 0.521307 0.00958967 0.0203637
0 0.606565 0.458759 0.0079236 0.0146605
0 0.553259 0.517794 0.0109171 0.0245431
0 0.0244153 0.512077 0.0179913 0.0306971
0 0.0885621 0.53264 0.0156469 0.0302716
0 0.848751 0.441359 0.0317283 0.0524768
