0 0.415986 0.154515 0.0179723 0.027476
0 0.783307 0.14363 0.0392777 0.0699262
0 0.283871 0.168966 0.0343279 0.0585482
0 0.473982 0.408437 0.0376016 0.0643333
0 0.531832 0.171793 0.0339943 0.0606976
0 0.689203 0.200084 0.0370935 0.0663895
0 0.633921 0.652312 0.0428686 0.0734733
0 0.224373 0.64429 0.041414 0.0719457
0 0.593378 0.416099 0.0368409 0.0630539
0 0.356423 0.405583 0.0365567 0.0617159
0 0.413048 0.0919188 0.0363669 0.0576259
0 0.244496 0.389032 0.0384429 0.0685968
0 0.503007 0.691644 0.0437027 0.077682
0 0.777701 0.432352 0.0423462 0.0830589
0 0.366527 0.638111 0.045193 0.0799559
