0 0.194468 0.306727 0.00901477 0.0109298
0 0.237518 0.108117 0.00659685 0.00736374
0 0.384731 0.590696 0.00680131 0.00920612
0 0.338999 0.595188 0.00607091 0.00714141
0 0.655821 0.852849 0.00857383 0.0109301
0 0.868593 0.104179 0.00748217 0.0102403
0 0.842885 0.100481 0.00846767 0.0110463
0 0.820848 0.557328 0.0101583 0.0170406
0 0.979137 0.813734 0.00992602 0.0143266
0 0.608661 0.848172 0.00881159 0.0106444
0 0.891916 0.10083 0.00684816 0.00850756
0 0.702676 0.860762 0.0147054 0.0224438
0 0.595402 0.848015 0.0083105 0.0102108
0 0.856487 0.839956 0.010627 0.0119451
0 0.177498 0.32618 0.0109338 0.0160383
0 0.817823 0.101985 0.00802094 0.00998199
0 0.511708 0.0694584 0.0137438 0.0213173
0 0.0296153 0.320832 0.0113553 0.0136507
0 0.517964 0.599774 0.0234532 0.0351362
0 0.556227 0.0869501 0.021202 0.0338384
0 0.127107 0.348406 0.0101799 0.0125676
0 0.645395 0.0855373 0.0184638 0.0265931
0 0.681169 0.0752057 0.0230775 0.0412238
0 0.433876 0.101274 0.0196976 0.0359582
0 0.848434 0.559434 0.0126939 0.0162598
0 0.62645 0.0673806 0.0158491 0.024505
0 0.744616 0.324165 0.0167342 0.0293726
0 0.461886 0.296257 0.0199907 0.0319929
0 0.311315 0.279998 0.022026 0.0320297
0 0.529434 0.327404 0.0266044 0.0361621
0 0.607112 0.323249 0.0171647 0.0227455
0 0.581156 0.078924 0.023492 0.0333095
0 0.490625 0.0976749 0.0261626 0.0671846
0 0.386475 0.28557 0.0199263 0.0271218
0 0.739687 0.617022 0.0195755 0.038568
0 0.681403 0.614114 0.0248506 0.0311198
0 0.371219 0.824477 0.0298771 0.0387664
0 0.481842 0.841937 0.034821 0.0418541
0 0.594586 0.603455 0.0246913 0.0338537
0 0.431232 0.825904 0.0304871 0.0368496
0 0.27816 0.842376 0.0367551 0.0466827
0 0.657956 0.297972 0.0301014 0.0441891
0 0.367427 0.0956524 0.0375646 0.0533325
0 0.274417 0.0740126 0.0490927 0.0772325
