0 0.362855 0.350584 0.0162933 0.0280556
0 0.521789 0.3695 0.0169199 0.0289761
0 0.315674 0.334954 0.0122311 0.0239908
0 0.304744 0.380639 0.0159912 0.02963
0 0.638263 0.352099 0.0132826 0.025417
0 0.307034 0.352271 0.0156389 0.0275157
0 0.536321 0.379428 0.0150178 0.0326396
0 0.115 0.359341 0.0197045 0.0319647
0 0.24952 0.35339 0.0143506 0.0258177
0 0.359151 0.371863 0.0177344 0.0321966
0 0.385805 0.350098 0.0183868 0.0335926
0 0.466473 0.35624 0.0189741 0.0329394
0 0.411964 0.371534 0.0180372 0.0317638
0 0.335173 0.36593 0.016239 0.0279806
0 0.517624 0.338623 0.0179266 0.0294215
0 0.433341 0.380253 0.0225127 0.0426601
0 0.179636 0.343446 0.0140262 0.0266951
0 0.692616 0.34993 0.0152775 0.0282914
0 0.701815 0.371056 0.0169984 0.0309529
0 0.516804 0.395589 0.0168992 0.0358066
0 0.182346 0.399964 0.0196917 0.0335959
0 0.208249 0.363593 0.0173186 0.0303581
0 0.21973 0.350939 0.0171859 0.0319974
0 0.284421 0.353401 0.0170362 0.0322533
0 0.153111 0.383305 0.0177185 0.0314507
0 0.477513 0.409861 0.0208577 0.0370524
0 0.140913 0.360024 0.0163103 0.0291697
0 0.239005 0.394383 0.0227122 0.042093
0 0.583581 0.36416 0.0203463 0.0391006
0 0.608801 0.358903 0.0193893 0.037007
0 0.727782 0.352791 0.0169998 0.0334754
0 0.477822 0.32869 0.0177507 0.0324995
0 0.459092 0.38396 0.0196583 0.0373538
0 0.33171 0.396457 0.0170639 0.0343489
0 0.661151 0.356616 0.0181472 0.0315774
0 0.939381 0.402223 0.0189502 0.032167
0 0.835357 0.380445 0.0195904 0.0392898
0 0.308707 0.405084 0.0183904 0.036718
0 0.0784715 0.361768 0.0194134 0.0395206
0 0.103673 0.395613 0.0189621 0.0317357
0 0.666682 0.539603 0.0201274 0.037245
0 0.816673 0.378278 0.019277 0.0387304
0 0.390949 0.392867 0.0197194 0.0344626
0 0.790957 0.368814 0.0182196 0.0328236
0 0.55699 0.368303 0.0214376 0.0401888
0 0.66527 0.412074 0.0193898 0.0366862
0 0.760088 0.374022 0.0193525 0.036782
0 0.269831 0.379964 0.019989 0.0379447
0 0.441872 0.501749 0.0213799 0.0407065
0 0.571972 0.541982 0.020675 0.0381368
0 0.0752836 0.488492 0.0239647 0.0442774
0 0.355638 0.402052 0.0181319 0.0349756
0 0.517701 0.525173 0.0207672 0.0382318
0 0.62101 0.397266 0.019691 0.0374285
0 0.878797 0.407724 0.0194011 0.0375417
0 0.300179 0.528352 0.0203749 0.0402889
0 0.727071 0.433348 0.0193392 0.036232
0 0.647549 0.394201 0.0190659 0.0373574
0 0.36242 0.516809 0.0223711 0.0419283
0 0.145311 0.507921 0.0240349 0.0441609
0 0.242332 0.527947 0.0245343 0.0459091
