0 0.445247 0.578419 0.0175822 0.039816
0 0.0861871 0.50533 0.0221262 0.0348578
0 0.243886 0.539296 0.0199878 0.0390711
0 0.341114 0.53567 0.0195228 0.0420432
0 0.535512 0.475989 0.0175931 0.0345302
0 0.608405 0.497433 0.022604 0.0372723
0 0.201201 0.466923 0.0188372 0.0292664
0 0.856718 0.547688 0.0272808 0.0506608
0 0.289372 0.44983 0.0194722 0.0350091
0 0.457637 0.473896 0.0202363 0.0315534
0 0.39218 0.465108 0.0202101 0.0338873
0 0.159114 0.508911 0.0233283 0.0414026
0 0.660904 0.493417 0.0247394 0.0388569
0 0.365511 0.45567 0.019081 0.0304864
0 0.759615 0.509653 0.0255666 0.0435818
