0 0.726694 0.618321 0.0331712 0.060363
0 0.849805 0.607802 0.0271686 0.042221
0 0.8112 0.441647 0.039894 0.0688907
0 0.627768 0.673966 0.0342026 0.0635621
0 0.163557 0.621772 0.0324478 0.0556758
0 0.257632 0.494537 0.0372134 0.0522637
0 0.493232 0.712897 0.03324 0.059276
0 0.575078 0.673388 0.0335096 0.0642348
0 0.118476 0.646362 0.0350515 0.0564734
0 0.449725 0.679978 0.0338269 0.0611384
0 0.910461 0.539385 0.0364389 0.0646622
0 0.4662 0.529167 0.0354441 0.0704801
0 0.590799 0.483746 0.0377015 0.0664208
0 0.17149 0.493297 0.0448413 0.0920181
0 0.354748 0.485876 0.0391984 0.0760479
