0 0.41689 0.673153 0.0310929 0.058888
0 0.471064 0.67479 0.0293801 0.0507973
0 0.552046 0.688707 0.0271339 0.0546291
0 0.244091 0.709745 0.0344484 0.0678075
0 0.515248 0.671006 0.0329297 0.0585999
0 0.351718 0.655392 0.0307339 0.0619478
0 0.311262 0.672284 0.0337792 0.0636973
0 0.644017 0.662806 0.0319868 0.0679679
0 0.837057 0.682756 0.0378984 0.0746869
0 0.69928 0.683583 0.0313876 0.0635497
0 0.0993973 0.653431 0.0471378 0.089309
0 0.440397 0.619687 0.0344089 0.0640929
0 0.176416 0.669238 0.0352347 0.069175
0 0.757485 0.674245 0.034035 0.068528
0 0.63767 0.509385 0.0346673 0.0698637
0 0.550191 0.5326 0.0347598 0.0709745
0 0.477023 0.413723 0.0356713 0.0691471
0 0.308889 0.491797 0.036188 0.072052
0 0.395202 0.504514 0.0357517 0.0754521
0 0.203856 0.405516 0.0399462 0.079935
0 0.720123 0.416955 0.0375399 0.0756976
