0 0.59987 0.325764 0.0242017 0.0483866
0 0.509834 0.184435 0.0202305 0.0404871
0 0.288401 0.294119 0.0240072 0.0442944
0 0.572476 0.202609 0.0202521 0.0439499
0 0.717706 0.250887 0.0216829 0.040477
0 0.367412 0.277523 0.0239466 0.0456164
0 0.400232 0.620736 0.0271095 0.0566848
0 0.58248 0.274111 0.0232316 0.0474521
0 0.670555 0.271808 0.0228362 0.0443928
0 0.756805 0.273665 0.023533 0.0446886
0 0.448895 0.282818 0.0215836 0.0429511
0 0.258192 0.26022 0.0238008 0.043437
0 0.303666 0.462943 0.0254826 0.052289
0 0.371729 0.336327 0.0255062 0.0516287
0 0.623514 0.352914 0.0246804 0.0455907
0 0.172784 0.261713 0.0273304 0.0485405
0 0.331212 0.278819 0.0242381 0.0505435
0 0.462337 0.332254 0.0251453 0.0480828
0 0.494989 0.288873 0.0239212 0.045376
0 0.515771 0.337371 0.0244935 0.0468866
0 0.345025 0.529223 0.0256172 0.0478796
0 0.655092 0.621555 0.0259672 0.0543591
0 0.714496 0.306023 0.0242113 0.0485065
0 0.27573 0.341263 0.0260955 0.0508898
0 0.694041 0.380051 0.0258344 0.0511409
0 0.531651 0.581562 0.0265954 0.0529522
0 0.750393 0.39051 0.027129 0.0547168
0 0.472052 0.52502 0.0269528 0.054913
0 0.233454 0.356248 0.027808 0.0567118
0 0.713077 0.597392 0.0285637 0.055581
0 0.404759 0.262591 0.0250353 0.0539341
0 0.671711 0.339018 0.0254604 0.050961
0 0.452705 0.662301 0.0293575 0.0598172
0 0.854795 0.556734 0.0290934 0.0591747
0 0.598472 0.609863 0.0272567 0.0570896
0 0.893557 0.339139 0.026993 0.0505235
0 0.315358 0.642733 0.0279126 0.0562179
0 0.0290107 0.319279 0.0285195 0.0583681
0 0.819776 0.347537 0.0288515 0.055061
0 0.0826116 0.282697 0.0295625 0.0594733
0 0.201194 0.311137 0.0268806 0.0553212
0 0.211822 0.610281 0.0328459 0.0613674
0 0.963443 0.582101 0.0292526 0.0613759
0 0.157659 0.336817 0.0280805 0.0540954
0 0.559574 0.341494 0.0247126 0.0505916
0 0.123152 0.306019 0.0264295 0.0591426
