0 0.229681 0.578636 0.0066475 0.00936229
0 0.369249 0.485178 0.0059804 0.00885652
0 0.584884 0.701364 0.00659657 0.00953893
0 0.783362 0.623505 0.00658482 0.00943133
0 0.895855 0.686821 0.00670451 0.00948356
0 0.663145 0.821082 0.00743294 0.0108356
0 0.928811 0.965726 0.0101399 0.015159
0 0.235802 0.922699 0.00709271 0.010025
0 0.491077 0.509246 0.00594482 0.00860535
0 0.549552 0.991882 0.00662088 0.00947412
0 0.765411 0.668791 0.00709093 0.0100939
0 0.943362 0.659399 0.00711131 0.0103708
0 0.879596 0.407254 0.00611728 0.00883824
0 0.868661 0.529944 0.00690615 0.0101228
0 0.376524 0.615972 0.00723836 0.0100984
0 0.189451 0.590311 0.00676695 0.0105425
0 0.815961 0.644468 0.00726146 0.0102936
0 0.635202 0.598473 0.00620222 0.00877154
0 0.271975 0.977367 0.00679612 0.0102207
0 0.664216 0.456284 0.00600272 0.00896503
0 0.327988 0.62316 0.00675941 0.0103606
0 0.546674 0.574667 0.0061717 0.00858382
0 0.694939 0.945506 0.00826001 0.0113485
0 0.496939 0.751552 0.00651091 0.00891476
0 0.505664 0.628705 0.00629348 0.00911781
0 0.541123 0.510871 0.00666445 0.00893497
0 0.605077 0.547874 0.006715 0.00964828
0 0.93219 0.721681 0.0075264 0.0105884
0 0.675702 0.778392 0.00722301 0.010524
0 0.67736 0.679004 0.00693178 0.00988263
0 0.676945 0.530112 0.00641984 0.00937233
0 0.433857 0.541174 0.00600213 0.00873456
0 0.543869 0.79673 0.00719345 0.00980649
0 0.445878 0.76906 0.0071412 0.0102728
0 0.465136 0.8013 0.00706443 0.0104237
0 0.438857 0.624076 0.00613642 0.00867591
0 0.975989 0.609689 0.0072813 0.0106571
0 0.512295 0.697922 0.00655937 0.00955268
0 0.732079 0.649605 0.00688362 0.00978678
0 0.482408 0.673517 0.00656071 0.00968087
0 0.731458 0.56979 0.00651705 0.00910863
0 0.809643 0.859118 0.00738853 0.0105708
0 0.151186 0.972262 0.00753929 0.0108449
0 0.501814 0.831519 0.00737593 0.0111183
0 0.856556 0.910291 0.00792146 0.0112762
0 0.676145 0.607009 0.00688952 0.00997955
0 0.539004 0.874217 0.00733423 0.0103742
0 0.638713 0.90266 0.00735986 0.00993748
0 0.908973 0.866048 0.00856304 0.0115481
0 0.42006 0.749015 0.00706425 0.00958637
0 0.464194 0.724619 0.00692645 0.00985771
0 0.590956 0.782191 0.00817537 0.0121427
0 0.751271 0.902875 0.00838435 0.011318
0 0.639477 0.973995 0.007815 0.0115169
0 0.947021 0.770444 0.00799316 0.0110347
0 0.52246 0.941685 0.00811702 0.0110523
0 0.568782 0.829663 0.0077427 0.0116389
0 0.607887 0.944028 0.00761878 0.0108179
0 0.813686 0.789163 0.00773847 0.0111777
0 0.658354 0.844425 0.00724119 0.01048
0 0.607625 0.867522 0.00762415 0.0104449
0 0.521307 0.77631 0.00745183 0.0105168
0 0.576105 0.907189 0.00790769 0.0113397
0 0.747152 0.833425 0.00740379 0.0105632
0 0.641237 0.743936 0.00714803 0.0103019
0 0.631255 0.715027 0.00767988 0.0110246
0 0.433091 0.847991 0.00749502 0.010314
0 0.959067 0.837988 0.00769424 0.0116107
0 0.91264 0.804945 0.00807917 0.0113862
