0 0.223398 0.708654 0.0280897 0.0480039
0 0.291297 0.547663 0.0253359 0.0415833
0 0.507572 0.730677 0.0251009 0.0452824
0 0.606547 0.774745 0.0310146 0.0579291
0 0.688052 0.744967 0.0375831 0.0771786
0 0.496627 0.526491 0.026173 0.044292
0 0.398185 0.723739 0.0317279 0.060393
0 0.221525 0.751286 0.0317045 0.0594214
0 0.50604 0.774443 0.0298004 0.0534584
0 0.495984 0.559637 0.0316532 0.0646353
0 0.289953 0.597484 0.0314527 0.0632207
0 0.307425 0.735243 0.0311733 0.0622469
0 0.72113 0.531865 0.036249 0.0666638
0 0.394934 0.575265 0.0300869 0.0620987
0 0.194611 0.571029 0.0380283 0.068157
0 0.605657 0.565264 0.0377944 0.0746423
