0 0.156691 0.455712 0.0162796 0.0311615
0 0.247331 0.500331 0.0209271 0.0294077
0 0.370056 0.498707 0.017276 0.0319529
0 0.138614 0.420152 0.0148568 0.02373
0 0.286289 0.364828 0.0137755 0.0238843
0 0.34201 0.381397 0.0135319 0.0249794
0 0.495475 0.453534 0.0195757 0.0290059
0 0.189123 0.474322 0.0182292 0.0362036
0 0.175956 0.409682 0.015089 0.0291565
0 0.422351 0.405661 0.0162338 0.0299272
0 0.751932 0.495451 0.0256121 0.0435092
0 0.638762 0.468885 0.0259862 0.04251
0 0.835607 0.296845 0.0647322 0.157936
