0 0.887092 0.372338 0.0261909 0.0471308
0 0.808953 0.37461 0.0259739 0.0476534
0 0.588772 0.356131 0.0286347 0.0605147
0 0.960565 0.234143 0.0314724 0.0635185
0 0.498606 0.279316 0.0282342 0.0526093
0 0.0232296 0.335304 0.037904 0.0608643
0 0.1569 0.355085 0.0355901 0.0786442
0 0.60666 0.525025 0.0314913 0.0725049
0 0.340388 0.35307 0.0351353 0.0718553
0 0.777849 0.112765 0.0291656 0.0553692
0 0.661717 0.355992 0.0319683 0.0571968
0 0.129852 0.309663 0.0301275 0.0617146
0 0.558766 0.373688 0.0328531 0.0661681
0 0.501528 0.368995 0.0338984 0.0745349
0 0.246928 0.331799 0.0346276 0.0806155
0 0.759472 0.292919 0.0309724 0.0599472
0 0.707381 0.326908 0.0360534 0.0636107
0 0.396019 0.358076 0.036678 0.0735291
0 0.585056 0.630007 0.0434904 0.0867442
