0 0.820619 0.658784 0.0367052 0.0522327
0 0.313428 0.670498 0.0347812 0.0575933
0 0.515961 0.165725 0.0453593 0.0764861
0 0.688619 0.670395 0.0381768 0.0602336
0 0.40596 0.673224 0.0345188 0.0556441
0 0.794411 0.597112 0.0423917 0.0694129
0 0.603153 0.62374 0.0397597 0.0616866
0 0.204794 0.668225 0.0388917 0.0635526
0 0.725898 0.582025 0.0385551 0.0666377
0 0.885884 0.588151 0.0434509 0.0750876
0 0.13385 0.670222 0.0426437 0.0687778
0 0.501405 0.648059 0.039913 0.0723288
0 0.278369 0.586695 0.0381755 0.0649628
0 0.515155 0.457381 0.0426196 0.0745507
0 0.372645 0.441671 0.0458497 0.0736511
0 0.381052 0.576486 0.0367672 0.0704675
0 0.661424 0.448673 0.0429398 0.0744609
