0 0.797062 0.281857 0.0331482 0.0523082
0 0.325542 0.326891 0.0369967 0.0608222
0 0.529875 0.444338 0.0327263 0.0543931
0 0.338858 0.428782 0.0384172 0.070099
0 0.842162 0.277709 0.0355597 0.0585983
0 0.213941 0.265428 0.0383778 0.0729916
0 0.600869 0.521378 0.0419941 0.0723434
0 0.949813 0.524123 0.0452276 0.0688023
0 0.657573 0.459141 0.0370902 0.0617672
0 0.773051 0.505152 0.0438232 0.0697041
0 0.0943628 0.251659 0.044393 0.0732281
0 0.393549 0.407193 0.0354073 0.0635796
0 0.258368 0.500056 0.0441663 0.0756283
0 0.437742 0.537966 0.0408141 0.0707784
