0 0.524898 0.194341 0.027678 0.0556805
0 0.23475 0.283849 0.0286817 0.0529245
0 0.864607 0.282372 0.0290102 0.0513367
0 0.421834 0.172032 0.0284036 0.0448133
0 0.16731 0.306442 0.0292331 0.0531382
0 0.724451 0.222323 0.0279549 0.0476698
0 0.252 0.380141 0.0305559 0.0599423
0 0.66327 0.211323 0.0280183 0.0548437
0 0.759953 0.257202 0.0268272 0.0567242
0 0.581339 0.226278 0.0278555 0.0489498
0 0.63692 0.292319 0.0281573 0.0541637
0 0.292877 0.19186 0.0278307 0.0534703
0 0.200949 0.180718 0.0324316 0.0647878
0 0.302464 0.275101 0.0280185 0.0557306
0 0.787095 0.18347 0.0270662 0.0528579
0 0.796806 0.392919 0.0311443 0.0611737
0 0.613699 0.19141 0.0269407 0.0514993
0 0.387883 0.199131 0.0278059 0.051608
0 0.732664 0.357428 0.0324085 0.0611108
0 0.539309 0.380943 0.0323473 0.0628224
0 0.485626 0.2057 0.0293703 0.0574898
0 0.840341 0.199754 0.0303509 0.0562882
0 0.536536 0.2744 0.032275 0.0591734
0 0.167787 0.394562 0.0293458 0.0600901
0 0.366398 0.258072 0.0293293 0.0556507
0 0.0945269 0.377269 0.0333349 0.0592431
0 0.436526 0.26068 0.031852 0.0609131
0 0.889979 0.373489 0.030864 0.0644179
0 0.43256 0.403262 0.0325374 0.0653191
0 0.632776 0.376261 0.0335368 0.0600159
0 0.33951 0.393691 0.030854 0.0625219
