0 0.0870312 0.549813 0.0446404 0.130396
0 0.246444 0.640425 0.0381174 0.0902286
0 0.765609 0.668618 0.038861 0.100826
0 0.595615 0.585517 0.0367094 0.0774067
0 0.401656 0.582881 0.0390478 0.0877102
0 0.822808 0.408017 0.0399965 0.100537
0 0.106549 0.669132 0.0403539 0.094297
0 0.928578 0.377174 0.0466427 0.111532
0 0.549601 0.526839 0.0411401 0.107761
0 0.46457 0.527406 0.0421153 0.106661
0 0.377933 0.470209 0.0381501 0.0856228
0 0.286627 0.559074 0.0453922 0.115944
0 0.637446 0.4839 0.0409912 0.0960676
0 0.732086 0.376314 0.038812 0.10728
0 0.676725 0.608222 0.0384804 0.103182
0 0.166069 0.570654 0.0447855 0.127817
