0 0.736567 0.327396 0.0254312 0.0515317
0 0.449483 0.308636 0.0307778 0.055319
0 0.768549 0.328314 0.0295261 0.0499228
0 0.263102 0.331982 0.0297637 0.052839
0 0.822896 0.306946 0.0324306 0.0583477
0 0.663935 0.315108 0.0315665 0.0545109
0 0.385863 0.335337 0.0298411 0.0527677
0 0.326399 0.331129 0.0297202 0.0522442
0 0.506211 0.302083 0.0317309 0.0522389
0 0.577905 0.228767 0.0352325 0.0666522
0 0.695557 0.583146 0.0475171 0.0885583
0 0.385739 0.508923 0.0449736 0.0842408
0 0.133907 0.47629 0.0466201 0.0836341
0 0.595265 0.536343 0.0451685 0.0820278
0 0.782535 0.571633 0.0514577 0.0911645
0 0.269865 0.505428 0.047483 0.0865236
0 0.483784 0.513887 0.0473086 0.0866046
