0 0.0931581 0.129775 0.0146278 0.0277579
0 0.364825 0.105292 0.0174125 0.0288485
0 0.932166 0.129898 0.0139664 0.0291861
0 0.00608373 0.131803 0.00962679 0.0278581
0 0.122054 0.135923 0.0158014 0.0273891
0 0.451106 0.128326 0.0165758 0.0290638
0 0.620442 0.138666 0.0171609 0.0296514
0 0.210889 0.145994 0.0153066 0.0287323
0 0.817297 0.134394 0.0168892 0.033166
0 0.0354092 0.115174 0.0152681 0.02876
0 0.688115 0.0940893 0.0191816 0.0379874
0 0.786399 0.123304 0.0195733 0.0363465
0 0.304895 0.111197 0.0190755 0.0354953
0 0.898409 0.097206 0.0190786 0.0368808
0 0.539194 0.139939 0.0179486 0.0309547
