0 0.658309 0.331862 0.0126669 0.0262034
0 0.798879 0.299877 0.0103637 0.0202968
0 0.0581274 0.353906 0.0165951 0.0409585
0 0.168772 0.366345 0.0170419 0.0371276
0 0.444815 0.298228 0.0104356 0.0191989
0 0.968529 0.301574 0.0115555 0.0232964
0 0.0685828 0.349036 0.0167727 0.0397045
0 0.886231 0.305856 0.0107252 0.0211545
0 0.922589 0.304946 0.0106354 0.020375
0 0.644523 0.334809 0.0144507 0.0302207
0 0.329938 0.320999 0.0122183 0.0253321
0 0.525512 0.370107 0.0253004 0.0443681
0 0.664017 0.392688 0.0194361 0.0398311
0 0.429135 0.373622 0.0159934 0.039612
0 0.63325 0.296452 0.0110818 0.0223717
0 0.389462 0.407131 0.0158406 0.0362948
0 0.772574 0.339203 0.0186744 0.0378961
0 0.869663 0.317211 0.0125483 0.0240094
0 0.490894 0.359342 0.0147035 0.0278264
0 0.584104 0.380497 0.0197889 0.0396618
0 0.61019 0.30675 0.0128369 0.0263716
0 0.733604 0.376636 0.0187657 0.0359449
0 0.59193 0.324684 0.0133342 0.0258406
0 0.411944 0.343948 0.012941 0.0256708
0 0.262221 0.391005 0.0248269 0.0562399
0 0.374328 0.321782 0.0163576 0.0294581
0 0.342341 0.376498 0.0286265 0.0562725
0 0.202149 0.375605 0.023875 0.0524577
0 0.699779 0.350249 0.0175632 0.0310782
0 0.855615 0.36405 0.019912 0.0380682
0 0.14415 0.390929 0.0219674 0.0472884
0 0.745508 0.473347 0.032912 0.0602202
0 0.602978 0.437031 0.0263091 0.0614704
