0 0.402688 0.256414 0.00924408 0.0191428
0 0.629542 0.257525 0.00689805 0.0154774
0 0.00549576 0.328793 0.00951752 0.0207502
0 0.0759704 0.330734 0.00984462 0.0179361
0 0.282432 0.286072 0.00991458 0.0177199
0 0.0185552 0.337453 0.0103337 0.0203976
0 0.314061 0.277452 0.0100949 0.0189365
0 0.108602 0.338994 0.0106872 0.0197143
0 0.198175 0.299509 0.0122843 0.0279934
0 0.35988 0.343234 0.0455932 0.0683772
0 0.674931 0.242766 0.0435408 0.0740469
0 0.850225 0.134664 0.0662845 0.126574
0 0.502493 0.474037 0.0472907 0.0982784
