0 0.0548064 0.52918 0.0135688 0.0207258
0 0.286481 0.564319 0.0151147 0.0228733
0 0.238638 0.602756 0.0155553 0.0261197
0 0.231923 0.578127 0.0147866 0.0218517
0 0.907045 0.58374 0.0148786 0.0239439
0 0.566231 0.591097 0.0118365 0.0211904
0 0.635878 0.61899 0.0151427 0.0273759
0 0.968647 0.594289 0.0143757 0.0238146
0 0.635323 0.608802 0.0140573 0.0238779
0 0.946344 0.586331 0.015757 0.0242152
0 0.198618 0.563246 0.0150326 0.0258601
0 0.877641 0.618227 0.0147462 0.0260805
0 0.0873914 0.577952 0.0143259 0.0231213
0 0.157015 0.554418 0.0137575 0.0220644
0 0.803852 0.610663 0.0169594 0.0253425
0 0.0395901 0.570341 0.0159461 0.0272646
0 0.922795 0.567357 0.015704 0.0249264
0 0.883757 0.566639 0.015275 0.0230264
0 0.522291 0.571114 0.0152369 0.023335
0 0.815756 0.572936 0.017125 0.0257026
0 0.218078 0.612485 0.0170465 0.0271656
0 0.420514 0.571359 0.0161604 0.0243897
0 0.102224 0.581555 0.0142522 0.0263054
0 0.322132 0.587841 0.0148768 0.0240418
0 0.918643 0.613341 0.0159824 0.0278071
0 0.366314 0.580397 0.017022 0.0270128
0 0.544704 0.593725 0.0152199 0.0242516
0 0.419636 0.603841 0.0154789 0.0261877
0 0.608491 0.615594 0.0159148 0.0247156
0 0.734923 0.63394 0.0175365 0.0271652
0 0.68412 0.636649 0.0165865 0.0261521
0 0.18138 0.580114 0.0167678 0.0274096
0 0.12691 0.60233 0.0170926 0.0252034
0 0.0641743 0.594365 0.0166944 0.0251325
0 0.286804 0.588313 0.0159653 0.0253374
0 0.467865 0.577194 0.0177405 0.0288183
0 0.488524 0.593255 0.0164784 0.0260612
0 0.272895 0.625712 0.017179 0.0308398
