0 0.577762 0.624436 0.00888866 0.0125196
0 0.933239 0.520142 0.0076378 0.0120822
0 0.745438 0.545716 0.00752002 0.0114002
0 0.741795 0.597527 0.00796741 0.012254
0 0.666608 0.604012 0.00789839 0.0126686
0 0.719489 0.7471 0.01038 0.016916
0 0.909738 0.686231 0.00951672 0.0150825
0 0.8391 0.789933 0.0103208 0.0173593
0 0.97005 0.761396 0.0112339 0.0186342
0 0.971978 0.567061 0.00835419 0.0126742
0 0.671894 0.529596 0.00735027 0.0116773
0 0.700654 0.77578 0.0113699 0.0177925
0 0.802295 0.67397 0.007954 0.0125325
0 0.819928 0.673753 0.00961459 0.0158253
0 0.822001 0.564972 0.00858557 0.013599
0 0.946206 0.652362 0.00914401 0.0152308
0 0.710035 0.592882 0.00783569 0.012849
0 0.799677 0.538716 0.00686705 0.0110821
0 0.759416 0.734449 0.0104239 0.0168334
0 0.808939 0.775134 0.0111009 0.0167835
0 0.800601 0.651441 0.00829846 0.0137822
0 0.778987 0.722916 0.0100134 0.0156623
0 0.64728 0.622379 0.00854224 0.0139556
0 0.885581 0.736328 0.010676 0.016031
0 0.712896 0.6237 0.00829446 0.0122906
0 0.778562 0.656848 0.00922239 0.0141141
0 0.970124 0.708 0.00995559 0.0158288
0 0.743451 0.674742 0.00900626 0.0147122
0 0.611582 0.623625 0.00889027 0.0142995
0 0.748673 0.622959 0.00906736 0.0145903
0 0.690518 0.718481 0.0103083 0.0169018
0 0.955142 0.678528 0.0103595 0.0162604
0 0.944822 0.720016 0.0109655 0.0174251
0 0.782153 0.694192 0.00918609 0.0145836
0 0.862082 0.788557 0.0112965 0.0192466
0 0.709193 0.658753 0.00897425 0.0150007
0 0.794627 0.833827 0.0111219 0.0194364
0 0.973881 0.802745 0.0141302 0.0231405
0 0.961666 0.854535 0.0159004 0.0254664
0 0.254551 0.410814 0.09813 0.201459
