0 0.879021 0.218164 0.0135854 0.0313007
0 0.802946 0.24497 0.0136885 0.0301981
0 0.820097 0.236405 0.012439 0.0288425
0 0.940516 0.254308 0.0150051 0.0330612
0 0.439087 0.24685 0.0295505 0.0689593
0 0.743129 0.22491 0.0200596 0.0426224
0 0.597578 0.259609 0.0195548 0.0438753
0 0.643534 0.234044 0.0245315 0.0535057
0 0.674468 0.217399 0.0234929 0.058223
0 0.7701 0.238397 0.0244308 0.0490576
0 0.516822 0.221174 0.0345325 0.0821893
0 0.134144 0.18586 0.0578777 0.132466
0 0.647489 0.297477 0.0270064 0.05928
0 0.303983 0.231354 0.0437775 0.103032
0 0.379853 0.200641 0.0556349 0.123726
0 0.386337 0.399852 0.0593106 0.130364
