0 0.230989 0.0716247 0.0125968 0.0254123
0 0.075378 0.14764 0.0156057 0.0304825
0 0.395165 0.103435 0.0142182 0.0343156
0 0.096813 0.121864 0.0160998 0.030482
0 0.314582 0.147923 0.0197563 0.0321335
0 0.118629 0.105611 0.0158938 0.0275386
0 0.461715 0.379672 0.049559 0.0431193
0 0.223147 0.197312 0.0233195 0.033622
0 0.582317 0.0855003 0.0166817 0.035275
0 0.73603 0.109687 0.0180719 0.0362729
0 0.518721 0.0543267 0.0157395 0.0352774
0 0.816537 0.109241 0.0185477 0.0381032
0 0.478538 0.244475 0.0341222 0.0576732
0 0.376824 0.217343 0.0273577 0.0601627
0 0.535077 0.297609 0.0371137 0.0602381
0 0.678877 0.104084 0.0211048 0.037794
0 0.0894518 0.386479 0.055427 0.0826977
