0 0.117302 0.64259 0.0264748 0.0639052
0 0.29513 0.368898 0.0280971 0.0733892
0 0.48383 0.384563 0.0247963 0.0620076
0 0.784655 0.153263 0.0169946 0.0501926
0 0.816058 0.155198 0.0186852 0.0477445
0 0.0764639 0.671901 0.0302185 0.0744532
0 0.357807 0.384342 0.0256116 0.0643509
0 0.157656 0.598382 0.0274436 0.0620642
0 0.0833364 0.36286 0.0413513 0.0599216
0 0.652752 0.397941 0.0267559 0.0697277
0 0.415073 0.38364 0.0249534 0.0656727
0 0.532933 0.38562 0.0251575 0.0692311
0 0.727439 0.223943 0.0250233 0.0605036
0 0.821309 0.410344 0.0257258 0.0706934
0 0.766411 0.413656 0.0274553 0.0744906
0 0.929856 0.416988 0.0246508 0.0620397
0 0.707283 0.38679 0.0258365 0.0701806
0 0.591992 0.365429 0.0261242 0.0671955
