0 0.52291 0.302673 0.0279476 0.0464501
0 0.686718 0.336625 0.0286306 0.0534874
0 0.331351 0.361688 0.0290516 0.0506167
0 0.624729 0.376727 0.0337124 0.0612016
0 0.453807 0.339146 0.0281282 0.0547793
0 0.371774 0.350914 0.0297042 0.0514238
0 0.588982 0.347583 0.0293651 0.0552111
0 0.537959 0.357936 0.0320185 0.0619083
0 0.423258 0.440235 0.0316088 0.0609019
0 0.3013 0.569604 0.0359098 0.0665016
0 0.26793 0.355846 0.0341162 0.0579698
0 0.20156 0.364632 0.0369544 0.0687274
0 0.710562 0.378366 0.0359839 0.0672209
0 0.847281 0.37266 0.0403368 0.0776749
0 0.0916687 0.350395 0.0350913 0.0638167
0 0.728959 0.594378 0.0430288 0.0827159
