0 0.901143 0.314093 0.0209898 0.0299231
0 0.0144296 0.178828 0.0217757 0.0384444
0 0.248835 0.0256393 0.0231591 0.0320221
0 0.0390253 0.0621812 0.0203125 0.0399888
0 0.333639 0.458671 0.0296624 0.0442932
0 0.0732443 0.043678 0.0239943 0.0430082
0 0.491748 0.619646 0.0219088 0.0474117
0 0.0526902 0.243117 0.0194218 0.0304882
0 0.185822 0.0328243 0.0214539 0.0315724
0 0.903937 0.0135637 0.0219166 0.0310586
0 0.109388 0.159744 0.0221739 0.0346953
0 0.597559 0.0688028 0.0192732 0.0352587
0 0.800483 0.0407373 0.0228609 0.0347569
0 0.132271 0.0452893 0.0233766 0.033444
0 0.424739 0.101259 0.0243095 0.0408303
0 0.305545 0.123077 0.0229057 0.0423314
0 0.361895 0.109977 0.0239659 0.0434827
0 0.855017 0.0172075 0.023069 0.0356867
0 0.365502 0.0165706 0.0240785 0.0361015
0 0.558948 0.0737825 0.0246261 0.0389599
0 0.737198 0.0591376 0.0229866 0.0394529
0 0.49049 0.0981824 0.022461 0.0389414
0 0.656041 0.0647678 0.0226634 0.0381441
