0 0.272245 0.22945 0.0104481 0.0210445
0 0.340836 0.131312 0.0109359 0.0182758
0 0.325369 0.212986 0.0107898 0.0221796
0 0.0614907 0.204676 0.0107331 0.0205338
0 0.334394 0.101734 0.0122746 0.0217989
0 0.0446591 0.221195 0.0105825 0.0185366
0 0.0544187 0.271403 0.0124578 0.0219796
0 0.579504 0.18171 0.0116311 0.0207396
0 0.882142 0.132981 0.0102674 0.0188288
0 0.430584 0.504544 0.0346023 0.0687027
0 0.6665 0.228095 0.0112041 0.0241242
0 0.1641 0.261118 0.0117465 0.0204824
0 0.492184 0.183428 0.0120896 0.0208981
0 0.682077 0.304531 0.0193181 0.0388865
0 0.0882685 0.131952 0.0119298 0.0227832
0 0.539523 0.181208 0.0136646 0.0271846
0 0.973386 0.168518 0.0106426 0.020389
0 0.56804 0.211301 0.0121852 0.0226452
0 0.145383 0.246237 0.0124639 0.023085
0 0.426605 0.214428 0.0122966 0.0219112
0 0.519931 0.244567 0.0137665 0.0230858
0 0.17834 0.205488 0.012479 0.0219965
0 0.276273 0.305046 0.0132607 0.0274458
0 0.36787 0.304259 0.0148184 0.023782
0 0.623596 0.212124 0.0139529 0.0256158
0 0.752355 0.214584 0.0142797 0.0265114
0 0.0776613 0.263305 0.0122313 0.0213108
0 0.631603 0.170919 0.0127639 0.0231875
0 0.222162 0.202416 0.0123327 0.021662
0 0.125219 0.216267 0.0111454 0.0210769
0 0.38374 0.22142 0.0110574 0.0217407
0 0.30692 0.241582 0.0136199 0.0260701
0 0.30666 0.195075 0.01271 0.0247789
0 0.699548 0.222601 0.0130469 0.0226342
0 0.461943 0.236619 0.0128925 0.0242446
0 0.734927 0.292291 0.0284989 0.053733
0 0.0612434 0.369406 0.0353226 0.060543
0 0.0314425 0.275732 0.0130417 0.0243539
0 0.320101 0.30036 0.0146988 0.0259017
0 0.364473 0.229762 0.0135051 0.0240459
0 0.270703 0.193136 0.0123561 0.02491
0 0.207658 0.243872 0.0142119 0.0278934
0 0.890417 0.290694 0.0354101 0.0733843
0 0.374705 0.410955 0.0330988 0.056881
0 0.305955 0.387143 0.0320589 0.0540647
0 0.762825 0.331672 0.0367475 0.0639777
0 0.447616 0.319043 0.0317496 0.0526996
0 0.705711 0.530393 0.0307857 0.0677864
0 0.658372 0.394056 0.0346589 0.0678708
0 0.558148 0.372032 0.0335711 0.0590624
0 0.732983 0.554065 0.0349342 0.0706622
0 0.52127 0.520212 0.0348126 0.0645204
0 0.328042 0.568169 0.0350692 0.0630703
0 0.248734 0.358823 0.0326521 0.0590351
0 0.225753 0.552136 0.0357606 0.065587
0 0.432107 0.399458 0.0340494 0.0616297
0 0.110623 0.58772 0.0365898 0.066114
0 0.620793 0.51874 0.0354492 0.0674726
0 0.163084 0.345495 0.0341154 0.0641115
0 0.432527 0.531484 0.0333467 0.0642414
