0 0.00234565 0.550536 0.00525323 0.0196609
0 0.0179633 0.4884 0.00981631 0.0189389
0 0.0395132 0.484062 0.00960325 0.0171124
0 0.0144162 0.370429 0.00950637 0.017562
0 0.0183725 0.425848 0.00860904 0.0163637
0 0.0361976 0.370508 0.0100086 0.0188228
0 0.0388295 0.42746 0.00968843 0.0170793
0 0.835632 0.331877 0.0483887 0.0823601
0 0.269346 0.33554 0.0496504 0.0913888
0 0.752697 0.39126 0.0524119 0.100811
0 0.884904 0.372801 0.0574133 0.0978386
0 0.540258 0.249253 0.0457816 0.0913673
0 0.629691 0.383391 0.0456774 0.0942477
0 0.0995229 0.409913 0.0537823 0.0971788
0 0.71815 0.266923 0.0370809 0.0715061
0 0.351668 0.407303 0.0544855 0.10108
0 0.676691 0.328593 0.0435244 0.085026
0 0.491644 0.347847 0.0552041 0.107273
0 0.206398 0.420954 0.0507541 0.10094
