0 0.289608 0.498483 0.0408969 0.0624906
0 0.656246 0.574056 0.0313393 0.0582638
0 0.625852 0.506369 0.0323527 0.0624731
0 0.789378 0.556302 0.0325726 0.0551157
0 0.727873 0.527783 0.0280827 0.0481247
0 0.682777 0.533488 0.0329971 0.0566487
0 0.254678 0.495885 0.0276744 0.0422474
0 0.337786 0.530965 0.0351574 0.0690263
0 0.429234 0.587678 0.0316564 0.0560361
0 0.528096 0.536583 0.0320924 0.0583313
0 0.452999 0.511089 0.0363114 0.0709827
0 0.913672 0.565464 0.0339928 0.0638725
0 0.486643 0.530462 0.0324658 0.0579124
0 0.145478 0.539697 0.0379521 0.0711512
0 0.383461 0.523002 0.0367013 0.0692474
