0 0.774239 0.24735 0.0274202 0.0451936
0 0.150224 0.531462 0.0342516 0.0591588
0 0.54691 0.241968 0.0267153 0.042035
0 0.446577 0.248414 0.0266681 0.0407358
0 0.129527 0.40626 0.0288491 0.040756
0 0.309493 0.268691 0.0248272 0.0414185
0 0.375576 0.26282 0.0241341 0.039187
0 0.242031 0.285367 0.0255971 0.0435504
0 0.743946 0.326462 0.0316596 0.0498735
0 0.703339 0.240304 0.0282513 0.0472886
0 0.399513 0.326436 0.0297898 0.0462957
0 0.637403 0.242273 0.0279778 0.0452038
0 0.636813 0.320891 0.0320891 0.053911
0 0.550286 0.319271 0.0305006 0.0473976
0 0.83895 0.32706 0.0295296 0.0509546
0 0.296409 0.526319 0.03442 0.0527576
0 0.67933 0.536664 0.0335157 0.0532347
0 0.481343 0.321428 0.0295266 0.0456647
0 0.324268 0.332096 0.0282346 0.0472911
0 0.434596 0.529099 0.0345407 0.0607376
0 0.822269 0.520692 0.0363548 0.0560402
0 0.552582 0.538311 0.0349905 0.0596706
0 0.233371 0.341978 0.0283732 0.0502169
0 0.931101 0.407665 0.0349251 0.0595264
