0 0.667813 0.181772 0.0339522 0.0257966
0 0.619432 0.214425 0.0373484 0.0345772
0 0.848054 0.241448 0.039022 0.0368392
0 0.509476 0.330665 0.0442813 0.0402197
0 0.927737 0.0620764 0.0362404 0.0291263
0 0.508825 0.224188 0.0403644 0.0332032
0 0.865868 0.0778015 0.02916 0.0283111
0 0.175892 0.338613 0.031569 0.0325966
0 0.983913 0.0658219 0.0294597 0.0280954
0 0.110548 0.340997 0.0253425 0.0355992
0 0.18043 0.116362 0.0357364 0.0315676
0 0.259895 0.124735 0.0311327 0.0319718
0 0.985699 0.150699 0.0287958 0.0373906
0 0.782509 0.153708 0.0363648 0.0344364
0 0.413317 0.0417744 0.0388911 0.0320254
0 0.45378 0.346256 0.039055 0.0378865
0 0.878432 0.268461 0.0489514 0.0418584
0 0.895937 0.418588 0.0480849 0.0412061
0 0.730856 0.246822 0.0434924 0.0383229
0 0.773652 0.343998 0.0431953 0.0431598
0 0.867469 0.333224 0.0478256 0.0445402
0 0.335321 0.334876 0.0483828 0.0412007
0 0.970375 0.331291 0.0453179 0.0413084
0 0.972702 0.496476 0.0534512 0.0477282
0 0.518507 0.386593 0.0657111 0.0572406
