0 0.838636 0.126497 0.0126959 0.0313203
0 0.945469 0.20608 0.018263 0.0416644
0 0.143395 0.0428574 0.0132013 0.0355466
0 0.612477 0.238259 0.0236717 0.0555279
0 0.704475 0.242141 0.0194527 0.0483518
0 0.218996 0.215326 0.0234518 0.0590407
0 0.883091 0.220794 0.0191065 0.046261
0 0.057965 0.107541 0.0153946 0.0370621
0 0.0381508 0.0489181 0.0141367 0.0362902
0 0.838643 0.229803 0.0237761 0.054783
0 0.724826 0.216952 0.0250434 0.0598596
0 0.442943 0.2149 0.0214247 0.0519777
0 0.9121 0.238682 0.0218624 0.0504189
0 0.137435 0.261492 0.0250219 0.0578356
0 0.307622 0.220284 0.0245185 0.0550521
0 0.812891 0.248566 0.0232638 0.0534578
0 0.277532 0.224958 0.0207454 0.0515042
0 0.0581287 0.20208 0.0216992 0.0500615
0 0.393167 0.223007 0.0254144 0.0621498
0 0.504302 0.183477 0.0321489 0.0733571
