0 0.894451 0.34685 0.0299305 0.070172
0 0.113106 0.378468 0.031378 0.0644963
0 0.164897 0.169778 0.0297884 0.0658757
0 0.876862 0.117911 0.029171 0.0685159
0 0.611581 0.704906 0.0287474 0.0706321
0 0.531316 0.216759 0.0288625 0.0702166
0 0.288742 0.177024 0.0293938 0.0702853
0 0.806634 0.131839 0.0279573 0.0661015
0 0.677595 0.566507 0.0281093 0.0705194
0 0.611258 0.164484 0.0298169 0.0673307
0 0.61356 0.392213 0.0277863 0.0684865
0 0.730422 0.151529 0.0279006 0.0711004
0 0.116379 0.208676 0.0304155 0.072243
0 0.20899 0.253582 0.0295293 0.0668555
0 0.477386 0.246071 0.0298264 0.0684461
0 0.441934 0.392484 0.0313916 0.0773413
0 0.834908 0.397273 0.0279145 0.0690126
0 0.414811 0.185457 0.0302719 0.0738018
0 0.6762 0.13475 0.0298917 0.0711685
0 0.26245 0.409981 0.0300622 0.0739645
0 0.210501 0.450805 0.0326718 0.0766732
0 0.359108 0.411863 0.0285448 0.068801
0 0.386436 0.224543 0.028507 0.0685111
