0 0.073479 0.212563 0.0177845 0.0292495
0 0.189988 0.3279 0.0214296 0.0266424
0 0.0814004 0.138078 0.0123369 0.0204816
0 0.755224 0.112598 0.00738651 0.0118193
0 0.44507 0.407689 0.0212517 0.0454595
0 0.554409 0.165534 0.0116048 0.0170043
0 0.0115057 0.220517 0.0167032 0.0314952
0 0.482952 0.212051 0.012215 0.0203005
0 0.826581 0.150638 0.0107182 0.016287
0 0.116152 0.259983 0.0178608 0.0330497
0 0.244679 0.219255 0.0144525 0.0249542
0 0.802764 0.764393 0.0463707 0.094384
0 0.110662 0.5559 0.0595051 0.104436
