0 0.687242 0.185555 0.0274336 0.0784288
0 0.373402 0.140939 0.0298731 0.0802802
0 0.201987 0.26725 0.0332193 0.0987409
0 0.491629 0.0951594 0.0284641 0.0765446
0 0.436063 0.128837 0.0266027 0.0824272
0 0.822687 0.187126 0.0288448 0.0799377
0 0.254009 0.501327 0.0332639 0.10153
0 0.236257 0.135246 0.0277326 0.0725621
0 0.347024 0.524289 0.0329907 0.0925603
0 0.878564 0.197112 0.0293244 0.074535
0 0.559423 0.127853 0.0284995 0.0799759
0 0.744361 0.185654 0.0275034 0.0792494
0 0.167288 0.152796 0.0290332 0.0807013
0 0.111377 0.284547 0.0366931 0.0896434
0 0.152319 0.450712 0.0371414 0.103809
0 0.305194 0.165779 0.0276637 0.0806575
0 0.337678 0.248845 0.0344457 0.094623
0 0.276262 0.283241 0.0320919 0.0922126
0 0.495848 0.214721 0.0326859 0.0935791
0 0.646682 0.523303 0.0329067 0.0965667
0 0.796043 0.260301 0.0354106 0.0945578
0 0.723192 0.276327 0.0348876 0.0931433
0 0.627624 0.156611 0.0290138 0.0901674
0 0.416302 0.217683 0.0325509 0.0915929
0 0.436999 0.486792 0.0355116 0.110744
0 0.0457244 0.468484 0.0406241 0.111364
0 0.578592 0.23008 0.0332158 0.094466
0 0.65769 0.226021 0.0318553 0.093263
0 0.878633 0.304861 0.034304 0.0944772
0 0.948105 0.521351 0.0385205 0.106172
0 0.865272 0.511477 0.0371235 0.103964
0 0.756919 0.517901 0.0384617 0.10404
0 0.549686 0.469379 0.0392486 0.121286
