0 0.508291 0.155822 0.0143993 0.0233869
0 0.660746 0.140074 0.013046 0.0220805
0 0.585509 0.118632 0.0142739 0.0215603
0 0.379586 0.138195 0.012445 0.0206313
0 0.496824 0.126354 0.0152705 0.0271194
0 0.212153 0.150096 0.017979 0.027076
0 0.729374 0.110779 0.0203244 0.0362474
0 0.301305 0.111242 0.0160529 0.0292879
0 0.105633 0.082967 0.0207856 0.034488
0 0.179192 0.135942 0.0196591 0.0370541
0 0.0757877 0.136772 0.0237426 0.0424807
0 0.238229 0.0854382 0.0217891 0.0406363
0 0.140825 0.0835879 0.0208712 0.0357426
0 0.0114832 0.115646 0.0228202 0.0391939
