0 0.444655 0.364937 0.0170602 0.0298255
0 0.723587 0.350934 0.0217301 0.041585
0 0.175034 0.367199 0.0178497 0.0289489
0 0.514987 0.376357 0.0189255 0.0343842
0 0.514723 0.332763 0.0183824 0.0304359
0 0.744342 0.345919 0.0271066 0.0491441
0 0.503019 0.354794 0.0169732 0.0351666
0 0.54117 0.34906 0.0219651 0.0412482
0 0.629825 0.31983 0.0202215 0.0403478
0 0.31003 0.377004 0.017047 0.0331657
0 0.436395 0.325783 0.0183685 0.0326296
0 0.455823 0.337399 0.0195413 0.0349065
0 0.430821 0.49682 0.0214577 0.0369333
0 0.694412 0.307223 0.0208656 0.0372512
0 0.587779 0.316649 0.020278 0.0356411
0 0.131116 0.358479 0.018491 0.0323086
0 0.292303 0.382194 0.0159537 0.0297188
0 0.416097 0.349897 0.0212944 0.0390508
0 0.387547 0.337667 0.0188066 0.0337017
0 0.268769 0.383222 0.0181 0.0304544
0 0.231332 0.348725 0.0175198 0.0324106
0 0.359056 0.336229 0.0203328 0.036941
0 0.546218 0.461203 0.0228947 0.0416871
0 0.207121 0.385926 0.0200974 0.0332598
0 0.288528 0.450831 0.0215264 0.0409429
0 0.642113 0.352582 0.0250866 0.0456684
0 0.575693 0.369277 0.023314 0.0407145
0 0.408561 0.462487 0.0240658 0.0425836
0 0.0975141 0.338811 0.0204448 0.0358259
0 0.482499 0.355889 0.0195847 0.0368129
0 0.346218 0.453389 0.0206477 0.0357373
0 0.607031 0.481745 0.0257376 0.0513633
0 0.691536 0.354534 0.0250912 0.045959
0 0.794953 0.341322 0.0297424 0.0569014
0 0.866184 0.34469 0.0305643 0.0600242
