0 0.17273 0.492952 0.0268759 0.0479072
0 0.420884 0.468026 0.0284263 0.0433488
0 0.502191 0.462584 0.0297411 0.0479073
0 0.23783 0.483167 0.0272527 0.0430532
0 0.612563 0.416316 0.0302294 0.05063
0 0.548261 0.480871 0.0288422 0.049104
0 0.292553 0.468142 0.0265712 0.0454241
0 0.554778 0.404643 0.0295088 0.0469693
0 0.654854 0.463807 0.0303296 0.0505551
0 0.735955 0.435121 0.0322191 0.0580517
0 0.345004 0.441116 0.0276838 0.0463435
0 0.791504 0.400883 0.0312237 0.0514545
0 0.360495 0.499535 0.0277583 0.0443268
