0 0.914796 0.80666 0.0144819 0.0229564
0 0.972234 0.638883 0.00887221 0.0168288
0 0.123226 0.548482 0.0161417 0.0302557
0 0.900648 0.532856 0.00858402 0.0170531
0 0.0185398 0.558708 0.0159461 0.0268006
0 0.188658 0.55293 0.0158702 0.0283074
0 0.960913 0.779117 0.0166882 0.0323552
0 0.306998 0.550818 0.0166231 0.0257894
0 0.838731 0.535914 0.0102682 0.0191598
0 0.49066 0.530313 0.0176202 0.0314114
0 0.911062 0.743063 0.0145203 0.0310223
0 0.784705 0.557127 0.0106955 0.0190288
0 0.990731 0.843426 0.0179275 0.0331545
0 0.221911 0.553251 0.0176989 0.0293645
0 0.282916 0.563554 0.0165097 0.0273845
0 0.898997 0.693899 0.0127311 0.0244504
0 0.336844 0.514417 0.0208935 0.0344209
0 0.0457216 0.560132 0.0170388 0.027852
0 0.629402 0.55862 0.0135427 0.0224142
0 0.602594 0.533511 0.0189242 0.0308585
0 0.544023 0.540934 0.015652 0.0260642
0 0.362572 0.533618 0.0198382 0.0329849
0 0.581485 0.545215 0.0205276 0.0340181
0 0.931101 0.757516 0.0170568 0.0373226
