0 0.924731 0.398111 0.0291477 0.0419176
0 0.504313 0.0250383 0.0237312 0.0333453
0 0.756599 0.0994034 0.0276046 0.0434229
0 0.115632 0.0142651 0.0278642 0.0243899
0 0.128439 0.13277 0.0267153 0.0407104
0 0.721196 0.0981346 0.0263069 0.0372609
0 0.74053 0.125959 0.0289522 0.0413957
0 0.0910096 0.0081417 0.0268689 0.0185561
0 0.810883 0.211414 0.024914 0.0391636
0 0.446791 0.230325 0.033183 0.0534211
0 0.221002 0.0357169 0.027289 0.0478512
0 0.93895 0.199508 0.0307016 0.0507185
0 0.612004 0.0383205 0.0285712 0.04335
0 0.0308526 0.425613 0.0310113 0.0440002
0 0.0537541 0.09392 0.0251649 0.0396119
0 0.725982 0.16342 0.0318068 0.0443615
0 0.633411 0.0318528 0.022311 0.0425086
0 0.0454786 0.13846 0.0247142 0.0455418
0 0.786918 0.129331 0.0253583 0.0379812
0 0.818084 0.107013 0.028623 0.0499003
0 0.788923 0.216231 0.0287017 0.0471441
0 0.499468 0.0584901 0.0298818 0.0474549
0 0.368866 0.0498364 0.0277381 0.0428763
0 0.224437 0.284099 0.0325189 0.0497893
0 0.203603 0.0554765 0.0267777 0.0458525
0 0.794699 0.0226176 0.0281344 0.0451508
0 0.561355 0.109422 0.0270735 0.0481536
0 0.89197 0.114616 0.0281933 0.0379011
0 0.863216 0.0366685 0.0309601 0.0538026
0 0.318273 0.0343358 0.0288762 0.0447204
0 0.343488 0.185365 0.0330472 0.0489191
0 0.137331 0.171801 0.033334 0.0498912
0 0.669693 0.365905 0.0373638 0.0559283
0 0.656435 0.242591 0.0297174 0.0457127
0 0.206324 0.140161 0.0283336 0.0444276
0 0.396272 0.120059 0.0300464 0.045962
0 0.0481528 0.288045 0.0323417 0.0504361
0 0.968211 0.136457 0.0306439 0.0496571
0 0.43259 0.0375434 0.0282539 0.0450709
0 0.546085 0.0205945 0.026812 0.0382387
0 0.0961877 0.0778045 0.0321768 0.0455726
0 0.678403 0.0186402 0.0295417 0.0403592
0 0.534844 0.137751 0.0297075 0.044497
0 0.550358 0.221507 0.0343487 0.0571024
0 0.612497 0.165486 0.032328 0.0470615
0 0.272484 0.101202 0.031454 0.0466314
0 0.630248 0.088909 0.0296223 0.049724
0 0.495384 0.343115 0.0395519 0.0587077
0 0.15487 0.35466 0.0281868 0.0445698
0 0.257013 0.451545 0.0332362 0.0510178
0 0.283975 0.18964 0.031132 0.0461144
0 0.309844 0.0838536 0.028725 0.0487235
0 0.859766 0.136601 0.0297995 0.0466268
0 0.665449 0.133257 0.0298388 0.0434649
0 0.913478 0.229399 0.0344704 0.057682
0 0.721293 0.225097 0.0348585 0.0570196
0 0.344956 0.251508 0.0365631 0.0597381
0 0.0563663 0.201906 0.0352823 0.0522792
0 0.103102 0.377864 0.0380123 0.0638759
0 0.873282 0.361059 0.0390652 0.0668253
