0 0.253669 0.302145 0.00965881 0.0184974
0 0.0993781 0.704557 0.0101961 0.0177292
0 0.435115 0.369382 0.020217 0.0394376
0 0.14985 0.514223 0.00786532 0.014353
0 0.0882467 0.618497 0.0102869 0.0169092
0 0.332982 0.717348 0.00774717 0.0146834
0 0.0222568 0.820955 0.00780307 0.0148034
0 0.11884 0.975494 0.00932457 0.0155738
0 0.0118025 0.306839 0.0128134 0.0246815
0 0.117406 0.523321 0.00819287 0.0144178
0 0.0595644 0.62752 0.00974235 0.0167075
0 0.144743 0.776811 0.009923 0.0175955
0 0.169772 0.699055 0.00904861 0.016416
0 0.0343401 0.81939 0.00874506 0.0164694
0 0.127023 0.695536 0.00962052 0.0167012
0 0.17197 0.967136 0.00925718 0.0166667
0 0.0276004 0.906704 0.0088056 0.0155087
0 0.103019 0.533538 0.00844315 0.0151756
0 0.129772 0.870369 0.0104398 0.0184348
0 0.114904 0.788546 0.0103524 0.0179328
0 0.172465 0.674316 0.00833824 0.015305
0 0.0713343 0.715896 0.0104321 0.0175856
0 0.0592073 0.813809 0.0101951 0.0176929
0 0.0888502 0.803304 0.0104362 0.0177024
0 0.182928 0.857406 0.00971623 0.0173615
0 0.131425 0.623305 0.00926626 0.0171892
0 0.114658 0.607498 0.00936683 0.0164294
0 0.169701 0.768545 0.0102686 0.0179259
0 0.152897 0.685528 0.00940041 0.0161368
0 0.137486 0.599154 0.00968881 0.0171624
0 0.0435445 0.727497 0.00914655 0.0164608
0 0.994605 0.258505 0.0114886 0.0420529
0 0.0995248 0.886738 0.010251 0.0181773
0 0.0464272 0.904712 0.0092286 0.0165854
0 0.156837 0.860239 0.00980499 0.0173667
0 0.145074 0.972377 0.00993738 0.0173469
0 0.0715926 0.900685 0.0105921 0.0180896
0 0.354714 0.286477 0.0102595 0.019928
0 0.50986 0.291769 0.0127182 0.0250466
0 0.40857 0.267047 0.0117562 0.0200454
0 0.443552 0.282172 0.0118327 0.0210529
0 0.274337 0.302605 0.0316697 0.084058
0 0.953386 0.253495 0.023474 0.0461653
0 0.233048 0.37167 0.0257756 0.0624523
0 0.686109 0.28171 0.0252491 0.0623415
0 0.538138 0.405425 0.0244312 0.0509836
0 0.495245 0.408456 0.029165 0.0581935
0 0.906186 0.251434 0.027537 0.0612771
0 0.893207 0.310773 0.029362 0.0558762
0 0.62799 0.302897 0.0318658 0.0590459
0 0.870285 0.25544 0.0279171 0.0510137
0 0.424769 0.409438 0.0319494 0.0718507
0 0.553609 0.352544 0.0342281 0.0893825
0 0.451721 0.407729 0.0266766 0.0593691
0 0.782164 0.260274 0.0345713 0.065188
