0 0.552881 0.419382 0.0102168 0.0192866
0 0.571849 0.410632 0.00786638 0.0143496
0 0.600646 0.418624 0.00988007 0.0203685
0 0.49832 0.454149 0.0127305 0.0237997
0 0.430879 0.411925 0.00757521 0.0150002
0 0.471814 0.398377 0.0070627 0.0127994
0 0.519897 0.400945 0.00912285 0.0165559
0 0.508687 0.429822 0.00951225 0.0189274
0 0.46679 0.443222 0.0111158 0.020916
0 0.453297 0.437635 0.00960129 0.0186074
0 0.395815 0.440668 0.0111895 0.0209968
0 0.499637 0.504426 0.0157168 0.0278795
0 0.724068 0.43771 0.0121266 0.0233061
0 0.426355 0.433731 0.00950909 0.0184137
0 0.34371 0.415973 0.0117869 0.0220499
0 0.563902 0.510054 0.0364076 0.0767795
