0 0.517277 0.441632 0.00878906 0.0191694
0 0.777888 0.542871 0.0107112 0.0211465
0 0.717201 0.50818 0.0103329 0.0219006
0 0.881073 0.580946 0.0116596 0.02969
0 0.60227 0.463643 0.00854969 0.0188214
0 0.547209 0.457164 0.00905466 0.0184614
0 0.821924 0.571027 0.0120491 0.0284422
0 0.729227 0.504457 0.0102434 0.0235892
0 0.665077 0.495245 0.0104678 0.0231487
0 0.558936 0.440719 0.00950831 0.0208328
0 0.678894 0.497214 0.0107873 0.0249386
0 0.738056 0.518891 0.0117804 0.0289125
0 0.650191 0.492721 0.0105609 0.0227419
0 0.570499 0.447862 0.0101218 0.0222765
0 0.591291 0.470657 0.010272 0.0226502
0 0.618898 0.475118 0.0107005 0.0219294
0 0.751686 0.546864 0.0123967 0.0266676
0 0.801301 0.560057 0.0117802 0.0271366
0 0.769755 0.581499 0.0114757 0.0289032
0 0.83223 0.569388 0.0148916 0.0328093
0 0.859205 0.581338 0.0173181 0.0393855
0 0.910513 0.596199 0.0197937 0.044587
0 0.946851 0.605358 0.0196571 0.0424835
