0 0.664173 0.463158 0.0109944 0.0198894
0 0.293372 0.518126 0.0061771 0.0109387
0 0.194286 0.508782 0.00671446 0.0112403
0 0.0122584 0.49725 0.00762354 0.0138712
0 0.322512 0.476328 0.0108348 0.0174399
0 0.243382 0.396712 0.0185771 0.0358145
0 0.981739 0.482823 0.00888503 0.0153358
0 0.751731 0.473079 0.0123394 0.021107
0 0.576636 0.348024 0.0236084 0.0400659
0 0.919889 0.446775 0.0159799 0.0270465
0 0.112015 0.268363 0.0424351 0.0641526
0 0.85997 0.234933 0.0471664 0.0913201
0 0.487596 0.197028 0.0491515 0.0953975
