0 0.976196 0.842108 0.0350866 0.0469876
0 0.738404 0.507038 0.0296406 0.040859
0 0.715397 0.465501 0.0279269 0.039162
0 0.877444 0.737107 0.031791 0.0468574
0 0.76127 0.572623 0.0268385 0.0376582
0 0.822891 0.586561 0.0335386 0.0476858
0 0.627415 0.534644 0.0414511 0.0638812
0 0.474872 0.207989 0.0356757 0.0574475
0 0.880097 0.666249 0.0315006 0.0453183
0 0.526191 0.30076 0.0416648 0.0583854
0 0.56351 0.366994 0.0446112 0.0617014
0 0.360491 0.416585 0.0502412 0.072002
0 0.595164 0.440703 0.0392742 0.0593075
0 0.173838 0.0685096 0.0683358 0.0926522
0 0.933586 0.768221 0.0342617 0.0493774
0 0.466654 0.29501 0.0418669 0.0595477
0 0.516093 0.811264 0.0674417 0.0974784
0 0.418891 0.563584 0.0458181 0.0802086
