0 0.0921794 0.593973 0.019445 0.0459132
0 0.680204 0.242861 0.0177711 0.0363844
0 0.0650824 0.506144 0.0206434 0.0337292
0 0.546944 0.301576 0.0199266 0.0456153
0 0.177849 0.436838 0.0144126 0.0294952
0 0.859877 0.292888 0.0251834 0.0447763
0 0.57977 0.276476 0.0231428 0.0649784
0 0.374884 0.333995 0.0152066 0.0310393
0 0.158513 0.612308 0.0256957 0.0518731
0 0.733456 0.268644 0.0155846 0.0290065
0 0.123347 0.495097 0.0200931 0.0374104
0 0.215212 0.439387 0.0169138 0.0372438
0 0.453379 0.369379 0.0227116 0.0421741
0 0.497952 0.461935 0.0264657 0.0512397
0 0.0420265 0.575785 0.0261437 0.0472738
0 0.480006 0.321747 0.0180254 0.0354471
0 0.381457 0.417419 0.0211107 0.042005
0 0.779436 0.340488 0.0278773 0.0569809
0 0.290494 0.615617 0.0284447 0.0611854
0 0.417649 0.336914 0.0175367 0.0347226
0 0.161565 0.496638 0.0201875 0.0402753
0 0.264961 0.499866 0.0246065 0.0494804
0 0.887165 0.252034 0.0273815 0.0508126
0 0.844486 0.470484 0.0319309 0.0656754
0 0.198253 0.643307 0.02515 0.0573076
0 0.577494 0.811568 0.0286875 0.0632953
0 0.356649 0.495184 0.0246224 0.0463283
0 0.812402 0.245301 0.024876 0.0510603
0 0.4953 0.769511 0.0313192 0.0584467
0 0.360726 0.790024 0.0313901 0.0629615
0 0.836856 0.378423 0.0358164 0.0698142
