0 0.382632 0.607718 0.0122206 0.0208279
0 0.7291 0.611805 0.0187858 0.0235073
0 0.0708795 0.590929 0.0164587 0.023503
0 0.0447747 0.602213 0.0162982 0.023576
0 0.750297 0.594642 0.0144806 0.0238031
0 0.0972825 0.618961 0.0124615 0.0197032
0 0.236762 0.616518 0.0151823 0.0248322
0 0.309698 0.616126 0.0120418 0.0195022
0 0.547865 0.620077 0.0136806 0.0207487
0 0.515787 0.617119 0.0161294 0.0268761
0 0.961414 0.736295 0.0350345 0.111249
0 0.701755 0.604004 0.0169605 0.0267572
0 0.426756 0.633375 0.0164691 0.0255589
0 0.893228 0.572976 0.0152399 0.0290008
0 0.846502 0.600557 0.0126412 0.0194913
0 0.785457 0.606925 0.0131679 0.0205828
0 0.909674 0.575248 0.0200352 0.0309756
0 0.169078 0.609738 0.0166398 0.0256041
0 0.452372 0.601865 0.017314 0.0257985
0 0.684174 0.603056 0.0163857 0.0266898
0 0.82933 0.611619 0.0162473 0.0241365
0 0.271675 0.60796 0.0119596 0.0202217
0 0.570172 0.634909 0.0234684 0.0406867
0 0.897655 0.518361 0.0133707 0.0214802
0 0.202175 0.6123 0.015986 0.0250479
0 0.292597 0.603639 0.0168804 0.029907
0 0.939853 0.580741 0.0195425 0.0323945
0 0.14428 0.599975 0.0172274 0.0276342
0 0.906049 0.774487 0.0204663 0.0353066
0 0.852791 0.646025 0.0179886 0.029533
