0 0.782222 0.574744 0.0397243 0.076709
0 0.471512 0.793695 0.0419945 0.0768556
0 0.805478 0.766986 0.0428083 0.0849454
0 0.651036 0.447259 0.0457987 0.0812639
0 0.686667 0.728822 0.0453455 0.0737403
0 0.521068 0.496881 0.0457247 0.0858442
0 0.71205 0.563429 0.0431173 0.0785156
0 0.186824 0.775675 0.0429352 0.07882
0 0.57679 0.722938 0.0413957 0.0744887
0 0.21365 0.576949 0.0481364 0.0799633
0 0.411593 0.483211 0.0444314 0.0770369
0 0.389273 0.631926 0.0475987 0.0828023
0 0.620717 0.613424 0.0434245 0.082685
0 0.305619 0.547998 0.0434762 0.083968
0 0.314726 0.690533 0.0446466 0.0794902
0 0.505876 0.628024 0.04364 0.0855938
