0 0.243694 0.54 0.00604667 0.0231698
0 0.578923 0.618111 0.00609779 0.0208242
0 0.90603 0.691102 0.00890899 0.0304527
0 0.355916 0.558396 0.00780874 0.025176
0 0.616637 0.368524 0.0200075 0.126446
0 0.361042 0.517371 0.00799623 0.0267023
0 0.895772 0.661409 0.00811428 0.0277452
0 0.674059 0.541699 0.00979805 0.0417552
0 0.51541 0.539081 0.00867444 0.0296584
0 0.804733 0.51936 0.0133631 0.0672054
0 0.541512 0.554025 0.00869417 0.0290322
0 0.258397 0.50572 0.00924727 0.0351663
0 0.302513 0.475352 0.0120907 0.044161
0 0.0854283 0.394914 0.0129196 0.0448808
0 0.143115 0.414721 0.0132953 0.0447013
0 0.717193 0.446656 0.0189145 0.0801747
0 0.409049 0.159848 0.032401 0.15339
0 0.942243 0.610774 0.0129887 0.0454893
0 0.0205977 0.324201 0.0196885 0.0610947
