0 0.881433 0.251348 0.0380779 0.067684
0 0.795284 0.206891 0.0291582 0.0569925
0 0.460918 0.171566 0.0417878 0.0842927
0 0.599137 0.234116 0.0391254 0.0788436
0 0.00716598 0.214209 0.014245 0.0871362
0 0.691861 0.225464 0.0382376 0.0758347
0 0.765621 0.23457 0.0411205 0.0740695
0 0.129932 0.172898 0.0465851 0.0888642
0 0.493516 0.196045 0.0486645 0.0907979
0 0.645002 0.242144 0.0470917 0.0841175
0 0.924837 0.292306 0.0408862 0.0863207
0 0.388617 0.330394 0.0467974 0.0910713
0 0.209465 0.225441 0.0473304 0.107906
0 0.159621 0.232214 0.0518785 0.111032
0 0.517579 0.292568 0.0454603 0.102053
