0 0.450406 0.435827 0.0234025 0.0550832
0 0.186433 0.128889 0.0208055 0.0547157
0 0.455307 0.565186 0.0235851 0.0699366
0 0.249686 0.363771 0.0210138 0.0641195
0 0.465885 0.354861 0.0224712 0.0614923
0 0.7358 0.178411 0.0194145 0.0522575
0 0.517164 0.173577 0.022815 0.0637823
0 0.303401 0.369649 0.0194048 0.0606632
0 0.636824 0.207736 0.0195537 0.0590354
0 0.336187 0.488055 0.0244718 0.0690677
0 0.176871 0.447534 0.0247072 0.068624
0 0.843585 0.147064 0.0305381 0.0801675
0 0.43064 0.561274 0.0235019 0.0766841
0 0.17604 0.568898 0.0274781 0.0782665
0 0.606017 0.445036 0.0191653 0.0587244
0 0.0187611 0.399842 0.0255097 0.0753558
0 0.563426 0.545128 0.0237981 0.0773689
0 0.72146 0.600373 0.0544867 0.136454
0 0.467403 0.72689 0.0359699 0.116971
0 0.0812322 0.637678 0.0369353 0.104024
0 0.175325 0.782367 0.0569434 0.168633
