0 0.960364 0.372753 0.0211735 0.0372455
0 0.163528 0.378968 0.026805 0.0502901
0 0.986904 0.422737 0.0230585 0.0389923
0 0.131172 0.404477 0.024652 0.0442337
0 0.11209 0.386556 0.0281244 0.0466567
0 0.271042 0.362737 0.0346288 0.0559054
0 0.853557 0.386643 0.0273945 0.0470793
0 0.0753804 0.442663 0.0375134 0.0611088
0 0.888519 0.370176 0.0246984 0.0391293
0 0.662311 0.401244 0.0258821 0.0479129
0 0.776592 0.405828 0.0279477 0.0475587
0 0.992521 0.521535 0.0152687 0.0452982
0 0.537797 0.418242 0.0255358 0.0477426
0 0.680249 0.349855 0.0292084 0.0472683
0 0.787729 0.347232 0.0250559 0.0445459
0 0.739024 0.475941 0.0229319 0.0432025
0 0.157 0.437882 0.0282497 0.0550929
0 0.47269 0.411438 0.0295828 0.0558608
0 0.988955 0.356689 0.0223602 0.0438308
0 0.47591 0.532818 0.0365408 0.0866056
0 0.814874 0.395405 0.0251169 0.0503229
0 0.746103 0.359068 0.0265937 0.0478872
0 0.665846 0.470108 0.0263885 0.0494294
0 0.34954 0.411301 0.0358297 0.0593458
0 0.0123774 0.37946 0.0247547 0.0587439
0 0.258815 0.464592 0.0601346 0.127497
