0 0.842544 0.0199294 0.0120655 0.0192499
0 0.746841 0.126415 0.0166241 0.0270985
0 0.523708 0.119147 0.00933152 0.0142576
0 0.868126 0.301493 0.0467008 0.0702772
0 0.105245 0.441144 0.0446708 0.0664866
0 0.64543 0.421867 0.0467688 0.0748056
0 0.691131 0.0904956 0.00916976 0.0152205
0 0.40897 0.460448 0.0608172 0.0923437
0 0.517449 0.100949 0.00969762 0.0148351
0 0.590067 0.257015 0.030504 0.041868
0 0.43859 0.207292 0.0195661 0.0305219
0 0.065359 0.840128 0.104763 0.210607
0 0.493844 0.214074 0.0196701 0.0311619
0 0.904405 0.0243537 0.0128382 0.0197683
0 0.796447 0.172076 0.0234045 0.0416044
0 0.960762 0.0240841 0.0110052 0.0187215
0 0.310084 0.136999 0.0106627 0.0175684
0 0.768172 0.0757594 0.0106064 0.0156823
0 0.825025 0.142716 0.0178576 0.0287573
0 0.870163 0.134611 0.0260645 0.0383591
0 0.985604 0.0203827 0.0123523 0.0202618
0 0.702008 0.0996145 0.0112538 0.0184146
0 0.523637 0.159586 0.0186395 0.0295376
0 0.250356 0.383869 0.037422 0.0652959
0 0.629096 0.171359 0.0163195 0.0273039
0 0.452693 0.168396 0.0149995 0.0265533
0 0.674146 0.146445 0.0189316 0.0360711
0 0.516856 0.215078 0.0272433 0.0444649
0 0.554524 0.337777 0.0487811 0.0732018
0 0.316717 0.371682 0.0502664 0.0777932
0 0.250599 0.667227 0.0999909 0.18127
0 0.481222 0.314672 0.0479604 0.0766682
0 0.408353 0.280138 0.0421925 0.0675919
0 0.349839 0.530535 0.0888869 0.143122
0 0.174127 0.4273 0.0652642 0.102665
0 0.0298988 0.431527 0.0594876 0.0966404
0 0.96677 0.333817 0.0664597 0.130412
0 0.968083 0.572416 0.0638344 0.189243
0 0.713905 0.564331 0.0984778 0.168745
0 0.540885 0.451588 0.0832542 0.149372
