0 0.199601 0.2488 0.0375267 0.0630475
0 0.452856 0.280159 0.0339566 0.0657133
0 0.762193 0.213674 0.0462563 0.0740987
0 0.310342 0.260746 0.035816 0.0637054
0 0.600395 0.251248 0.0404645 0.0702641
0 0.0430816 0.30569 0.0505754 0.0819697
0 0.672287 0.212883 0.0568081 0.101005
0 0.529769 0.267165 0.041187 0.0853094
0 0.940843 0.0376395 0.0714426 0.0842923
0 0.131224 0.265688 0.0449892 0.0734755
0 0.831273 0.153543 0.057439 0.100966
0 0.381041 0.285013 0.0443929 0.0823618
0 0.215843 0.31361 0.0475824 0.0870828
0 0.665715 0.316744 0.0518356 0.108815
0 0.431329 0.426643 0.0495872 0.105816
0 0.534617 0.394042 0.0524087 0.113466
