0 0.0399539 0.447103 0.0115309 0.0234354
0 0.740867 0.57307 0.00902063 0.0172071
0 0.334901 0.558949 0.0167618 0.0319217
0 0.720663 0.581838 0.0111952 0.0194805
0 0.838525 0.584801 0.00779325 0.0131265
0 0.37521 0.51183 0.0131828 0.0249332
0 0.283178 0.528179 0.0176769 0.033275
0 0.624356 0.550461 0.009547 0.018113
0 0.88088 0.595025 0.00904351 0.015455
0 0.955683 0.625173 0.0114727 0.0218611
0 0.305623 0.527837 0.0138257 0.0260441
0 0.086258 0.476823 0.0239256 0.0454955
0 0.0108904 0.486283 0.0212063 0.04227
0 0.397667 0.545024 0.0178263 0.0291723
0 0.359615 0.5205 0.0151063 0.0271406
0 0.918401 0.637175 0.0147119 0.0309742
0 0.102287 0.454872 0.0120699 0.0215041
0 0.256085 0.500466 0.0148293 0.0250669
0 0.431171 0.536317 0.0170801 0.0315959
0 0.0634716 0.475036 0.0168068 0.03562
0 0.355614 0.544092 0.0169482 0.03103
0 0.905607 0.678284 0.0172367 0.0330847
0 0.582888 0.59688 0.0249957 0.0452595
0 0.184072 0.532318 0.0173045 0.0435234
0 0.885782 0.628971 0.0145342 0.0256281
0 0.336078 0.524581 0.0172594 0.0295883
0 0.0248537 0.437271 0.0196805 0.0362651
0 0.166137 0.493307 0.0200458 0.0336629
0 0.159515 0.453109 0.015365 0.0263809
0 0.22073 0.505804 0.0171542 0.0291449
0 0.629063 0.589649 0.0231261 0.0401594
0 0.136197 0.468266 0.0161036 0.027811
0 0.126419 0.502097 0.0183368 0.0329824
0 0.117374 0.447724 0.0156261 0.0283868
0 0.506369 0.578068 0.0249445 0.0452523
0 0.687508 0.697498 0.0506381 0.0948309
0 0.821316 0.730388 0.081999 0.137989
