0 0.977043 0.477667 0.0222374 0.054119
0 0.283438 0.617561 0.0950727 0.265277
0 0.945847 0.477141 0.0214396 0.0467967
0 0.942281 0.516458 0.0249575 0.0583596
0 0.0455409 0.497668 0.0255693 0.0609041
0 0.325744 0.550568 0.0242977 0.0558274
0 0.906224 0.503024 0.0315173 0.0684907
0 0.366783 0.541771 0.0243776 0.0571111
0 0.717247 0.522958 0.0234196 0.0553112
0 0.786139 0.54874 0.0250412 0.0591233
0 0.864649 0.543832 0.0251511 0.0561785
0 0.660142 0.523193 0.0256728 0.0606456
0 0.558811 0.573132 0.022619 0.0552183
0 0.120334 0.459978 0.0281248 0.0621754
0 0.612384 0.55204 0.023374 0.0546908
0 0.469738 0.532693 0.0261689 0.0610961
0 0.230892 0.498345 0.026582 0.0608103
