0 0.209473 0.424643 0.0328454 0.0539639
0 0.304969 0.316909 0.0232242 0.0450445
0 0.278023 0.372663 0.0266106 0.0468948
0 0.708858 0.322762 0.024007 0.0463958
0 0.556314 0.360593 0.0271118 0.0499769
0 0.363773 0.323242 0.0306556 0.046829
0 0.267649 0.401107 0.035187 0.0605474
0 0.519045 0.353512 0.0348333 0.0625798
0 0.643042 0.326301 0.0299426 0.0499767
0 0.421368 0.391925 0.0332316 0.0551735
0 0.615445 0.38254 0.0327277 0.0568034
0 0.779789 0.401586 0.0340106 0.0580126
0 0.451279 0.32468 0.0311432 0.0541957
0 0.087843 0.430662 0.0391643 0.0659972
0 0.167178 0.424443 0.0376617 0.0577035
0 0.353723 0.414125 0.0348752 0.0592735
0 0.684237 0.405039 0.0305886 0.0557549
0 0.710724 0.428762 0.0306096 0.0526832
0 0.0406662 0.410526 0.0406605 0.0689873
0 0.841851 0.388035 0.039406 0.065202
