0 0.363746 0.492152 0.0333774 0.0590006
0 0.265858 0.459475 0.0296461 0.0502361
0 0.58449 0.622985 0.0401769 0.0808206
0 0.682837 0.677312 0.0413936 0.0793094
0 0.47725 0.591389 0.0332207 0.070966
0 0.381568 0.679952 0.0374359 0.069907
0 0.146776 0.668376 0.0410592 0.084094
0 0.81641 0.427814 0.0328364 0.0689432
0 0.908609 0.370509 0.035293 0.0643479
0 0.143745 0.332355 0.0364511 0.0593824
0 0.236876 0.578707 0.037896 0.0814296
0 0.195618 0.349187 0.0367734 0.0656713
0 0.632618 0.559196 0.0359937 0.0807162
0 0.744425 0.449422 0.0361402 0.072645
0 0.36196 0.320397 0.0354287 0.0666036
0 0.770126 0.651035 0.0395823 0.0817426
0 0.579458 0.422269 0.0443698 0.0867698
0 0.846691 0.493511 0.037809 0.0776714
