0 0.767885 0.600663 0.0326689 0.041555
0 0.79811 0.42852 0.0148374 0.0308524
0 0.669505 0.320656 0.0130876 0.0253345
0 0.630596 0.470857 0.0166912 0.0485765
0 0.625873 0.359221 0.0134383 0.0292376
0 0.0500104 0.30073 0.028197 0.0502639
0 0.0533495 0.336156 0.0274747 0.0481965
0 0.710523 0.313225 0.0136051 0.0254147
0 0.627012 0.316394 0.011062 0.022074
0 0.689246 0.319606 0.0140401 0.0248378
0 0.728592 0.462303 0.0227551 0.0528537
0 0.602344 0.279189 0.0125998 0.022628
0 0.405306 0.294423 0.0141568 0.0214196
0 0.694224 0.42327 0.01594 0.036701
0 0.160233 0.215203 0.0127799 0.0222067
0 0.322212 0.320612 0.0153129 0.0279948
0 0.806235 0.289535 0.0171268 0.0316238
0 0.384424 0.322773 0.0140798 0.0262667
