0 0.634369 0.337064 0.0188832 0.0365783
0 0.405926 0.313833 0.0209858 0.0371816
0 0.546935 0.384074 0.0257165 0.0483079
0 0.543443 0.319573 0.0200011 0.033603
0 0.649101 0.427441 0.0314624 0.0633821
0 0.487338 0.320108 0.0211175 0.0388325
0 0.454418 0.352196 0.0267391 0.0516338
0 0.478874 0.420126 0.0283977 0.05541
0 0.679678 0.335328 0.0235956 0.044903
0 0.614883 0.365529 0.0265047 0.0513926
0 0.34707 0.341703 0.0280397 0.0517037
0 0.391346 0.438129 0.0327538 0.0595411
0 0.70381 0.420743 0.0307416 0.0574015
0 0.894804 0.440773 0.0396786 0.0626927
0 0.740658 0.392045 0.029552 0.0495055
0 0.775524 0.453528 0.0307527 0.0524833
0 0.811598 0.389405 0.0306083 0.0502572
0 0.198371 0.333431 0.0332646 0.0560368
0 0.570474 0.42752 0.0355981 0.065753
0 0.119311 0.380567 0.0428075 0.0667474
0 0.237755 0.373285 0.0396411 0.0710605
