0 0.701675 0.364542 0.0458643 0.071278
0 0.453759 0.301273 0.0420576 0.0730191
0 0.0729047 0.28585 0.0404788 0.075942
0 0.558139 0.15625 0.0401908 0.0719634
0 0.265658 0.190681 0.0384737 0.0701412
0 0.418986 0.190074 0.0401841 0.0713097
0 0.685923 0.177419 0.0418329 0.0713488
0 0.202913 0.338662 0.04379 0.0766833
0 0.790687 0.334546 0.0422708 0.073719
0 0.32915 0.312096 0.0417315 0.075303
0 0.918725 0.344015 0.0439363 0.0793134
0 0.520871 0.304853 0.0485112 0.0909279
0 0.615454 0.274524 0.0448748 0.0837465
