0 0.751577 0.156456 0.0134202 0.0608749
0 0.729509 0.15271 0.0132489 0.0642995
0 0.859069 0.309602 0.0261923 0.122519
0 0.465852 0.11718 0.019349 0.0985735
0 0.662613 0.143004 0.0170608 0.0924188
0 0.426597 0.278496 0.0200012 0.0953556
0 0.553939 0.136785 0.0218736 0.103027
0 0.768654 0.403838 0.0249382 0.117896
0 0.946081 0.323405 0.0275947 0.13079
0 0.174977 0.129617 0.0392688 0.19714
0 0.209789 0.446891 0.0413799 0.219861
0 0.0785689 0.252191 0.0407095 0.220651
0 0.29471 0.239236 0.0371581 0.198772
