0 0.158688 0.170573 0.0164752 0.0221172
0 0.384332 0.814146 0.0276973 0.0454569
0 0.692972 0.637457 0.0317523 0.0388311
0 0.394664 0.571412 0.0362209 0.0595847
0 0.475415 0.816806 0.0265474 0.0509
0 0.345649 0.774701 0.0272819 0.0454156
0 0.714931 0.785504 0.0303602 0.0477549
0 0.249126 0.744645 0.0298552 0.0529625
0 0.489469 0.716082 0.0313587 0.0506901
0 0.567117 0.735263 0.0284273 0.0533698
0 0.306421 0.745723 0.0302878 0.052443
0 0.638746 0.777224 0.0323178 0.0524095
0 0.402393 0.738399 0.0288091 0.0499729
0 0.831954 0.7221 0.0273323 0.0480453
0 0.308197 0.642534 0.0346157 0.0655827
0 0.515254 0.679487 0.0331635 0.0628517
0 0.449633 0.78142 0.0287443 0.0529641
0 0.649405 0.70687 0.0305272 0.052736
0 0.729874 0.734666 0.0301226 0.0518074
0 0.732171 0.623558 0.0331958 0.0561413
0 0.334141 0.688454 0.0302624 0.0558461
0 0.251792 0.614516 0.0357397 0.0582554
0 0.194525 0.634081 0.0364136 0.0628707
0 0.430476 0.680107 0.0323628 0.0561521
0 0.807066 0.637903 0.0354637 0.0604863
0 0.606818 0.688785 0.03149 0.0568289
0 0.397983 0.656158 0.0370861 0.0640773
0 0.597071 0.612836 0.0384846 0.0644686
0 0.483954 0.617738 0.0329009 0.0579687
0 0.694715 0.691777 0.0320839 0.053043
0 0.647469 0.614742 0.0289428 0.055411
0 0.552202 0.608757 0.0330691 0.0590659
