0 0.254843 0.574883 0.016418 0.0381221
0 0.475256 0.3337 0.0219147 0.0492344
0 0.634243 0.303228 0.0214518 0.0464369
0 0.495424 0.329201 0.0236483 0.0554035
0 0.211206 0.29329 0.021656 0.0419146
0 0.222109 0.556949 0.0233299 0.0507073
0 0.421285 0.32816 0.0224678 0.0498625
0 0.594308 0.305548 0.0246841 0.0481105
0 0.196246 0.591702 0.0209972 0.0422129
0 0.647184 0.33105 0.0272028 0.0593021
0 0.454005 0.318329 0.0210342 0.0433266
0 0.777148 0.362925 0.0271115 0.0571981
0 0.325797 0.320039 0.0249029 0.0554163
0 0.265885 0.739097 0.022518 0.0444731
0 0.865596 0.349876 0.0273611 0.0662722
0 0.520506 0.281554 0.0237415 0.0477144
0 0.210985 0.340805 0.0248363 0.0550533
0 0.279289 0.600737 0.0267682 0.0544142
0 0.555297 0.318062 0.0255386 0.0558744
0 0.162176 0.308306 0.0256291 0.0553505
0 0.0399634 0.303203 0.0254989 0.0531329
0 0.369244 0.289739 0.025597 0.0514816
0 0.292311 0.283136 0.0216175 0.0452075
0 0.333412 0.519142 0.0261571 0.0554351
0 0.259933 0.285007 0.0240809 0.0518109
0 0.0960997 0.281444 0.0295765 0.0613975
0 0.144431 0.59631 0.0232446 0.0514193
0 0.398684 0.377326 0.0225405 0.0484573
0 0.0111547 0.360024 0.023075 0.0623368
0 0.446364 0.374944 0.0250514 0.0526909
0 0.485846 0.511742 0.0287749 0.06246
0 0.334775 0.657742 0.0268963 0.0629727
0 0.705085 0.314792 0.0270549 0.0586477
0 0.59232 0.356448 0.0275284 0.0572713
0 0.416841 0.49255 0.0276129 0.063236
0 0.818947 0.334019 0.0356621 0.0783995
