0 0.702342 0.237268 0.0275629 0.0621588
0 0.475834 0.243676 0.0317937 0.0642494
0 0.596664 0.22578 0.0298878 0.0585833
0 0.412479 0.208838 0.030194 0.0659233
0 0.800445 0.229263 0.0291525 0.0617936
0 0.526254 0.200125 0.0293489 0.0620954
0 0.145664 0.225647 0.0325041 0.0637175
0 0.428006 0.419519 0.0339899 0.075902
0 0.545098 0.417257 0.0343461 0.0735254
0 0.086309 0.274896 0.0310331 0.0670758
0 0.924934 0.257948 0.0287922 0.0665225
0 0.313005 0.548727 0.0323702 0.0682818
0 0.356599 0.248642 0.030545 0.0669994
0 0.641064 0.22935 0.0310681 0.0640555
0 0.767705 0.51626 0.0328779 0.0757024
0 0.831929 0.318634 0.0281601 0.0650301
0 0.232927 0.250517 0.0324509 0.067572
0 0.292107 0.230552 0.0321283 0.0668251
0 0.198131 0.536934 0.0375616 0.0816562
0 0.868941 0.511423 0.0320442 0.0688673
0 0.654778 0.407589 0.0348954 0.0821467
