0 0.701411 0.497733 0.00774902 0.0116283
0 0.233065 0.615298 0.0093604 0.0131557
0 0.289658 0.556188 0.00841007 0.0119242
0 0.432681 0.248944 0.00923738 0.0149294
0 0.394079 0.4238 0.00938216 0.0143807
0 0.23777 0.406028 0.00807047 0.0120038
0 0.503478 0.625114 0.00739756 0.0105382
0 0.486314 0.510584 0.00833312 0.0135647
0 0.302357 0.459592 0.00867656 0.0124278
0 0.324249 0.531611 0.00817412 0.0126668
0 0.398455 0.624668 0.00802693 0.011508
0 0.562092 0.273656 0.0101156 0.0162193
0 0.420874 0.566523 0.00874767 0.0129563
0 0.452837 0.644148 0.00815153 0.0115578
0 0.230368 0.487174 0.00847617 0.0126981
