0 0.0170667 0.719159 0.0346861 0.187863
0 0.706743 0.516117 0.054197 0.198009
0 0.605764 0.691331 0.0493309 0.149951
0 0.658366 0.739253 0.0448027 0.117935
0 0.689861 0.202079 0.049983 0.164537
0 0.857582 0.693154 0.0579954 0.183099
0 0.713073 0.719452 0.0418143 0.136524
0 0.452384 0.767471 0.0466924 0.149667
0 0.589176 0.857537 0.0380334 0.128985
0 0.532453 0.708083 0.0498438 0.149871
0 0.242025 0.763418 0.056644 0.193845
0 0.125521 0.140065 0.0485231 0.165199
0 0.502972 0.939562 0.0452236 0.103148
0 0.311238 0.917628 0.0433841 0.137244
0 0.34507 0.324034 0.0541264 0.186251
0 0.15869 0.913782 0.0472033 0.143183
0 0.37401 0.810878 0.0523681 0.195503
0 0.586382 0.36913 0.0551136 0.180054
0 0.240146 0.284027 0.0547295 0.176795
0 0.456604 0.294927 0.05387 0.196722
