0 0.444173 0.0601117 0.0124041 0.0214775
0 0.17797 0.23147 0.0131643 0.0237849
0 0.406195 0.0792655 0.0117296 0.0219075
0 0.550007 0.150073 0.0121419 0.0225616
0 0.738598 0.301833 0.0149823 0.0306382
0 0.383518 0.0767626 0.0121195 0.0232636
0 0.507883 0.23603 0.0128382 0.0229686
0 0.357006 0.266152 0.014925 0.0243433
0 0.254121 0.251587 0.0146431 0.0238844
0 0.423491 0.216665 0.0115032 0.0206508
0 0.497058 0.220826 0.0111737 0.0207803
0 0.611329 0.257482 0.0143593 0.0268651
0 0.339279 0.229098 0.0129623 0.0232126
0 0.544673 0.240719 0.0119485 0.0234184
0 0.355443 0.290721 0.0149031 0.0255913
0 0.222397 0.237744 0.0134717 0.0240689
0 0.371838 0.126582 0.0134215 0.0231873
0 0.318814 0.134146 0.0145485 0.0261578
0 0.48966 0.253367 0.0136314 0.0245014
0 0.306802 0.217803 0.0128816 0.0233487
0 0.324101 0.215613 0.0128492 0.0234096
0 0.636687 0.239345 0.0127358 0.0228213
0 0.601759 0.219149 0.0117339 0.0210135
0 0.10816 0.265677 0.0173788 0.0285053
0 0.265372 0.106341 0.0125178 0.02358
0 0.479492 0.23696 0.0128327 0.0241755
0 0.524684 0.218392 0.0118132 0.0212686
0 0.59009 0.245073 0.013042 0.0237753
0 0.597602 0.150629 0.011939 0.0226378
0 0.217863 0.0969294 0.0122466 0.0224981
0 0.571084 0.215046 0.0123253 0.0220179
0 0.293003 0.0607534 0.0135797 0.0253605
0 0.271522 0.240355 0.0136026 0.0246842
0 0.28168 0.13812 0.011933 0.0237814
0 0.193527 0.114402 0.0136642 0.0268428
0 0.309919 0.276641 0.015032 0.024796
0 0.404209 0.249012 0.0143583 0.0262509
0 0.642168 0.167646 0.0123827 0.023582
0 0.407616 0.118977 0.013468 0.0245843
0 0.239821 0.12232 0.0125931 0.0235871
0 0.357625 0.210703 0.0139493 0.0250532
0 0.3775 0.222344 0.0134695 0.0262144
0 0.446294 0.242896 0.0145675 0.0255608
0 0.66133 0.253229 0.013284 0.0255262
0 0.456986 0.211935 0.0129763 0.0244136
0 0.493577 0.287897 0.0153907 0.0290854
0 0.126297 0.216287 0.0169686 0.0294244
0 0.0967841 0.284728 0.0172792 0.0308964
0 0.268683 0.206717 0.0132235 0.024477
0 0.0999514 0.345527 0.018394 0.0281608
0 0.5157 0.267367 0.0143708 0.0246914
0 0.640245 0.284637 0.0150965 0.0280404
0 0.57006 0.26093 0.0138517 0.0257966
0 0.209379 0.255681 0.0152859 0.0264237
0 0.401722 0.288585 0.015229 0.0254769
0 0.0373123 0.321473 0.020017 0.0332512
0 0.191333 0.284375 0.0159376 0.0307485
0 0.139991 0.293025 0.016793 0.0304801
0 0.360016 0.343661 0.0161462 0.0284295
0 0.158194 0.262204 0.0155653 0.0285934
0 0.174471 0.53473 0.0217996 0.0433994
0 0.546488 0.28208 0.0151991 0.0287323
0 0.306651 0.244625 0.0149884 0.0261005
0 0.652879 0.462591 0.0202194 0.0396895
0 0.557223 0.555902 0.0223168 0.0394277
0 0.505424 0.322349 0.0176995 0.03421
0 0.447844 0.284999 0.01501 0.0280279
0 0.593157 0.294701 0.0165302 0.0306272
0 0.708325 0.324843 0.0162387 0.0302359
0 0.454217 0.331752 0.0165263 0.0299096
0 0.24978 0.282326 0.0177762 0.029709
0 0.659682 0.321769 0.016425 0.0319073
0 0.259593 0.339072 0.0174778 0.0321766
0 0.209156 0.312122 0.0174783 0.0321567
0 0.404831 0.334962 0.0171055 0.0317112
0 0.243797 0.526362 0.0225602 0.0424018
0 0.613986 0.330092 0.0176654 0.0310332
0 0.306265 0.313998 0.0180936 0.034967
0 0.68859 0.284913 0.014939 0.0284352
0 0.155074 0.329947 0.0182469 0.0356867
0 0.557795 0.336528 0.017091 0.0332349
0 0.795691 0.280983 0.0183777 0.0346926
0 0.630435 0.547164 0.0221996 0.0422404
0 0.512917 0.43811 0.0216425 0.0408023
0 0.470815 0.568484 0.0240968 0.0516065
0 0.395312 0.604705 0.0233291 0.0438117
0 0.406036 0.400187 0.0231717 0.0464956
0 0.319633 0.431076 0.0217115 0.0413553
0 0.306632 0.557308 0.025154 0.0470121
