0 0.624801 0.536172 0.0163617 0.0284745
0 0.873632 0.508412 0.0227194 0.0380665
0 0.687062 0.536407 0.016866 0.0321574
0 0.204318 0.544616 0.0194501 0.0341036
0 0.593145 0.545288 0.016952 0.0315701
0 0.48586 0.596192 0.0184474 0.0354967
0 0.643003 0.607046 0.0175315 0.0332319
0 0.763781 0.535039 0.019249 0.0346049
0 0.325755 0.591789 0.019018 0.0392919
0 0.369021 0.521275 0.0173257 0.0329296
0 0.278205 0.533651 0.0174336 0.0341707
0 0.143225 0.617137 0.0219708 0.0406365
0 0.434216 0.552574 0.0176659 0.0329648
0 0.524807 0.551286 0.0172368 0.0332822
0 0.82917 0.590826 0.0202267 0.0356418
0 0.107362 0.558498 0.0193886 0.0348367
