0 0.295694 0.340273 0.0237111 0.0373405
0 0.438447 0.439282 0.0237644 0.0406521
0 0.542423 0.28411 0.023751 0.0351154
0 0.149528 0.307234 0.0216662 0.031081
0 0.114135 0.332119 0.021591 0.0385012
0 0.27426 0.322131 0.0215715 0.0351235
0 0.873446 0.280814 0.0220875 0.0400546
0 0.453303 0.461292 0.0294509 0.050831
0 0.242437 0.356702 0.0218522 0.0342348
0 0.95963 0.284001 0.0241793 0.0404862
0 0.665999 0.280178 0.0236799 0.040143
0 0.603167 0.278315 0.0251149 0.0361819
0 0.390693 0.29079 0.0207784 0.032885
0 0.776668 0.371706 0.0295309 0.0419792
0 0.240689 0.280501 0.0210814 0.0335926
0 0.441395 0.284968 0.0227185 0.0355147
0 0.831498 0.295279 0.0260245 0.0423716
0 0.500661 0.291607 0.0223913 0.0365166
0 0.537252 0.324005 0.0258395 0.0426923
0 0.598659 0.590953 0.0411479 0.0567594
0 0.786499 0.274932 0.0247825 0.038915
0 0.32372 0.327085 0.0212123 0.0348942
0 0.366562 0.313485 0.0237242 0.0365872
0 0.245627 0.507686 0.0260624 0.0403375
0 0.209799 0.323298 0.0240001 0.0405372
0 0.733947 0.304053 0.0227315 0.0340578
0 0.696905 0.318456 0.0251837 0.0420751
0 0.900945 0.33773 0.0281357 0.0445595
0 0.587148 0.328686 0.0271847 0.0433067
0 0.827964 0.368532 0.0301797 0.0496053
0 0.639097 0.317729 0.0282367 0.045453
0 0.0742736 0.359952 0.0258347 0.0418748
0 0.146461 0.348751 0.027371 0.0425432
0 0.712686 0.36279 0.0266753 0.0436912
0 0.342148 0.525635 0.0288457 0.0435785
0 0.384401 0.392561 0.0281236 0.0423568
0 0.32338 0.441637 0.0266489 0.0430878
0 0.409607 0.573139 0.0279438 0.0452755
0 0.132045 0.526195 0.0289155 0.0426426
0 0.9898 0.335851 0.0215219 0.0406068
0 0.854089 0.571286 0.0363823 0.0603085
0 0.394049 0.44095 0.0250479 0.0416519
0 0.0350944 0.532731 0.0323624 0.0480172
0 0.641773 0.574021 0.0305526 0.0496206
0 0.746203 0.547709 0.0319596 0.0529115
0 0.944673 0.370697 0.0312133 0.0517791
0 0.962401 0.594879 0.0319733 0.0559479
0 0.509002 0.50239 0.0321169 0.0560461
