0 0.535068 0.0348711 0.0411943 0.0889389
0 0.243468 0.0465003 0.0502365 0.106716
0 0.678764 0.0491293 0.0178915 0.101024
0 0.03678 0.345291 0.0306232 0.184249
0 0.368694 0.0704817 0.0349759 0.146041
0 0.103754 0.0623272 0.0366592 0.134278
0 0.846635 0.318193 0.0363825 0.15299
0 0.926728 0.221199 0.0342941 0.164548
0 0.0159869 0.319019 0.03145 0.238931
0 0.541847 0.212609 0.0490832 0.228062
0 0.396369 0.0982962 0.0430576 0.18498
0 0.484975 0.0765807 0.0395894 0.161244
0 0.62187 0.222432 0.050947 0.230979
0 0.345217 0.504373 0.055359 0.26101
0 0.155211 0.0985615 0.0441728 0.197123
0 0.30512 0.118129 0.049728 0.226146
0 0.0604976 0.092678 0.0502297 0.185356
