0 0.890071 0.223522 0.0175998 0.030516
0 0.490537 0.26368 0.00528267 0.00898278
0 0.27597 0.31335 0.015272 0.0348485
0 0.501382 0.254015 0.00557709 0.0107013
0 0.703221 0.209955 0.0123633 0.0282092
0 0.625923 0.224026 0.0084359 0.0135241
0 0.728304 0.218595 0.0130644 0.0288395
0 0.433688 0.270912 0.00729236 0.0125708
0 0.144363 0.282764 0.0166554 0.0376475
0 0.964174 0.218269 0.0144728 0.0265312
0 0.6816 0.236178 0.00838798 0.0148157
0 0.346131 0.240023 0.0132539 0.0207853
0 0.379965 0.219738 0.0111676 0.0178605
0 0.794966 0.225515 0.0160539 0.0330931
0 0.747088 0.231934 0.0167898 0.0274648
0 0.837603 0.188518 0.0182144 0.0370602
0 0.952547 0.241892 0.0162215 0.0286523
0 0.277775 0.24297 0.0147206 0.0229642
0 0.360529 0.314982 0.0204695 0.0405662
0 0.646079 0.215755 0.0159793 0.0273584
0 0.905704 0.282838 0.0441647 0.0619544
0 0.215002 0.288257 0.0508252 0.0810566
0 0.569067 0.239062 0.0362972 0.0657941
