0 0.610208 0.487243 0.0123966 0.0187466
0 0.651832 0.51263 0.0132738 0.0178564
0 0.466345 0.481696 0.0242721 0.0371054
0 0.765054 0.479429 0.0120993 0.0179007
0 0.489185 0.496489 0.0162842 0.0253479
0 0.670701 0.477737 0.0122013 0.0182265
0 0.792375 0.475413 0.0183086 0.0280928
0 0.239285 0.502996 0.0215021 0.0346618
0 0.446852 0.466656 0.0195529 0.0331451
0 0.38429 0.488419 0.0149128 0.0218258
0 0.335585 0.50498 0.0162342 0.0247641
0 0.5823 0.492326 0.0184467 0.0270542
0 0.721981 0.46217 0.0177109 0.0258182
0 0.855231 0.381208 0.0467945 0.0773873
0 0.263598 0.505328 0.0319497 0.0476466
0 0.623597 0.525791 0.0186589 0.0284803
0 0.0914525 0.526621 0.0219508 0.032393
0 0.0435537 0.547744 0.0268019 0.04314
0 0.547407 0.490611 0.035612 0.052558
