0 0.676758 0.327596 0.0136788 0.0287869
0 0.709867 0.345783 0.00912035 0.0154928
0 0.933784 0.350164 0.0109526 0.0199097
0 0.770079 0.370329 0.00816727 0.0145356
0 0.177827 0.337888 0.0174497 0.0340894
0 0.52501 0.322488 0.0169721 0.0341783
0 0.61075 0.29406 0.0176091 0.041595
0 0.748915 0.318362 0.0118735 0.0333701
0 0.267322 0.31174 0.0245184 0.0475025
0 0.498328 0.319483 0.0225351 0.0556413
0 0.649797 0.308708 0.0149658 0.0387802
0 0.902899 0.338412 0.0148566 0.0268558
0 0.0813191 0.30761 0.0224892 0.0430657
0 0.166496 0.275298 0.031602 0.0716166
0 0.592498 0.258731 0.0350624 0.0710373
0 0.421917 0.239895 0.0357972 0.0764225
0 0.314889 0.288853 0.0376904 0.0816264
