0 0.608302 0.544964 0.0185782 0.0345892
0 0.55739 0.543353 0.021413 0.0387138
0 0.787384 0.524169 0.0195971 0.0373486
0 0.95165 0.540968 0.0227575 0.0478103
0 0.0493121 0.538292 0.0249796 0.0465951
0 0.928814 0.543447 0.0257635 0.0487483
0 0.365485 0.492908 0.0231812 0.0427307
0 0.783076 0.552111 0.0210064 0.0427417
0 0.484174 0.549501 0.020647 0.0429665
0 0.379388 0.518892 0.0236566 0.0475889
0 0.875758 0.530403 0.0256168 0.0407851
0 0.585285 0.555395 0.0217543 0.0407795
0 0.63411 0.532936 0.023129 0.0420437
0 0.344114 0.517088 0.0256179 0.0485737
0 0.0784184 0.528352 0.0260483 0.0464871
0 0.345912 0.721786 0.0269817 0.0511448
0 0.732284 0.54166 0.0234227 0.045014
0 0.505325 0.552562 0.0238768 0.0448675
0 0.411242 0.721988 0.023594 0.0488064
0 0.202079 0.493039 0.0244008 0.0439762
0 0.26644 0.507661 0.0230981 0.0433006
0 0.688122 0.530179 0.021588 0.0453241
0 0.404165 0.566683 0.0255325 0.0477213
0 0.839047 0.539685 0.0216067 0.0423931
0 0.442123 0.55446 0.0258019 0.0467429
0 0.696629 0.722096 0.0269952 0.0504482
0 0.233177 0.511428 0.0234892 0.0483981
0 0.545024 0.755445 0.0263866 0.0525259
0 0.129347 0.491846 0.026313 0.0507217
0 0.205511 0.556722 0.025144 0.0509746
0 0.772233 0.67718 0.0271255 0.0511524
0 0.814981 0.566412 0.0231384 0.0465131
0 0.176749 0.516207 0.0257587 0.0480887
