0 0.195463 0.00852115 0.0416168 0.021092
0 0.544198 0.0108658 0.0360636 0.0252236
0 0.867041 0.0113483 0.0357788 0.0255253
0 0.993604 0.223 0.0129126 0.0524154
0 0.976465 0.372006 0.0203943 0.0371987
0 0.750429 0.0735457 0.0352232 0.060828
0 0.764268 0.305326 0.0270895 0.058142
0 0.679328 0.225717 0.0249404 0.0494479
0 0.425509 0.0755099 0.0388356 0.0662813
0 0.356069 0.243404 0.0288393 0.0542746
0 0.666518 0.0704821 0.0310876 0.0594166
0 0.449971 0.323842 0.0307574 0.0600718
0 0.987776 0.0658656 0.0243683 0.0631347
0 0.0860182 0.355403 0.0353799 0.0677367
0 0.341217 0.0706982 0.0364679 0.0665738
0 0.0514718 0.0663443 0.0487408 0.0801635
0 0.855497 0.441529 0.0577806 0.0911193
0 0.349594 0.403489 0.0530379 0.102644
0 0.235218 0.493367 0.0768225 0.124891
0 0.714142 0.32601 0.0530844 0.0996341
0 0.493393 0.296493 0.0501994 0.090163
