0 0.672882 0.656108 0.0125658 0.0182671
0 0.947863 0.656018 0.00979918 0.0145012
0 0.370468 0.671148 0.0112142 0.0171148
0 0.705303 0.670057 0.00932169 0.0136053
0 0.860967 0.65064 0.00788462 0.0116828
0 0.984366 0.656068 0.00859112 0.0132607
0 0.259261 0.619924 0.0156831 0.0241684
0 0.639088 0.664554 0.0116052 0.0161951
0 0.627164 0.645868 0.0107769 0.0147453
0 0.395952 0.653448 0.0138851 0.0200358
0 0.489752 0.650443 0.012666 0.0193514
0 0.200955 0.564183 0.0201916 0.030614
0 0.411553 0.652861 0.0193431 0.0268084
0 0.707317 0.648633 0.0114975 0.016071
0 0.776928 0.653956 0.0124362 0.0182659
0 0.621864 0.673674 0.0124504 0.0175252
0 0.455085 0.672991 0.0174143 0.0275105
0 0.507655 0.64723 0.0182118 0.0245184
0 0.267628 0.667618 0.0170214 0.0241488
0 0.911235 0.670926 0.0141321 0.0223849
0 0.668013 0.674867 0.0167785 0.0257711
0 0.0762914 0.553554 0.0181277 0.0284473
0 0.145785 0.673405 0.0171947 0.0253467
0 0.343479 0.658525 0.0210725 0.0293432
0 0.729516 0.661101 0.0177477 0.0306432
0 0.933909 0.675976 0.0182716 0.0274175
0 0.577026 0.671015 0.0197423 0.0279527
0 0.476926 0.673216 0.0198088 0.0321237
0 0.810297 0.667044 0.0189882 0.0289102
