0 0.556785 0.790255 0.307987 0.309595
0 0.233291 0.825383 0.0454854 0.039087
0 0.34559 0.821737 0.0526092 0.0452238
0 0.0457559 0.616911 0.0456165 0.0408307
0 0.235178 0.7417 0.0460993 0.0396165
0 0.102867 0.740942 0.045571 0.038807
0 0.10379 0.822985 0.0464694 0.0409586
0 0.0485339 0.789283 0.0458295 0.0396415
0 0.0461244 0.699058 0.0414188 0.0354004
0 0.297289 0.867852 0.051977 0.043659
0 0.349227 0.904451 0.0479547 0.0418007
0 0.16718 0.705621 0.0481889 0.0405765
0 0.170438 0.624002 0.0453198 0.039314
0 0.04542 0.93761 0.0532126 0.0493156
0 0.125072 0.982901 0.0555282 0.0347087
0 0.293403 0.948347 0.0534496 0.0466338
0 0.286393 0.696927 0.0464947 0.0425647
0 0.168052 0.861439 0.0526056 0.0449387
0 0.0480117 0.859786 0.0479039 0.0432721
0 0.171416 0.953904 0.0489853 0.0422694
0 0.168507 0.789542 0.0489611 0.0424738
