0 0.261277 0.592175 0.00899971 0.0138708
0 0.0931779 0.541961 0.00762103 0.011469
0 0.031263 0.537032 0.00764652 0.0126987
0 0.431358 0.40067 0.0236374 0.0400008
0 0.313566 0.00894105 0.0240664 0.0206474
0 0.0521008 0.53471 0.00940123 0.0144357
0 0.546515 0.661219 0.0118712 0.0226832
0 0.00867097 0.555484 0.00986804 0.0173021
0 0.188943 0.578388 0.0102117 0.0159924
0 0.189504 0.616948 0.0128354 0.0193136
0 0.204276 0.583943 0.0099782 0.0192513
0 0.130755 0.568554 0.0157228 0.0245175
0 0.0891442 0.772563 0.0439646 0.111923
0 0.0362455 0.660845 0.0382539 0.084034
0 0.0777102 0.541137 0.0115961 0.0184148
0 0.0628983 0.5629 0.0157384 0.0260083
0 0.56055 0.374812 0.0278463 0.0444954
0 0.483041 0.231339 0.026964 0.0433327
0 0.714473 0.286871 0.039519 0.0681712
0 0.409011 0.149447 0.028826 0.0445938
0 0.652867 0.296686 0.0321336 0.0555646
0 0.290472 0.123644 0.0238132 0.0394024
0 0.0236469 0.759938 0.0472808 0.143848
0 0.355403 0.793769 0.0476033 0.0915883
