0 0.98937 0.322962 0.0141435 0.0317461
0 0.440188 0.309082 0.0177643 0.0321342
0 0.803835 0.35841 0.0177772 0.0312047
0 0.977904 0.315294 0.0194004 0.0348489
0 0.568525 0.274747 0.0221519 0.0412391
0 0.859087 0.31896 0.0217661 0.0362055
0 0.299403 0.270372 0.0244293 0.041118
0 0.385554 0.292787 0.02559 0.0433375
0 0.164226 0.242053 0.026975 0.0478773
0 0.732629 0.222954 0.0297939 0.0515604
0 0.939217 0.249677 0.03076 0.0554382
0 0.507587 0.219747 0.032806 0.0566447
0 0.214418 0.253879 0.0380907 0.0649282
