0 0.5895 0.0761451 0.00920635 0.0133258
0 0.246755 0.478807 0.0216714 0.0317602
0 0.546228 0.0854687 0.00881624 0.012683
0 0.70702 0.0355252 0.0121746 0.0172787
0 0.566368 0.0860291 0.00865072 0.0118172
0 0.86992 0.379513 0.0160723 0.0205445
0 0.618232 0.0514067 0.0106317 0.0149063
0 0.639089 0.0505109 0.0109048 0.0145069
0 0.0188548 0.505835 0.0189892 0.0274894
0 0.982434 0.425029 0.0157436 0.0223091
0 0.18024 0.484078 0.0217547 0.0307751
0 0.0313455 0.529741 0.0197367 0.0287384
0 0.222082 0.523906 0.0194895 0.0305915
0 0.869711 0.494307 0.0234606 0.03523
0 0.294916 0.475789 0.0342011 0.0534182
0 0.49409 0.482231 0.238402 0.3919
