0 0.787298 0.488506 0.0129395 0.0282037
0 0.347882 0.451825 0.0182774 0.0322585
0 0.539894 0.193965 0.0138037 0.0246045
0 0.702699 0.480996 0.0166883 0.0304166
0 0.781589 0.20546 0.0148075 0.0240616
0 0.625036 0.204002 0.0146921 0.0246131
0 0.285022 0.458353 0.0167786 0.029332
0 0.704429 0.199223 0.0166492 0.0253741
0 0.428144 0.45796 0.016798 0.0370068
0 0.869404 0.491049 0.016923 0.029002
0 0.526801 0.472326 0.0182293 0.0333095
0 0.808172 0.475421 0.0182215 0.029386
0 0.378197 0.439786 0.0213435 0.0355527
0 0.0564758 0.446226 0.0160658 0.0293293
0 0.191056 0.431183 0.0242184 0.0438398
