0 0.748405 0.716672 0.0694191 0.115871
0 0.145575 0.725581 0.0521666 0.0955559
0 0.366133 0.784919 0.0542618 0.0847526
0 0.0914998 0.728621 0.058419 0.100822
0 0.152662 0.66147 0.0498828 0.103703
0 0.21117 0.661306 0.0586874 0.0928092
0 0.284631 0.659903 0.0652871 0.126898
0 0.445902 0.709126 0.0626888 0.124382
0 0.818854 0.719155 0.0707948 0.139727
0 0.651704 0.749887 0.0541788 0.102778
0 0.0601539 0.609084 0.0627604 0.111715
0 0.676885 0.641286 0.0642565 0.123175
0 0.518335 0.772748 0.0554903 0.0915321
0 0.923402 0.724619 0.0826424 0.146709
0 0.839678 0.320839 0.0865858 0.165319
0 0.559229 0.689217 0.0616247 0.132081
0 0.380028 0.62331 0.0744277 0.145706
0 0.652705 0.460766 0.0829738 0.165309
0 0.505425 0.516443 0.0760409 0.155134
