0 0.456668 0.491134 0.0146755 0.023005
0 0.496118 0.409991 0.0226825 0.0382082
0 0.763716 0.046477 0.0291361 0.0480479
0 0.563977 0.0357703 0.0225815 0.0373656
0 0.904345 0.418677 0.0280973 0.0463337
0 0.19791 0.407099 0.0305404 0.060232
0 0.139481 0.751872 0.0318173 0.0558453
0 0.419979 0.733695 0.0333252 0.0590101
0 0.943473 0.0841952 0.051132 0.0934214
0 0.660903 0.812506 0.0448883 0.0813592
0 0.870449 0.808988 0.0448515 0.0880567
0 0.117798 0.0711747 0.0641604 0.111618
0 0.364358 0.0957262 0.0609511 0.115028
