0 0.310039 0.342448 0.00910595 0.0194026
0 0.303148 0.374071 0.0116979 0.0244342
0 0.603511 0.332432 0.00882769 0.0194631
0 0.26447 0.370292 0.0126126 0.0291582
0 0.59317 0.421643 0.0159101 0.0317185
0 0.0536289 0.289158 0.00715154 0.0172722
0 0.82916 0.489129 0.0192217 0.044712
0 0.493535 0.287335 0.00832748 0.0172318
0 0.708869 0.3641 0.0117419 0.0236816
0 0.287957 0.399127 0.0155437 0.0314329
0 0.527511 0.347393 0.0101171 0.0213068
0 0.10988 0.322461 0.0122826 0.0321369
0 0.669791 0.40705 0.0161756 0.0317518
0 0.9937 0.446482 0.0106713 0.04778
0 0.373324 0.354449 0.0114625 0.0239765
0 0.461077 0.378521 0.014567 0.0271062
0 0.52889 0.281302 0.00767899 0.0175747
0 0.561839 0.277637 0.00807464 0.0174322
0 0.741685 0.27946 0.00976771 0.0214753
0 0.619169 0.280215 0.0084067 0.0182668
0 0.342995 0.274604 0.00817478 0.0173216
0 0.555976 0.341028 0.0089224 0.0192928
0 0.463162 0.285769 0.00735798 0.0158201
0 0.69911 0.398188 0.0138474 0.0289175
0 0.876401 0.446671 0.0187603 0.0403189
0 0.599119 0.289334 0.00844353 0.0188741
0 0.26854 0.460508 0.0257931 0.0510269
0 0.57788 0.498025 0.0246018 0.0494232
0 0.587832 0.286006 0.00859475 0.0196434
0 0.393936 0.510218 0.0314052 0.0614752
0 0.41432 0.429332 0.0197978 0.0420716
0 0.995922 0.411335 0.00897199 0.0366763
0 0.84837 0.36331 0.00964338 0.0243066
0 0.321204 0.373456 0.012987 0.0273427
0 0.606668 0.369575 0.0107679 0.0246995
0 0.655581 0.34673 0.0118179 0.024599
0 0.219755 0.480716 0.0221404 0.0474202
0 0.802857 0.534006 0.0269551 0.0551123
0 0.555863 0.447349 0.0220405 0.0454535
0 0.527892 0.419377 0.0160156 0.0322439
0 0.87788 0.326591 0.0127731 0.0326046
0 0.862041 0.374824 0.0129606 0.0287479
0 0.569213 0.385 0.0131621 0.0261444
0 0.198465 0.502853 0.0236603 0.0501813
0 0.958937 0.344615 0.00922239 0.0219373
0 0.40397 0.348174 0.0106273 0.02475
0 0.490011 0.344984 0.010493 0.0236668
0 0.950875 0.490171 0.0239919 0.0526648
0 0.70562 0.460439 0.0235078 0.0427435
0 0.511752 0.394501 0.0132943 0.0281904
0 0.60431 0.447728 0.0175219 0.036539
0 0.623557 0.355477 0.0114304 0.0262543
0 0.387592 0.55026 0.0320414 0.0633325
0 0.618912 0.392788 0.0150209 0.0300211
0 0.320142 0.478444 0.0237727 0.049842
0 0.00703175 0.368023 0.0128797 0.030417
0 0.666395 0.502498 0.0229678 0.0435056
0 0.783705 0.4025 0.0161395 0.0336025
0 0.0337357 0.393704 0.0142877 0.029445
0 0.921115 0.313109 0.0131241 0.0289691
0 0.143385 0.457997 0.0227006 0.0433633
0 0.0585751 0.37498 0.0135503 0.0329826
0 0.495658 0.517869 0.0314694 0.0636998
0 0.287257 0.524405 0.0290593 0.0516047
0 0.735569 0.418461 0.0190754 0.0386861
0 0.626336 0.460672 0.0208132 0.0407786
0 0.103941 0.486847 0.0264349 0.054521
0 0.157434 0.528038 0.0288944 0.0552943
0 0.0668229 0.483661 0.0296 0.0559854
0 0.608513 0.545289 0.0285524 0.0556951
0 0.701821 0.528329 0.0286735 0.0573412
0 0.917478 0.516957 0.0338959 0.0634329
0 0.0366021 0.544729 0.0344165 0.0653892
