0 0.441197 0.380612 0.0172319 0.0267929
0 0.401222 0.506241 0.0216524 0.0425097
0 0.276221 0.627023 0.0238001 0.0431002
0 0.780783 0.641788 0.0208644 0.0404234
0 0.606761 0.53501 0.0218214 0.0437633
0 0.330909 0.521782 0.0229484 0.0402853
0 0.765932 0.519523 0.0206998 0.0412011
0 0.464073 0.535453 0.0224125 0.0433895
0 0.370821 0.420927 0.0260551 0.0489924
0 0.221924 0.51756 0.0263311 0.0482386
0 0.534996 0.536239 0.020812 0.036149
0 0.273878 0.26646 0.0290793 0.0477433
0 0.712678 0.410255 0.0245506 0.0554071
0 0.290102 0.413513 0.0262385 0.0519828
0 0.553769 0.430163 0.0269682 0.0506188
0 0.471893 0.41342 0.0249153 0.0521332
