0 0.293279 0.142464 0.00667503 0.0102611
0 0.963462 0.27394 0.0116148 0.0168606
0 0.499386 0.280544 0.0100814 0.0153042
0 0.974287 0.223546 0.008102 0.0139364
0 0.720235 0.253778 0.00826305 0.0132498
0 0.848883 0.373475 0.0150694 0.026217
0 0.648035 0.254259 0.00850809 0.0135214
0 0.906707 0.253084 0.00927675 0.0150567
0 0.892188 0.235092 0.00898319 0.0137031
0 0.748915 0.393375 0.0199342 0.030902
0 0.0895876 0.363637 0.0140839 0.0262649
0 0.188161 0.359129 0.0142895 0.0193348
0 0.587356 0.317179 0.0103798 0.0207518
0 0.967578 0.243633 0.00953215 0.0166358
0 0.614527 0.285098 0.0108999 0.0183763
0 0.12161 0.260553 0.0196807 0.0330333
0 0.643293 0.357718 0.0205542 0.0339599
0 0.644173 0.807546 0.0750564 0.144275
