0 0.990179 0.431092 0.0102951 0.0177336
0 0.597775 0.430358 0.00560093 0.00874468
0 0.579008 0.433229 0.00618398 0.00955073
0 0.330952 0.442926 0.00624338 0.0100014
0 0.727225 0.419338 0.0124795 0.0204111
0 0.94505 0.431665 0.010968 0.0175283
0 0.152274 0.447911 0.0131181 0.0213137
0 0.463053 0.444966 0.0110742 0.0178782
0 0.959687 0.426952 0.0147978 0.0228765
0 0.0268309 0.438544 0.0124319 0.0235068
0 0.808518 0.423665 0.0158598 0.0246487
0 0.919746 0.427916 0.0170151 0.0253019
0 0.870273 0.426844 0.0150997 0.0238108
0 0.841173 0.422815 0.0175518 0.0267731
0 0.633891 0.422991 0.0210784 0.0331566
0 0.746343 0.425152 0.0203015 0.0316002
0 0.377663 0.399793 0.0298691 0.0482557
0 0.257713 0.412478 0.0243554 0.0377342
0 0.170353 0.407359 0.0283509 0.0522218
0 0.51547 0.408034 0.0241949 0.0392708
0 0.0677055 0.39365 0.0282499 0.0452033
