0 0.960002 0.448706 0.0331386 0.0774887
0 0.505886 0.438009 0.0243797 0.0610639
0 0.397202 0.478797 0.0232956 0.050329
0 0.536394 0.411569 0.0346705 0.0744091
0 0.702811 0.132556 0.0424104 0.102546
0 0.958889 0.474931 0.030337 0.0601262
0 0.495741 0.443915 0.0229999 0.0622953
0 0.435193 0.477823 0.024858 0.0545904
0 0.561077 0.416991 0.0332153 0.082582
0 0.985165 0.377006 0.0293673 0.0888181
0 0.455817 0.460057 0.0267096 0.0580006
0 0.96341 0.397108 0.031823 0.0878853
0 0.596763 0.386726 0.0430771 0.0823552
0 0.368687 0.489535 0.0225393 0.0424712
0 0.84592 0.41889 0.0370857 0.0798548
0 0.892257 0.416309 0.0352169 0.0788994
0 0.644863 0.40144 0.0385934 0.0863436
0 0.799939 0.438487 0.0347729 0.0710693
