0 0.986662 0.0450064 0.0147734 0.0273036
0 0.522198 0.0702555 0.0124469 0.0241481
0 0.821288 0.0661775 0.0124331 0.0258889
0 0.861746 0.0386137 0.0126839 0.0250676
0 0.634312 0.039506 0.0140438 0.0277114
0 0.64711 0.0733634 0.0142298 0.0281196
0 0.956681 0.0743539 0.0118794 0.0255829
0 0.777787 0.0687136 0.0124568 0.0282087
0 0.894605 0.205996 0.0187842 0.0592315
0 0.130638 0.168166 0.0126993 0.0304673
0 0.345474 0.113832 0.017723 0.0358424
0 0.226877 0.120441 0.0140421 0.0280644
0 0.875748 0.0659912 0.0120995 0.0262448
0 0.343525 0.156733 0.0148664 0.0346741
0 0.411102 0.118276 0.0135675 0.0406842
0 0.528314 0.12094 0.0136461 0.0281784
0 0.574261 0.0444327 0.0119363 0.0247919
0 0.645583 0.0480186 0.0154895 0.0301783
0 0.485568 0.0526704 0.0136752 0.0265364
0 0.738072 0.0761101 0.0134758 0.0289958
0 0.690644 0.0635531 0.0140915 0.0285434
0 0.956496 0.0471407 0.0134542 0.0300299
0 0.441489 0.100673 0.0158543 0.0337237
0 0.45751 0.108002 0.0145797 0.0317765
0 0.532277 0.0871342 0.0146133 0.0286744
0 0.240358 0.147645 0.0140792 0.0311269
0 0.559191 0.0598845 0.0150779 0.0300547
0 0.647477 0.117694 0.0135838 0.0261902
0 0.676748 0.053623 0.0131912 0.0265485
0 0.800453 0.0617885 0.0130998 0.0265943
0 0.428838 0.141672 0.0157848 0.0300676
0 0.760754 0.0124898 0.0139304 0.0248608
0 0.0288516 0.137576 0.0160264 0.0324268
0 0.602254 0.112085 0.0139552 0.0299071
0 0.172153 0.103814 0.0122216 0.0249395
0 0.342395 0.0709412 0.0130131 0.0246215
0 0.467658 0.0593435 0.0137262 0.0270178
0 0.972676 0.0686741 0.0151151 0.0309028
0 0.975316 0.0128016 0.0143988 0.0271294
0 0.564018 0.0962056 0.0156159 0.0297152
0 0.0130031 0.142988 0.0160581 0.0322892
0 0.689654 0.0812325 0.0146329 0.0301326
0 0.241209 0.106945 0.0144408 0.028788
0 0.839057 0.0463109 0.0146073 0.0300288
0 0.630062 0.0860646 0.0137607 0.0286467
0 0.364435 0.0925035 0.0153607 0.0297885
0 0.617089 0.128746 0.0145367 0.0302179
0 0.586308 0.136972 0.0155721 0.029898
0 0.691961 0.0148879 0.0149618 0.0284454
0 0.610166 0.0607461 0.0146332 0.02868
0 0.633442 0.142609 0.0160645 0.0317159
0 0.595593 0.0473756 0.0142989 0.0277341
0 0.851624 0.0743039 0.0146108 0.03034
0 0.488687 0.11312 0.0160398 0.0311813
0 0.563472 0.138469 0.0163031 0.029597
0 0.188533 0.124213 0.0168643 0.035312
0 0.711508 0.0353169 0.015302 0.0291178
0 0.26898 0.1415 0.0167807 0.0350901
0 0.712247 0.0829415 0.0181122 0.0348633
0 0.0979035 0.133419 0.0178108 0.0397139
0 0.325123 0.148067 0.0314679 0.0629491
0 0.208247 0.105169 0.0190934 0.0416237
0 0.417367 0.270634 0.0352824 0.0793967
0 0.619879 0.272692 0.0376875 0.0888457
0 0.729214 0.184377 0.0409907 0.0894976
0 0.27121 0.231327 0.0380386 0.0789923
