0 0.0185491 0.583993 0.00965171 0.0320988
0 0.188052 0.456472 0.00800496 0.0176614
0 0.549205 0.404888 0.00850517 0.0228385
0 0.446216 0.415482 0.00875607 0.0187927
0 0.239282 0.442315 0.00921926 0.0174238
0 0.138841 0.447071 0.00884429 0.0172499
0 0.817635 0.453625 0.0112076 0.0210445
0 0.0840784 0.442797 0.0095377 0.0168026
0 0.322982 0.429866 0.00933462 0.0173526
0 0.782186 0.420473 0.0121236 0.0263483
0 0.704756 0.418517 0.011242 0.0248231
0 0.393905 0.422542 0.010051 0.0192562
0 0.910693 0.434927 0.0113891 0.0239021
0 0.659537 0.422165 0.0114205 0.0240853
0 0.371401 0.418624 0.0104356 0.0191964
0 0.862471 0.436991 0.0121202 0.0253006
0 0.377773 0.589986 0.0195993 0.044708
0 0.105918 0.710898 0.0361224 0.0796574
