0 0.987037 0.427078 0.015615 0.0254338
0 0.686924 0.360208 0.00965983 0.0144204
0 0.934678 0.364461 0.0183361 0.0280715
0 0.541263 0.394472 0.0115957 0.0170357
0 0.694367 0.37927 0.0114039 0.0190407
0 0.585394 0.385196 0.0106694 0.0167955
0 0.221051 0.377748 0.0117327 0.0174486
0 0.796661 0.402706 0.0135401 0.0235996
0 0.846229 0.401036 0.0148317 0.0282417
0 0.234691 0.372504 0.0127246 0.0192484
0 0.521245 0.387242 0.012287 0.0175343
0 0.4985 0.385973 0.0150555 0.0225623
0 0.78617 0.385532 0.0115684 0.0187362
0 0.40996 0.385306 0.0124142 0.0204249
0 0.715028 0.382042 0.0202687 0.0335475
0 0.561259 0.383397 0.0156224 0.0231649
0 0.253628 0.384373 0.0150506 0.0253429
0 0.616719 0.376281 0.0153465 0.023534
0 0.992951 0.397199 0.0140617 0.0262055
0 0.642001 0.375142 0.0210221 0.0333241
0 0.413335 0.337903 0.0283324 0.0526594
0 0.814038 0.399606 0.0203541 0.032784
0 0.310699 0.331283 0.02196 0.0392162
0 0.340845 0.352562 0.028964 0.0480412
0 0.898358 0.348111 0.0359403 0.0513173
0 0.058631 0.350616 0.0418949 0.0658294
