0 0.173747 0.752108 0.00941211 0.0263101
0 0.942536 0.812074 0.0199342 0.0567145
0 0.154457 0.671582 0.00955419 0.0228187
0 0.744808 0.652025 0.0092659 0.0222455
0 0.275725 0.684256 0.0106571 0.0248388
0 0.233888 0.665653 0.0101093 0.0232591
0 0.79948 0.662071 0.0105491 0.0252508
0 0.00784815 0.764394 0.0152971 0.0419136
0 0.174747 0.678433 0.0109657 0.0218575
0 0.827217 0.658889 0.0114141 0.0231253
0 0.200083 0.671617 0.0103818 0.023034
0 0.467048 0.617129 0.0116859 0.0222784
0 0.509472 0.614435 0.011075 0.0223054
