0 0.0724487 0.929436 0.0669736 0.0780846
0 0.970721 0.948392 0.0582871 0.10241
0 0.624601 0.493447 0.0300859 0.0447608
0 0.00712877 0.737628 0.0143662 0.0544949
0 0.202089 0.626944 0.0276092 0.0484631
0 0.281103 0.415073 0.0243473 0.0427438
0 0.368276 0.594012 0.0292986 0.0438877
0 0.484733 0.451214 0.0263157 0.0408217
0 0.436387 0.452741 0.0242976 0.0437602
0 0.360619 0.443568 0.0279734 0.043293
0 0.240841 0.49416 0.0276477 0.0428937
0 0.805957 0.430926 0.0303566 0.0502588
0 0.930082 0.434013 0.0333233 0.0537666
0 0.699481 0.441379 0.0295584 0.0501422
0 0.295319 0.580215 0.0312147 0.0467552
0 0.448424 0.589374 0.0299992 0.0479332
0 0.135365 0.511424 0.0289431 0.0468412
0 0.912898 0.629049 0.0408926 0.0643171
0 0.736725 0.526871 0.0317492 0.0517656
0 0.181897 0.44832 0.0295159 0.0480692
0 0.0638941 0.659502 0.0337419 0.0530495
0 0.0821576 0.479749 0.0289605 0.0464879
0 0.148351 0.575355 0.0298651 0.0509646
0 0.831576 0.504283 0.0339485 0.0517157
0 0.971272 0.505215 0.0335983 0.0556305
0 0.0428622 0.573761 0.0321512 0.0492969
0 0.94366 0.571968 0.0320013 0.0531178
0 0.503934 0.546303 0.0297394 0.0517774
0 0.0117368 0.496959 0.023429 0.0539094
0 0.532196 0.623291 0.0320813 0.0480966
0 0.626815 0.562047 0.0355522 0.0543263
0 0.233436 0.640114 0.0384013 0.071742
0 0.599545 0.722817 0.0373752 0.0642579
0 0.107808 0.690861 0.0413179 0.0630526
0 0.664142 0.658709 0.0348598 0.0579664
0 0.84838 0.750902 0.0383541 0.0654351
0 0.934312 0.706687 0.0390099 0.0647887
0 0.350426 0.653277 0.0420635 0.0733978
0 0.787126 0.594701 0.0406148 0.0728424
0 0.476189 0.718339 0.0465953 0.0790915
0 0.737038 0.686327 0.0397547 0.0740143
