0 0.150676 0.131262 0.0214713 0.0397407
0 0.703612 0.286226 0.0522504 0.0847931
0 0.582632 0.027079 0.0296846 0.0487852
0 0.299286 0.0681102 0.0308601 0.0561335
0 0.529226 0.0561559 0.0307117 0.0548724
0 0.0250713 0.200218 0.0316269 0.0546712
0 0.671382 0.133354 0.036784 0.0668875
0 0.164548 0.0907558 0.0318014 0.0563448
0 0.314496 0.236952 0.0361514 0.0650687
0 0.46753 0.220971 0.0445842 0.080753
0 0.378185 0.413916 0.0598872 0.107437
0 0.49353 0.262502 0.0487269 0.0978981
0 0.109211 0.192852 0.0299051 0.0559386
0 0.278235 0.101807 0.0334748 0.0619371
0 0.525379 0.143501 0.0410686 0.066529
0 0.7285 0.133325 0.0438411 0.0841063
0 0.768466 0.113283 0.0439038 0.0873622
0 0.553409 0.498784 0.0885532 0.154702
0 0.34961 0.226355 0.0495301 0.0827836
0 0.258714 0.228046 0.0356719 0.0639898
0 0.170508 0.349793 0.0487613 0.0864821
0 0.223136 0.358881 0.0572792 0.100734
0 0.0522061 0.337818 0.053835 0.0906514
0 0.647215 0.244303 0.0557677 0.0866016
0 0.679875 0.493557 0.0966132 0.176303
0 0.430973 0.466744 0.0853477 0.131249
0 0.957209 0.593798 0.0855653 0.190514
0 0.97016 0.28237 0.059392 0.12955
0 0.282203 0.375868 0.0656791 0.1115
