0 0.572459 0.194376 0.0162066 0.0279209
0 0.919246 0.234753 0.0116053 0.019832
0 0.453494 0.162925 0.0132801 0.0230798
0 0.743845 0.355304 0.0188347 0.0381917
0 0.210874 0.155561 0.0170939 0.0285934
0 0.975903 0.303881 0.0142616 0.0287979
0 0.996358 0.304629 0.0075193 0.0309716
0 0.939691 0.317009 0.0170544 0.0291044
0 0.904066 0.257474 0.0135614 0.0233729
0 0.575556 0.157129 0.0151182 0.0260038
0 0.136733 0.209923 0.0180903 0.0338031
0 0.0976638 0.130511 0.0175108 0.0300785
0 0.846458 0.166798 0.012201 0.0226082
0 0.679242 0.193926 0.0129101 0.0227157
0 0.986529 0.225205 0.0128265 0.0221286
0 0.876524 0.189279 0.0108876 0.0200619
0 0.967896 0.230974 0.0145075 0.0246826
0 0.0220696 0.185744 0.0224347 0.0370865
0 0.924032 0.192407 0.0117357 0.021258
0 0.890718 0.196549 0.0113907 0.0191035
0 0.69219 0.235597 0.0185447 0.0330719
0 0.418199 0.201213 0.0209598 0.0336424
0 0.777495 0.21929 0.0171231 0.0318768
0 0.948729 0.187216 0.0126486 0.0217246
0 0.934629 0.297138 0.015889 0.0277948
0 0.317955 0.180777 0.0167734 0.0274532
0 0.695287 0.197521 0.0173148 0.03196
0 0.099373 0.218249 0.0240929 0.0454203
0 0.363255 0.193643 0.0175116 0.031009
0 0.557438 0.190661 0.0125244 0.0235707
0 0.35771 0.228727 0.0210907 0.0360777
0 0.954566 0.331286 0.0180187 0.0306252
0 0.780892 0.302574 0.0199136 0.0344918
0 0.755864 0.200217 0.0170647 0.0307919
0 0.303708 0.221018 0.0203161 0.0348369
0 0.507723 0.183433 0.02038 0.0349673
0 0.380002 0.179555 0.017321 0.0297442
0 0.036504 0.241272 0.0277378 0.0455785
0 0.175434 0.176029 0.0193011 0.0321505
0 0.210801 0.194509 0.022797 0.0410286
0 0.620612 0.203729 0.0176562 0.0322487
0 0.916772 0.377283 0.0227914 0.0538605
0 0.710544 0.262734 0.0241027 0.0444422
0 0.855912 0.213005 0.0146753 0.0256045
0 0.154556 0.257545 0.0235466 0.0426157
0 0.780385 0.439829 0.0298069 0.0550112
0 0.581445 0.19836 0.0167168 0.0297709
0 0.555017 0.274754 0.0226794 0.0396265
0 0.653469 0.191986 0.0171037 0.0324759
0 0.278562 0.208491 0.0208249 0.0355654
0 0.466676 0.188755 0.0179564 0.0308723
0 0.254058 0.1673 0.0197592 0.0353345
