0 0.794756 0.252393 0.0104524 0.0281579
0 0.758137 0.291418 0.0124583 0.035804
0 0.778424 0.269307 0.0118831 0.0333674
0 0.789033 0.29209 0.01331 0.0391813
0 0.449839 0.302014 0.0122457 0.0371045
0 0.838751 0.16237 0.0089224 0.0229884
0 0.51395 0.302642 0.0153996 0.042705
0 0.499151 0.270536 0.01258 0.0350521
0 0.461659 0.365201 0.0220236 0.0611831
0 0.52498 0.280962 0.0131793 0.0382399
0 0.905334 0.260214 0.0139244 0.0374204
0 0.897203 0.33658 0.0222418 0.0611667
0 0.803184 0.30226 0.0145363 0.0475633
0 0.438155 0.269455 0.0139171 0.0384502
0 0.870021 0.295467 0.0166121 0.0455552
0 0.88122 0.332298 0.0153734 0.0475699
0 0.477925 0.267343 0.0124153 0.0336615
0 0.835113 0.2459 0.0136673 0.0357745
0 0.562292 0.27121 0.0149187 0.041426
0 0.822835 0.33375 0.0179714 0.0529414
0 0.40828 0.289026 0.0151126 0.0404979
0 0.585043 0.266635 0.0138483 0.0353178
0 0.39966 0.341019 0.0194416 0.0542165
0 0.845362 0.286205 0.0142854 0.0386779
0 0.431813 0.323902 0.0145609 0.0398265
0 0.37398 0.356765 0.0205178 0.056688
0 0.381121 0.255668 0.0142777 0.0410746
0 0.949553 0.406526 0.100893 0.600105
0 0.0675215 0.410236 0.0235012 0.0608236
0 0.321087 0.315167 0.0888124 0.259332
0 0.637899 0.196378 0.0980341 0.280738
