0 0.00952446 0.112373 0.0133102 0.0262232
0 0.754478 0.616212 0.0163876 0.034312
0 0.423774 0.56715 0.0162404 0.0334555
0 0.867968 0.645945 0.0145582 0.0313411
0 0.291913 0.659174 0.0130709 0.0325594
0 0.502034 0.514735 0.0146101 0.0338439
0 0.985388 0.175002 0.0120929 0.0223626
0 0.663197 0.316106 0.0154765 0.0265324
0 0.224181 0.311353 0.0174924 0.0324481
0 0.733414 0.650165 0.0148568 0.033465
0 0.33524 0.321562 0.0169625 0.0325863
0 0.899258 0.645757 0.0151989 0.0351692
0 0.767989 0.5026 0.0181078 0.0313282
0 0.145897 0.623294 0.0160608 0.0324636
0 0.892481 0.169519 0.0138863 0.0262917
0 0.12614 0.659447 0.0136295 0.0337243
0 0.654556 0.133399 0.0156593 0.0252133
0 0.49802 0.220292 0.0178476 0.0326823
0 0.529841 0.488548 0.0181655 0.0296136
0 0.786156 0.408578 0.0185378 0.0375089
0 0.413073 0.115146 0.0164779 0.0282987
0 0.288865 0.103766 0.0165582 0.0346511
0 0.0334392 0.416574 0.0169479 0.0371736
0 0.423131 0.409899 0.0184398 0.029734
0 0.601681 0.235651 0.0168447 0.0327429
0 0.058832 0.235481 0.0169403 0.028815
0 0.0285077 0.10343 0.0170711 0.0317289
0 0.692844 0.602558 0.0168585 0.0360997
0 0.139545 0.234363 0.0179047 0.0351091
0 0.637072 0.513832 0.0181415 0.0320387
0 0.959307 0.130861 0.0143639 0.0274395
0 0.158774 0.500968 0.0183201 0.0357845
0 0.794041 0.147749 0.0146751 0.02802
0 0.530318 0.399516 0.0178538 0.0303367
0 0.26693 0.626695 0.0173772 0.0340434
0 0.417069 0.227777 0.0180441 0.0335555
0 0.841902 0.604864 0.0182163 0.0310258
0 0.312966 0.228311 0.0175718 0.0340236
0 0.90613 0.433358 0.01565 0.0273317
0 0.159233 0.10875 0.0159948 0.0301444
0 0.981869 0.53238 0.0181976 0.0358798
0 0.336329 0.394591 0.0173831 0.0350365
0 0.53818 0.115947 0.0173348 0.0335125
0 0.414192 0.49642 0.0182444 0.0345336
0 0.444088 0.313237 0.0179566 0.0308505
0 0.667331 0.402953 0.0188741 0.0353343
0 0.00689644 0.312992 0.0138477 0.0307522
0 0.280735 0.488114 0.020294 0.042323
0 0.114548 0.316302 0.0193521 0.0360648
0 0.0165357 0.507429 0.0191175 0.0338441
0 0.527888 0.318551 0.0179367 0.0363614
0 0.254196 0.402003 0.0180717 0.0357612
0 0.139578 0.397621 0.0200013 0.0365352
0 0.870849 0.506987 0.0183527 0.0347466
0 0.226425 0.230846 0.0177798 0.0349471
