0 0.147467 0.405812 0.0177773 0.0306686
0 0.363415 0.681216 0.0364692 0.0696765
0 0.445122 0.257186 0.00745162 0.0113909
0 0.823332 0.290105 0.00685668 0.0105472
0 0.678922 0.343051 0.0102695 0.0162839
0 0.523889 0.288243 0.0126043 0.0196816
0 0.830512 0.32998 0.00876063 0.0132059
0 0.479778 0.233487 0.00657016 0.0107814
0 0.865873 0.328456 0.0104796 0.016999
0 0.566139 0.228228 0.00650454 0.0101031
0 0.310412 0.278466 0.0127148 0.0208658
0 0.798634 0.305768 0.00862819 0.0136216
0 0.785775 0.312969 0.00873476 0.014538
0 0.366119 0.39929 0.0116363 0.0263924
0 0.513383 0.556886 0.0250297 0.0478295
0 0.731494 0.321299 0.00994503 0.0183242
0 0.701235 0.346344 0.011764 0.0185837
0 0.559852 0.264477 0.00885248 0.0144984
0 0.425127 0.263311 0.0113072 0.0184065
0 0.502638 0.286908 0.0129051 0.0188357
0 0.28928 0.310343 0.0283259 0.0556501
0 0.9725 0.366643 0.0142368 0.0235399
0 0.280416 0.260573 0.016129 0.0238474
0 0.452092 0.319911 0.0124316 0.0202929
0 0.363811 0.251139 0.013758 0.0212039
0 0.718232 0.424385 0.0152043 0.0263693
0 0.881733 0.372735 0.0179102 0.0294736
0 0.561176 0.47221 0.0248076 0.0444748
0 0.15543 0.442746 0.0228913 0.0471746
0 0.72362 0.385448 0.0138164 0.0231996
0 0.590449 0.409855 0.02078 0.0402456
0 0.307303 0.736235 0.0432456 0.100422
0 0.899126 0.487755 0.0577343 0.09363
0 0.637963 0.25852 0.0214132 0.0373864
0 0.106191 0.532659 0.0246671 0.0462339
0 0.560693 0.67663 0.0588964 0.115385
0 0.0809206 0.569324 0.0321783 0.0604941
0 0.531005 0.368368 0.0244173 0.0414055
0 0.7982 0.376576 0.0218178 0.0367885
0 0.0264201 0.835755 0.0525715 0.11156
0 0.755745 0.538785 0.0311696 0.0577422
