0 0.0989348 0.143679 0.0133738 0.0260474
0 0.73157 0.155867 0.0144155 0.0257445
0 0.464302 0.12073 0.0134339 0.0247118
0 0.805397 0.164261 0.0151453 0.0276914
0 0.203282 0.171924 0.0134979 0.0239572
0 0.00717261 0.16954 0.0125985 0.0252118
0 0.743809 0.116779 0.0145844 0.026652
0 0.129325 0.146235 0.0153732 0.0274193
0 0.771029 0.161485 0.0144327 0.0246429
0 0.184534 0.111859 0.0144161 0.0241826
0 0.90685 0.167098 0.0160761 0.0309665
0 0.0397227 0.150554 0.0140158 0.0239709
0 0.636142 0.207592 0.014918 0.0254785
0 0.261493 0.162977 0.0116594 0.023114
0 0.0550163 0.153587 0.0141947 0.0244788
0 0.329994 0.124328 0.0143596 0.027829
0 0.386246 0.193156 0.0133897 0.0253597
0 0.821765 0.118074 0.0150903 0.0265293
0 0.535172 0.151555 0.0138725 0.0268849
0 0.985275 0.156435 0.0187668 0.0340219
0 0.91291 0.120197 0.0141876 0.0243238
0 0.273933 0.162811 0.0126118 0.0243243
0 0.106057 0.11295 0.0137993 0.023662
0 0.943118 0.173607 0.0151914 0.0271826
0 0.685801 0.156802 0.0144939 0.0271645
0 0.180463 0.166184 0.013499 0.0236529
0 0.379955 0.135978 0.0152 0.0263979
0 0.164678 0.146859 0.0141549 0.0264685
0 0.486113 0.146201 0.0153601 0.0261798
0 0.697549 0.186486 0.0159709 0.0270434
0 0.856557 0.144869 0.015868 0.0282772
0 0.301339 0.161722 0.0141775 0.0262132
0 0.426307 0.138918 0.0141088 0.0259943
0 0.308679 0.127675 0.0147262 0.0293574
0 0.598288 0.171633 0.0155067 0.0282628
0 0.223625 0.158879 0.0132237 0.0245523
0 0.178922 0.321245 0.0232369 0.0462155
0 0.247809 0.145191 0.0134796 0.0261103
0 0.558977 0.200297 0.0144207 0.0259267
