0 0.503108 0.252796 0.00791854 0.0144385
0 0.028098 0.352594 0.0181456 0.0349847
0 0.0607565 0.396417 0.027279 0.0532975
0 0.565818 0.254384 0.0156355 0.0346361
0 0.427729 0.305939 0.0225163 0.0491182
0 0.115214 0.360274 0.015263 0.0313036
0 0.148083 0.339424 0.0172452 0.0292822
0 0.0068528 0.397095 0.0132947 0.0372681
0 0.359869 0.292291 0.0124621 0.0230645
0 0.489766 0.273412 0.0138706 0.0274084
0 0.14049 0.374335 0.0221882 0.0404271
0 0.281866 0.343744 0.0191934 0.0346745
0 0.384147 0.286742 0.018466 0.0348836
