0 0.214964 0.0741071 0.0448097 0.0793358
0 0.985684 0.658207 0.0283911 0.12461
0 0.72474 0.268786 0.0544828 0.108621
0 0.464733 0.0572158 0.0637338 0.0962254
0 0.590913 0.13649 0.0551324 0.103987
0 0.0579124 0.536022 0.0659875 0.104445
0 0.429369 0.533854 0.086572 0.140705
0 0.833802 0.0728501 0.0519556 0.0865456
0 0.123032 0.854155 0.10065 0.206493
0 0.295242 0.835262 0.114432 0.24125
0 0.573498 0.0953829 0.0610676 0.102379
0 0.402753 0.20901 0.0543029 0.110836
0 0.487633 0.253518 0.0610914 0.123028
0 0.285312 0.704903 0.0808497 0.151247
0 0.967056 0.802754 0.065078 0.152126
0 0.645612 0.918645 0.0977592 0.14496
0 0.768932 0.11128 0.0559745 0.104061
0 0.00845274 0.191731 0.0171937 0.115004
0 0.0721582 0.0762395 0.0567773 0.0938754
0 0.386324 0.530372 0.0687882 0.117038
0 0.245975 0.442762 0.0831409 0.153039
0 0.0203558 0.685292 0.0411494 0.196486
0 0.946744 0.360801 0.0760589 0.152978
0 0.95244 0.900942 0.0905544 0.186061
0 0.627405 0.191787 0.0630571 0.122057
0 0.469218 0.784936 0.0934518 0.201705
0 0.740107 0.325717 0.064252 0.110835
0 0.772263 0.225351 0.0589145 0.101674
0 0.609325 0.868294 0.104055 0.209251
0 0.0904915 0.407638 0.0749158 0.146192
0 0.292668 0.0656978 0.0562199 0.089155
0 0.933629 0.109875 0.054127 0.0990852
0 0.814848 0.90998 0.0774826 0.167375
0 0.263612 0.170476 0.0648743 0.123991
0 0.968451 0.219696 0.0617172 0.114892
0 0.159996 0.211148 0.0706004 0.152481
0 0.521086 0.277276 0.0671764 0.142504
0 0.288411 0.271991 0.0665401 0.145747
0 0.766654 0.697475 0.092108 0.179884
0 0.840976 0.151928 0.0739647 0.126936
0 0.514356 0.871442 0.0866302 0.205684
0 0.106493 0.122082 0.0565294 0.101641
0 0.360871 0.164173 0.0654266 0.133429
0 0.670389 0.457045 0.0700541 0.164737
