0 0.882756 0.734676 0.0170763 0.0254916
0 0.426237 0.482876 0.0164136 0.0300189
0 0.252098 0.462867 0.0169228 0.0289992
0 0.367562 0.462247 0.0149558 0.0296266
0 0.0508391 0.56638 0.0186272 0.0281375
0 0.159111 0.408204 0.0180151 0.028934
0 0.301086 0.426338 0.0179488 0.0294054
0 0.232496 0.485691 0.0177165 0.0289841
0 0.336224 0.517662 0.0186194 0.0330728
0 0.132331 0.573804 0.0183058 0.0291368
0 0.301472 0.447852 0.0188973 0.0334347
0 0.19127 0.310095 0.0156153 0.0244322
0 0.434168 0.550903 0.0177331 0.0293587
0 0.175319 0.349801 0.0168979 0.0290267
0 0.239323 0.513678 0.0175742 0.0322158
0 0.33145 0.274472 0.01694 0.0264879
0 0.00680667 0.284383 0.0129868 0.0265317
0 0.230345 0.340552 0.0179936 0.0255357
0 0.458865 0.64997 0.0211928 0.0317201
0 0.0953141 0.358066 0.0183933 0.029108
0 0.449664 0.396666 0.0154449 0.0272176
0 0.0807009 0.429648 0.0169162 0.0262178
0 0.442427 0.613185 0.0206255 0.0394122
0 0.525886 0.53008 0.018352 0.0322229
0 0.367588 0.4073 0.0174449 0.0318633
0 0.42183 0.569582 0.0177595 0.0284518
0 0.498023 0.598703 0.0185154 0.0329119
0 0.13949 0.39931 0.0187179 0.0307819
0 0.364075 0.57259 0.0175677 0.0302326
0 0.355762 0.462629 0.0184331 0.0319733
0 0.0482409 0.325823 0.0171834 0.0280168
0 0.241831 0.418562 0.0186961 0.0298473
0 0.049762 0.597649 0.0189314 0.0309872
0 0.0894011 0.389729 0.0184338 0.0291136
0 0.108895 0.324578 0.0173584 0.028389
0 0.266973 0.281379 0.0180318 0.0314749
0 0.104739 0.598304 0.0193179 0.0329362
0 0.903451 0.580288 0.0171335 0.0294136
0 0.275288 0.531069 0.0195846 0.0350148
0 0.0211038 0.47555 0.0197785 0.0347492
0 0.189914 0.412043 0.0165735 0.0268916
0 0.15353 0.515323 0.0195338 0.0321703
0 0.176921 0.603039 0.020586 0.0370764
0 0.478056 0.537878 0.0180826 0.0277783
0 0.0348832 0.41998 0.0180321 0.0307423
0 0.172465 0.447774 0.0210482 0.0345338
0 0.757961 0.559322 0.0182654 0.0288198
0 0.315995 0.353565 0.0177653 0.0296878
0 0.482804 0.48408 0.0188026 0.0316827
0 0.0318757 0.614645 0.0206944 0.0337227
0 0.0735067 0.454185 0.0183617 0.0297279
0 0.227105 0.372276 0.0201787 0.0350751
0 0.617801 0.607478 0.0189518 0.0328869
0 0.0314052 0.348391 0.0167714 0.0295762
0 0.163119 0.545353 0.0177304 0.0306731
0 0.853198 0.597986 0.0196111 0.0335631
0 0.246375 0.564094 0.0204627 0.034259
0 0.31833 0.584935 0.0208627 0.0332491
0 0.380888 0.583227 0.0197335 0.0337789
