0 0.121041 0.328698 0.019577 0.0324806
0 0.348543 0.327975 0.0364111 0.0590678
0 0.489816 0.278895 0.0349797 0.0588069
0 0.0547618 0.316872 0.0300925 0.0497544
0 0.295483 0.360974 0.0374337 0.0507732
0 0.151344 0.314973 0.0324227 0.0468939
0 0.949633 0.406999 0.0580921 0.112496
0 0.45331 0.383306 0.0489926 0.0652823
0 0.534924 0.329624 0.0422252 0.0697648
0 0.223655 0.299522 0.0422307 0.0616441
0 0.0919366 0.33701 0.0349698 0.0477905
0 0.581701 0.338011 0.0495133 0.0764203
0 0.785891 0.49633 0.0740571 0.126979
0 0.38796 0.364067 0.0493448 0.0638956
