0 0.802942 0.736121 0.0456875 0.0775002
0 0.841534 0.193585 0.091467 0.156692
0 0.795632 0.363934 0.0672547 0.123449
0 0.856021 0.0521621 0.103904 0.104827
0 0.0216988 0.266644 0.0446369 0.132833
0 0.104269 0.44368 0.0795464 0.125459
0 0.959146 0.344586 0.0816042 0.159653
0 0.417725 0.540788 0.0748144 0.138869
0 0.0844504 0.0897751 0.102408 0.175242
0 0.344754 0.374598 0.0850202 0.137072
0 0.568489 0.485462 0.0776135 0.174565
0 0.372999 0.1934 0.0901018 0.208401
0 0.667382 0.0830969 0.0967103 0.166194
