0 0.183286 0.688404 0.0223271 0.0361805
0 0.506546 0.682458 0.0421583 0.0738594
0 0.421797 0.561931 0.0270234 0.0531283
0 0.465319 0.671904 0.0292617 0.0552247
0 0.0613821 0.646703 0.0249372 0.0411601
0 0.654859 0.699204 0.0372155 0.0669409
0 0.37023 0.561933 0.0273864 0.0469287
0 0.35874 0.678857 0.0253115 0.049411
0 0.185804 0.546982 0.0369668 0.0611716
0 0.590759 0.656765 0.0435708 0.0766196
0 0.07346 0.498076 0.0347572 0.0532332
0 0.281645 0.604878 0.0333638 0.054519
0 0.0112757 0.57032 0.0224861 0.0596455
0 0.67974 0.606501 0.0403238 0.0679419
0 0.852681 0.577184 0.0545044 0.0960118
0 0.126745 0.643387 0.0380265 0.0719106
