0 0.964272 0.51941 0.0317507 0.0496834
0 0.72304 0.608498 0.0417555 0.0810217
0 0.0395717 0.894376 0.0389 0.0697106
0 0.188297 0.969955 0.045643 0.0520238
0 0.981885 0.935201 0.0352625 0.0628377
0 0.158418 0.621026 0.0832197 0.126315
0 0.0640917 0.736607 0.0413477 0.0645985
0 0.984176 0.724594 0.0315004 0.0968819
0 0.508274 0.947793 0.0401717 0.0694528
0 0.3905 0.938535 0.0430211 0.0796776
0 0.291439 0.896462 0.0396583 0.0878486
0 0.469846 0.715775 0.0502539 0.0887029
0 0.66369 0.83685 0.0448315 0.0910284
0 0.741292 0.894484 0.0403237 0.0788453
0 0.522969 0.595766 0.0582063 0.125823
0 0.835543 0.855397 0.0433925 0.0801627
0 0.617029 0.717478 0.0518383 0.107611
0 0.381077 0.743773 0.0594922 0.116038
