0 0.703987 0.722822 0.022575 0.0470382
0 0.702226 0.819439 0.0465472 0.105028
0 0.629765 0.726612 0.0248922 0.0554056
0 0.758592 0.702665 0.0292671 0.0578427
0 0.670451 0.764392 0.0443366 0.082575
0 0.451072 0.751451 0.0429715 0.0797034
0 0.347849 0.788406 0.0443957 0.0863054
0 0.145528 0.903441 0.133342 0.190198
0 0.827965 0.69182 0.0418673 0.08669
0 0.571101 0.775734 0.046065 0.0823158
0 0.399168 0.841621 0.0489708 0.0963958
0 0.253256 0.195971 0.0644567 0.131699
0 0.971825 0.685707 0.0409555 0.0723361
0 0.918313 0.723919 0.053112 0.0993798
