0 0.560266 0.45006 0.0257472 0.044379
0 0.348706 0.398213 0.0255754 0.0497713
0 0.430481 0.473499 0.0234049 0.0408538
0 0.522206 0.440236 0.0259843 0.048894
0 0.20337 0.424584 0.0225446 0.0416203
0 0.111331 0.378741 0.0190257 0.0466216
0 0.078712 0.428008 0.0203082 0.0490788
0 0.63388 0.429167 0.0269672 0.0521936
0 0.763721 0.382495 0.0370596 0.0648738
0 0.482173 0.424843 0.0324476 0.0622751
0 0.289735 0.323787 0.03157 0.0610648
0 0.955328 0.397739 0.0311512 0.0661964
0 0.910338 0.3773 0.0359032 0.0684036
0 0.605967 0.394515 0.0356967 0.0722658
