0 0.772934 0.196319 0.0103032 0.0159632
0 0.794683 0.155629 0.0107127 0.0162696
0 0.258847 0.226058 0.0136585 0.0210112
0 0.450293 0.178216 0.01293 0.0204921
0 0.834657 0.101133 0.00942063 0.0137419
0 0.0199522 0.271006 0.00993864 0.0166561
0 0.834339 0.194846 0.00978869 0.0150398
0 0.531473 0.16548 0.010925 0.0184229
0 0.411907 0.184448 0.013036 0.018957
0 0.739522 0.210593 0.0108345 0.0162012
0 0.886306 0.0819523 0.00998706 0.0145556
0 0.759418 0.124543 0.00946832 0.0149602
0 0.565254 0.155459 0.0110359 0.0167072
0 0.280755 0.212532 0.0161735 0.0236081
0 0.424702 0.176898 0.0123311 0.0194971
0 0.550846 0.16069 0.0114713 0.0169798
0 0.131079 0.263201 0.0161669 0.025202
0 0.523516 0.244723 0.0145184 0.0214983
0 0.606784 0.14816 0.0123016 0.0186662
0 0.669076 0.216206 0.0100245 0.016803
0 0.55517 0.448354 0.0321107 0.0606048
0 0.519088 0.157089 0.0122982 0.0189799
0 0.306405 0.214538 0.0142283 0.0215795
0 0.631848 0.151172 0.0106373 0.0183778
0 0.849953 0.0962621 0.0107399 0.0170069
0 0.49288 0.163475 0.0116836 0.0170385
0 0.581709 0.16468 0.0110139 0.0166137
0 0.886243 0.169702 0.0100714 0.0158687
0 0.678844 0.197857 0.0106764 0.0163149
0 0.623775 0.645227 0.0592799 0.0597723
0 0.59123 0.141056 0.0111157 0.0169566
0 0.554301 0.697387 0.0512037 0.0564436
0 0.105863 0.259352 0.0159734 0.0245563
0 0.161965 0.247582 0.0150503 0.029084
0 0.505167 0.350715 0.0225154 0.0276467
0 0.090245 0.278085 0.0226409 0.0343014
0 0.949294 0.0314439 0.020574 0.0284877
0 0.230957 0.182304 0.0357216 0.0572036
0 0.365583 0.20585 0.0156645 0.0251077
0 0.0583095 0.237084 0.0198842 0.0306667
