0 0.416655 0.317553 0.00650939 0.0116746
0 0.653185 0.210248 0.00792056 0.0118092
0 0.993644 0.366773 0.0124214 0.0338085
0 0.35674 0.300771 0.0106485 0.0251304
0 0.114141 0.333929 0.0167682 0.0275295
0 0.750451 0.374815 0.0232725 0.0326474
0 0.846068 0.357559 0.0144209 0.0224055
0 0.432451 0.32125 0.00845841 0.0149703
0 0.530715 0.286027 0.0194521 0.0347603
0 0.755875 0.337214 0.0208423 0.0357198
0 0.245479 0.216527 0.0287239 0.0733759
0 0.928794 0.406999 0.0302775 0.0470231
0 0.922509 0.340807 0.0260912 0.0418814
0 0.395225 0.295865 0.0221525 0.0452878
0 0.540307 0.326359 0.0322399 0.0589802
0 0.701641 0.346947 0.0445734 0.0704849
0 0.471792 0.316878 0.038364 0.0728978
0 0.274068 0.283737 0.050356 0.0963299
0 0.560321 0.254017 0.0536112 0.109682
