0 0.334578 0.447729 0.0226721 0.0393341
0 0.266319 0.444239 0.0242195 0.0406984
0 0.367529 0.529003 0.0171622 0.028984
0 0.621485 0.467371 0.0184631 0.0380571
0 0.0993723 0.402522 0.0421194 0.0632409
0 0.339891 0.361879 0.0299897 0.0418225
0 0.0429265 0.330778 0.067109 0.103209
0 0.490453 0.51827 0.0194311 0.0339347
0 0.389542 0.476663 0.0314494 0.0555405
0 0.457881 0.506673 0.0233583 0.0422817
0 0.601522 0.370118 0.0365959 0.056321
0 0.517681 0.4498 0.0248342 0.039556
0 0.670075 0.243874 0.0496317 0.0769378
0 0.196414 0.35652 0.0402326 0.0627023
