0 0.110174 0.655039 0.033803 0.0849873
0 0.6446 0.37308 0.0325291 0.0576918
0 0.571536 0.409311 0.0286277 0.0442422
0 0.534118 0.338102 0.0258684 0.0444469
0 0.0336005 0.522484 0.0257817 0.0666124
0 0.608011 0.478652 0.0326554 0.076676
0 0.152388 0.493099 0.0361511 0.0692114
0 0.121424 0.349095 0.0265224 0.0396525
0 0.204054 0.440235 0.0294088 0.0512955
0 0.231142 0.8997 0.0434508 0.0847525
0 0.142667 0.401579 0.0276898 0.0502193
0 0.252827 0.523571 0.0302472 0.0633161
0 0.418146 0.345134 0.0281655 0.0416584
0 0.213442 0.357957 0.0277594 0.0444506
0 0.26783 0.35868 0.027254 0.039122
