0 0.787077 0.357825 0.00792718 0.012127
0 0.216732 0.354468 0.00793514 0.0134357
0 0.213719 0.368681 0.00741835 0.0119512
0 0.324155 0.320346 0.00888738 0.0138844
0 0.281975 0.344978 0.00745025 0.0118946
0 0.275556 0.364628 0.0077382 0.0126848
0 0.188939 0.407684 0.00732049 0.0108774
0 0.0868805 0.382341 0.00958546 0.0153113
0 0.494764 0.523093 0.0236502 0.0425719
0 0.345593 0.322165 0.00766858 0.0124745
0 0.567012 0.373733 0.00926232 0.0135523
0 0.169486 0.386316 0.00726223 0.0112235
0 0.516649 0.341058 0.00967842 0.0155022
0 0.189515 0.374437 0.00755204 0.0124561
0 0.206742 0.386714 0.00762454 0.0120358
0 0.4525 0.35403 0.00854427 0.0137915
0 0.246214 0.354451 0.00731549 0.0127021
0 0.476703 0.372472 0.00831613 0.0128567
0 0.414491 0.376074 0.00982016 0.0153979
0 0.367852 0.323713 0.00777119 0.0124903
0 0.258076 0.376575 0.0076454 0.0121268
0 0.918921 0.375176 0.0139953 0.0241674
0 0.367549 0.530411 0.0230098 0.0455986
0 0.301412 0.42068 0.0147295 0.0241556
0 0.044759 0.436198 0.0176099 0.0259219
0 0.679914 0.434299 0.0227609 0.0324772
0 0.847522 0.420542 0.0165504 0.0251228
0 0.55484 0.466297 0.0253235 0.0412054
0 0.399482 0.423228 0.0201932 0.0328706
