0 0.908877 0.478669 0.0413139 0.0723936
0 0.224709 0.447096 0.0220941 0.0475744
0 0.816596 0.452341 0.0336693 0.0617068
0 0.992812 0.500328 0.0147053 0.0840888
0 0.649454 0.503285 0.0511422 0.0907578
0 0.832329 0.528292 0.0444374 0.0869727
0 0.499063 0.497317 0.0515921 0.093622
0 0.428133 0.526563 0.0430057 0.091168
0 0.646601 0.559879 0.0507745 0.100998
0 0.770194 0.452214 0.0399618 0.0703423
0 0.60355 0.493414 0.0462482 0.0881354
0 0.406267 0.418851 0.0370938 0.0653746
0 0.197831 0.482242 0.0522304 0.0957572
0 0.0744547 0.491894 0.054514 0.0992732
0 0.924048 0.526659 0.0506412 0.095344
0 0.689119 0.445027 0.0401484 0.075714
0 0.310586 0.455507 0.0513648 0.0938273
0 0.388816 0.513431 0.0478348 0.101914
0 0.0460405 0.560825 0.0532136 0.103386
