0 0.668066 0.493321 0.00674516 0.0109046
0 0.697647 0.496742 0.00725079 0.0113015
0 0.930908 0.499543 0.00898337 0.0145345
0 0.00430278 0.565226 0.00980628 0.0280031
0 0.978628 0.500261 0.00917453 0.0145675
0 0.00403886 0.526298 0.00787065 0.0189957
0 0.0719176 0.519075 0.00950447 0.0144306
0 0.489965 0.63363 0.0116789 0.0306054
0 0.0246131 0.535055 0.0120543 0.017787
0 0.0537158 0.530252 0.011653 0.0185621
0 0.0719748 0.559079 0.0160746 0.0261889
0 0.126309 0.613786 0.022964 0.0389645
0 0.523999 0.628418 0.0209083 0.0360535
0 0.262651 0.423972 0.05811 0.0947664
0 0.85396 0.949622 0.0610924 0.0963394
0 0.755088 0.736958 0.0371099 0.0681638
0 0.96435 0.813738 0.052879 0.0896977
0 0.610514 0.765052 0.0631827 0.103836
0 0.393106 0.458477 0.0712706 0.132498
