0 0.164872 0.548922 0.0101021 0.0203607
0 0.234022 0.548661 0.0128353 0.0225318
0 0.481527 0.439566 0.00737393 0.0135337
0 0.504549 0.527448 0.0133046 0.0278602
0 0.495378 0.432027 0.00715563 0.0139677
0 0.620279 0.445827 0.00757408 0.0141388
0 0.160041 0.635123 0.0146988 0.0277109
0 0.267414 0.495152 0.00679255 0.0123531
0 0.460013 0.517364 0.011701 0.0234048
0 0.857714 0.424757 0.0198773 0.0336261
0 0.697605 0.417693 0.0102987 0.0189228
0 0.832295 0.429754 0.01341 0.0277063
0 0.53206 0.467152 0.0105565 0.0194272
0 0.212123 0.51516 0.00872263 0.0149729
0 0.761691 0.399248 0.00744694 0.0137488
0 0.720827 0.422041 0.00923365 0.0171885
0 0.267297 0.517276 0.00826159 0.0166982
0 0.376671 0.482702 0.00879318 0.0155996
0 0.0506621 0.601611 0.0164498 0.0306396
0 0.357251 0.482167 0.00733858 0.0138703
0 0.172601 0.594563 0.0142712 0.0273344
0 0.445547 0.479185 0.0097743 0.0203324
0 0.571466 0.440603 0.00870204 0.0156999
0 0.460554 0.623705 0.0260389 0.0506577
0 0.389686 0.505186 0.0106253 0.021504
0 0.509166 0.471299 0.0100173 0.018307
0 0.477658 0.470247 0.00907716 0.0174963
0 0.697666 0.449818 0.0112799 0.0200958
0 0.287895 0.522588 0.0108794 0.0209645
0 0.140767 0.562001 0.0121041 0.0240638
0 0.582793 0.461994 0.0107535 0.0200389
0 0.650975 0.461076 0.0169697 0.0314283
0 0.61597 0.586237 0.0175075 0.0324639
0 0.0961973 0.567094 0.0128085 0.0256154
0 0.396455 0.520469 0.012047 0.0257058
0 0.729018 0.457675 0.0138022 0.0246031
0 0.358156 0.508965 0.00913787 0.0166592
0 0.253428 0.553807 0.013367 0.0263588
0 0.925277 0.397915 0.0146372 0.031299
0 0.113887 0.570636 0.0142698 0.0275967
0 0.0548851 0.649804 0.0186797 0.0373849
0 0.633526 0.457886 0.0122522 0.0234663
0 0.763592 0.475545 0.01718 0.0343087
0 0.721476 0.509526 0.0221792 0.0367759
0 0.605133 0.457528 0.0118209 0.0218696
0 0.785121 0.411906 0.0176943 0.0314751
0 0.570701 0.497732 0.0135927 0.025157
0 0.207524 0.609419 0.0194157 0.0393728
0 0.522511 0.500278 0.0168967 0.0330685
0 0.443295 0.526484 0.0153044 0.0281178
0 0.611142 0.501267 0.0166564 0.0322957
0 0.401302 0.559161 0.0174691 0.0348305
0 0.0971922 0.673914 0.0327047 0.0586825
0 0.576279 0.590844 0.0244188 0.0476922
0 0.48326 0.55855 0.0180087 0.0347809
0 0.698038 0.573733 0.0280933 0.0477595
0 0.691738 0.475965 0.01747 0.0349694
0 0.0356643 0.731508 0.037865 0.0701301
0 0.788166 0.478961 0.0374016 0.070666
0 0.858457 0.469152 0.0283375 0.0537483
0 0.236981 0.658175 0.0358003 0.0723852
0 0.364011 0.677294 0.0434291 0.0889269
0 0.571115 0.721741 0.0404488 0.0874856
0 0.983775 0.563183 0.0324504 0.10941
0 0.636398 0.609474 0.0330247 0.0652252
0 0.453231 0.902812 0.0623698 0.147332
0 0.802871 0.682419 0.0629034 0.113134
