0 0.113464 0.879205 0.0487948 0.0841023
0 0.0232122 0.54267 0.0157271 0.0357326
0 0.21827 0.551426 0.00905743 0.0167111
0 0.8726 0.78127 0.0151548 0.0336177
0 0.186856 0.611174 0.0187103 0.0388205
0 0.19418 0.537773 0.0115317 0.0222124
0 0.480321 0.676286 0.017487 0.0374443
0 0.808384 0.853544 0.0402358 0.0903191
0 0.0635414 0.563017 0.0213765 0.0360651
0 0.656356 0.843319 0.0349029 0.0748391
0 0.160294 0.570138 0.0135331 0.024674
0 0.388018 0.75761 0.0205308 0.041836
0 0.351495 0.755947 0.0308691 0.0585305
0 0.094851 0.568372 0.0264772 0.0512128
0 0.205086 0.654514 0.032029 0.0589599
