0 0.422782 0.593822 0.0427241 0.0875711
0 0.50674 0.0235739 0.0299918 0.0447499
0 0.359268 0.237588 0.0346503 0.0537272
0 0.825692 0.0166405 0.0346542 0.0378854
0 0.358182 0.0601751 0.0343893 0.0654499
0 0.00948585 0.153064 0.018325 0.0720383
0 0.79746 0.264515 0.0323625 0.0659863
0 0.123834 0.0248265 0.0328581 0.0524483
0 0.875957 0.0134227 0.0309467 0.034176
0 0.546984 0.127887 0.0316631 0.0724574
0 0.559527 0.321833 0.0322012 0.0731257
0 0.990065 0.0800257 0.0202828 0.0624859
0 0.364473 0.28578 0.0333074 0.0743356
0 0.314831 0.129982 0.0309515 0.0595935
0 0.799497 0.326257 0.0446322 0.0823862
0 0.668424 0.340761 0.0366164 0.063455
0 0.206131 0.368177 0.0388156 0.0735929
0 0.417855 0.212532 0.0408044 0.0693365
0 0.214361 0.450858 0.0489607 0.0872336
0 0.683462 0.254116 0.0393968 0.070645
0 0.495293 0.264611 0.0353245 0.0708358
0 0.626997 0.618766 0.0447442 0.0877648
0 0.185336 0.150237 0.0377319 0.069891
0 0.887984 0.129417 0.0377739 0.0633374
0 0.275734 0.03698 0.0379776 0.0728658
0 0.681028 0.0274818 0.0396358 0.0619455
0 0.965959 0.282142 0.0421519 0.0726499
0 0.526758 0.361563 0.0467653 0.0845483
0 0.137579 0.287547 0.0400888 0.0793378
0 0.315567 0.331142 0.0420547 0.0765644
0 0.763241 0.421482 0.0452209 0.0913319
0 0.838117 0.457499 0.0486447 0.0884367
0 0.635803 0.436944 0.0445736 0.0903013
