0 0.502513 0.107197 0.00666669 0.0120927
0 0.436088 0.107198 0.00807324 0.0147203
0 0.523547 0.108042 0.00725639 0.0128763
0 0.701149 0.123028 0.0080449 0.0156215
0 0.995676 0.146039 0.0089249 0.0309363
0 0.844245 0.139275 0.0167103 0.0334048
0 0.246096 0.131851 0.0113075 0.0203884
0 0.220661 0.158494 0.0151478 0.0263158
0 0.147557 0.153838 0.0163682 0.0317003
0 0.242335 0.147681 0.0128131 0.0237967
0 0.56486 0.147369 0.0156265 0.0273272
0 0.224937 0.176548 0.022504 0.0392434
0 0.479969 0.158159 0.0145291 0.0269156
0 0.477661 0.190445 0.017845 0.0392215
0 0.688945 0.130913 0.0112656 0.0224762
0 0.607364 0.11486 0.0115255 0.0204878
0 0.784532 0.151004 0.0289578 0.0437571
0 0.120216 0.160056 0.0257315 0.0441672
0 0.977534 0.146047 0.0218685 0.0390357
0 0.756471 0.109499 0.0146405 0.0260766
0 0.424413 0.126204 0.0155997 0.0294261
0 0.912005 0.172316 0.0208166 0.0325641
0 0.65126 0.249844 0.0277659 0.0673393
0 0.880811 0.172107 0.032485 0.0456979
0 0.801324 0.189426 0.0323505 0.0573467
0 0.277351 0.225829 0.0471239 0.098571
0 0.512171 0.198208 0.0400438 0.0727786
0 0.185135 0.223148 0.0447046 0.0717262
0 0.798635 0.507194 0.0777627 0.123304
0 0.712314 0.230563 0.0494502 0.0913318
0 0.171597 0.492577 0.0767553 0.126329
0 0.485336 0.588138 0.0627544 0.11037
