0 0.430696 0.768063 0.0118521 0.0346216
0 0.969447 0.339832 0.02113 0.0570213
0 0.331377 0.737903 0.0141568 0.034232
0 0.25319 0.737656 0.0158506 0.0353862
0 0.882024 0.299967 0.015214 0.0487873
0 0.268254 0.662681 0.01585 0.039728
0 0.278501 0.705953 0.0167904 0.0395757
0 0.303197 0.466749 0.0107385 0.0254913
0 0.24492 0.578998 0.012871 0.0362034
0 0.296191 0.626812 0.0142288 0.0342969
0 0.306095 0.77868 0.0158861 0.0400963
0 0.277907 0.492121 0.0127819 0.0310528
0 0.662349 0.370689 0.0195684 0.063521
0 0.27273 0.595945 0.0139646 0.0336826
0 0.156035 0.209123 0.030526 0.0849615
0 0.317013 0.705585 0.0147952 0.035269
0 0.256729 0.544265 0.013088 0.0319735
0 0.05691 0.951275 0.0126898 0.0312532
0 0.192329 0.218218 0.0275185 0.0802031
0 0.34153 0.633681 0.0157128 0.0364674
0 0.749532 0.348667 0.0177983 0.0562551
0 0.294289 0.565564 0.0142114 0.0361185
0 0.349937 0.684353 0.0141023 0.036671
0 0.6816 0.348099 0.0202131 0.0587708
0 0.00986886 0.947929 0.0157289 0.0363868
0 0.380294 0.707277 0.0161774 0.0395858
0 0.722866 0.368133 0.020156 0.0631507
0 0.371952 0.618509 0.0139504 0.0345966
0 0.140778 0.902932 0.0197768 0.0435538
0 0.793403 0.976398 0.0222746 0.0438924
0 0.66963 0.941828 0.0258337 0.0638363
0 0.506672 0.374966 0.093075 0.256855
