0 0.0942901 0.342886 0.0125998 0.0286869
0 0.0671206 0.365373 0.0108965 0.0246702
0 0.0726826 0.283769 0.0134625 0.0308775
0 0.133289 0.368798 0.0139081 0.0330324
0 0.97035 0.23618 0.0259892 0.059704
0 0.547154 0.222835 0.0222635 0.0567601
0 0.0591491 0.330599 0.0123423 0.0317354
0 0.0121033 0.333944 0.0127252 0.0298441
0 0.0888105 0.376032 0.0120672 0.0281547
0 0.0150232 0.365999 0.0127215 0.0309872
0 0.402402 0.209791 0.0284099 0.074434
0 0.0520239 0.375495 0.0134996 0.0323286
0 0.824158 0.166547 0.025884 0.0734504
0 0.0166197 0.28089 0.0125341 0.0314106
0 0.373982 0.250384 0.0264459 0.0709003
0 0.571334 0.195571 0.0274555 0.0714338
0 0.694372 0.181312 0.0268803 0.0633748
0 0.845868 0.198066 0.0322506 0.0856643
0 0.451097 0.212528 0.033288 0.0908134
0 0.239295 0.126665 0.027066 0.0752587
0 0.623088 0.213089 0.0298109 0.0768858
0 0.257706 0.208228 0.0294289 0.0805583
0 0.188119 0.224739 0.0313344 0.0863324
