0 0.45935 0.617088 0.00997192 0.0210478
0 0.502016 0.623968 0.00844657 0.0210083
0 0.248651 0.674789 0.00875206 0.0214573
0 0.165921 0.664244 0.00982809 0.0271781
0 0.310878 0.67019 0.00794759 0.0216329
0 0.540525 0.664701 0.00887138 0.0210668
0 0.170425 0.135052 0.0166136 0.0656177
0 0.0868454 0.164515 0.0208101 0.0516134
0 0.107095 0.71828 0.0108025 0.0248172
0 0.383855 0.601621 0.0102946 0.0258728
0 0.506365 0.650081 0.00953943 0.0238091
0 0.628152 0.624014 0.00956792 0.0241253
0 0.187008 0.678778 0.0109365 0.0264092
0 0.709329 0.723968 0.0138115 0.0309471
0 0.374676 0.635999 0.0124089 0.0315782
0 0.0568821 0.673436 0.0133264 0.0363216
0 0.766283 0.71244 0.0141832 0.0346973
0 0.598575 0.603741 0.0133635 0.0326779
0 0.896847 0.698853 0.0159416 0.0429097
0 0.820323 0.704733 0.0166004 0.0377063
0 0.270397 0.111508 0.0392265 0.105703
