0 0.102265 0.419166 0.0270727 0.0680099
0 0.290657 0.355686 0.0122981 0.0352629
0 0.735471 0.403245 0.01823 0.0467958
0 0.133261 0.377578 0.0369435 0.0914936
0 0.280637 0.357223 0.015273 0.0428173
0 0.465251 0.387329 0.045694 0.125798
0 0.389991 0.370564 0.0167339 0.0437998
0 0.337758 0.388466 0.0215212 0.0585714
0 0.588637 0.375175 0.0213367 0.0526981
0 0.573276 0.475266 0.0408821 0.09809
0 0.975537 0.481667 0.0454955 0.10182
0 0.821454 0.768083 0.0730543 0.172886
0 0.246206 0.443406 0.0483184 0.122252
0 0.675762 0.515373 0.0743485 0.170989
0 0.501366 0.51281 0.0748231 0.199045
0 0.388209 0.61328 0.0987612 0.25546
