0 0.521667 0.214959 0.00795001 0.0185667
0 0.505136 0.199878 0.00651312 0.0140464
0 0.479351 0.204448 0.00742933 0.0147812
0 0.983574 0.290115 0.0130262 0.0261222
0 0.967198 0.389375 0.0251938 0.0523563
0 0.783064 0.501548 0.0408974 0.0794142
0 0.456117 0.23524 0.0108906 0.0237441
0 0.0105768 0.20561 0.0093655 0.0204495
0 0.548748 0.213097 0.00826949 0.0171525
0 0.582695 0.381236 0.029389 0.0553184
0 0.790146 0.227749 0.00850153 0.0171615
0 0.847992 0.234584 0.009453 0.020693
0 0.114094 0.222914 0.01003 0.019638
0 0.11385 0.264127 0.0112024 0.0236697
0 0.767159 0.203111 0.0105817 0.0208842
0 0.593649 0.209447 0.00810063 0.0186287
0 0.993441 0.43234 0.0136011 0.0870372
0 0.951289 0.250405 0.0111809 0.0223854
0 0.0546428 0.227274 0.0116232 0.0235369
0 0.0321222 0.256549 0.0170927 0.0293033
0 0.72993 0.224896 0.0086019 0.0183572
0 0.831513 0.224416 0.014214 0.0267344
0 0.0723358 0.227948 0.0111336 0.0228112
0 0.756 0.220873 0.0102521 0.0217122
0 0.069193 0.366462 0.0218127 0.0682728
0 0.0751302 0.262984 0.0137938 0.0310685
0 0.461194 0.255413 0.0153469 0.0280737
0 0.887723 0.245558 0.0116366 0.0240883
0 0.417573 0.339448 0.0307063 0.0691676
0 0.538646 0.258877 0.019333 0.0355
0 0.304467 0.325437 0.0274842 0.0559723
0 0.0675864 0.294484 0.0178458 0.0384165
0 0.945457 0.333114 0.0189708 0.0385145
0 0.872506 0.290094 0.0272701 0.0511711
0 0.0164306 0.349238 0.0311929 0.0729448
0 0.560147 0.251925 0.0165648 0.0336168
0 0.474976 0.237134 0.0174074 0.0337801
0 0.496559 0.250854 0.0197477 0.0336132
0 0.700238 0.575565 0.0425079 0.0752979
0 0.663375 0.332689 0.0268619 0.0488499
0 0.842129 0.393554 0.027347 0.0611968
0 0.827052 0.323764 0.0283224 0.0570832
0 0.335617 0.314858 0.0312375 0.0567366
0 0.76509 0.31044 0.0247412 0.0487818
0 0.651838 0.419254 0.0355872 0.0752482
0 0.613644 0.368779 0.0263348 0.0550067
0 0.802986 0.373828 0.039324 0.0774817
0 0.142123 0.317795 0.0284027 0.0555553
0 0.919041 0.375879 0.0323728 0.0622066
0 0.471685 0.426997 0.0352281 0.0676794
0 0.210206 0.350037 0.0378663 0.0698169
0 0.282204 0.359549 0.0388277 0.0707238
0 0.878955 0.601469 0.0586342 0.11497
0 0.145252 0.425611 0.0467305 0.0971967
0 0.334388 0.571886 0.0649515 0.109922
0 0.777053 0.744959 0.0874522 0.186502
0 0.16534 0.617457 0.0593482 0.111938
0 0.940656 0.520169 0.0625181 0.114426
0 0.510985 0.593907 0.0780191 0.152339
