0 0.528592 0.43115 0.0129669 0.029346
0 0.340414 0.39981 0.0116442 0.0267541
0 0.797629 0.386524 0.0121164 0.0265445
0 0.196934 0.348542 0.0196951 0.0341632
0 0.445452 0.375169 0.0115237 0.0250389
0 0.646005 0.332658 0.0135038 0.0337967
0 0.504232 0.409977 0.0132748 0.0285335
0 0.302771 0.39265 0.012821 0.0291785
0 0.511847 0.524802 0.0177704 0.0292984
0 0.363873 0.482658 0.0149439 0.0308696
0 0.905742 0.595658 0.0227726 0.0571081
0 0.597931 0.496348 0.0280161 0.0517194
0 0.840107 0.570464 0.0272774 0.0538513
