0 0.691404 0.319306 0.020945 0.0414369
0 0.941769 0.344879 0.0253546 0.0526421
0 0.612455 0.567362 0.0390035 0.0887609
0 0.573056 0.53875 0.0274927 0.0629869
0 0.9716 0.525392 0.031312 0.0723856
0 0.154772 0.717962 0.031479 0.0688648
0 0.00990743 0.398389 0.0196866 0.0439057
0 0.242401 0.675978 0.03774 0.0736994
0 0.371534 0.981303 0.0575367 0.0321825
0 0.188166 0.501244 0.0210824 0.0612512
0 0.350329 0.549362 0.0279626 0.0592682
0 0.397525 0.498436 0.0301787 0.05809
0 0.00548945 0.246836 0.0106759 0.039543
0 0.00997308 0.977339 0.0199625 0.0419573
0 0.855088 0.366961 0.0220413 0.0481713
0 0.887686 0.389971 0.0279665 0.0512475
0 0.708594 0.540444 0.0286281 0.0707979
0 0.832651 0.315222 0.0205793 0.0425511
0 0.0969916 0.655105 0.0329744 0.0665946
0 0.833798 0.386861 0.0305454 0.0617206
0 0.799444 0.69739 0.0398492 0.0913303
0 0.619292 0.542021 0.0380116 0.0771006
0 0.08528 0.324236 0.0203297 0.0402983
0 0.299088 0.917119 0.0581892 0.117463
0 0.651645 0.359862 0.0237141 0.0528305
0 0.136999 0.614154 0.0306536 0.0603148
0 0.633396 0.422145 0.028327 0.0601217
0 0.0613889 0.421732 0.0237233 0.0542635
0 0.970018 0.395936 0.0336968 0.0635646
0 0.267163 0.52212 0.0274585 0.0585521
0 0.271479 0.832877 0.0427167 0.0947393
0 0.423273 0.440226 0.0248979 0.054914
0 0.724077 0.421422 0.0350677 0.0663532
0 0.12105 0.384142 0.0214488 0.0449417
0 0.891493 0.46308 0.0318314 0.0593982
0 0.850745 0.564748 0.0262111 0.0853345
0 0.798778 0.357264 0.0244749 0.0536087
0 0.884956 0.265357 0.0270187 0.0536617
0 0.664683 0.41259 0.0252464 0.0597378
0 0.0818758 0.384214 0.0235828 0.0456733
0 0.785426 0.259461 0.0211305 0.0458797
0 0.346997 0.806475 0.0438024 0.105422
0 0.0529605 0.286999 0.017344 0.0424244
0 0.338233 0.922227 0.0598226 0.12473
0 0.100771 0.748291 0.034489 0.0917462
0 0.513003 0.396952 0.0312625 0.0682288
0 0.599647 0.61541 0.0402125 0.0918501
0 0.233811 0.587587 0.0360766 0.0695056
0 0.558221 0.578358 0.0369357 0.0874266
0 0.284171 0.74558 0.0400014 0.0835385
0 0.658669 0.856651 0.0429547 0.103237
0 0.348914 0.489101 0.0341016 0.0636914
0 0.444888 0.70043 0.0410709 0.0963201
0 0.57945 0.364109 0.0343708 0.0612527
0 0.544271 0.864613 0.0595094 0.117548
0 0.45969 0.48794 0.0317854 0.076799
0 0.482937 0.670971 0.0410919 0.0890847
0 0.595584 0.446017 0.0329077 0.0644138
0 0.766821 0.463189 0.0325893 0.0747488
0 0.485116 0.567372 0.0468175 0.0915946
0 0.243755 0.773906 0.0449264 0.090929
0 0.890497 0.556677 0.0451929 0.081955
0 0.493895 0.780516 0.0509746 0.117195
0 0.382367 0.621985 0.0428433 0.0959826
0 0.476133 0.951499 0.0711713 0.0945621
0 0.829217 0.501718 0.0368782 0.0780592
0 0.77437 0.756694 0.0568303 0.108111
0 0.715716 0.670131 0.0504022 0.100429
0 0.392141 0.771374 0.046547 0.0867662
0 0.680623 0.516771 0.037916 0.0764377
0 0.053679 0.752464 0.047956 0.0989273
0 0.319282 0.623716 0.0450431 0.092454
0 0.987023 0.587921 0.0259533 0.11279
0 0.179138 0.911215 0.0560041 0.114806
0 0.866806 0.866474 0.0633364 0.126209
0 0.753597 0.926675 0.0631545 0.132974
