0 0.705303 0.317976 0.0169913 0.0290955
0 0.614994 0.327724 0.0161819 0.0286287
0 0.490599 0.332473 0.020661 0.033176
0 0.483207 0.371396 0.0235256 0.0388763
0 0.452523 0.333532 0.0196227 0.0305775
0 0.788004 0.0727567 0.0144395 0.0214652
0 0.521711 0.371521 0.0210643 0.0294903
0 0.530133 0.220193 0.0169327 0.0260296
0 0.477081 0.207853 0.0161129 0.0288248
0 0.553125 0.38498 0.0222898 0.0320188
0 0.632245 0.339505 0.0213146 0.0382463
0 0.346786 0.406489 0.0236656 0.0443452
0 0.346472 0.372594 0.0233643 0.0389045
0 0.436066 0.169416 0.0172159 0.0280319
0 0.438614 0.381316 0.0253614 0.0431006
0 0.175852 0.198492 0.0177299 0.0314011
0 0.970968 0.0573907 0.0190382 0.0291557
0 0.569802 0.31878 0.0199524 0.0354384
0 0.66591 0.132967 0.0191554 0.0387436
0 0.291337 0.341214 0.0204685 0.0440738
0 0.158956 0.368619 0.0214386 0.032689
0 0.595311 0.331209 0.0201015 0.0326913
0 0.819043 0.242377 0.0208485 0.0357053
0 0.0789348 0.374925 0.0214145 0.0329361
0 0.238067 0.394054 0.0265729 0.0441987
0 0.186803 0.380078 0.0219031 0.0386215
0 0.360849 0.323472 0.0195172 0.0313517
0 0.129403 0.425724 0.027376 0.0449674
0 0.760864 0.104347 0.0248005 0.0443516
0 0.886288 0.331983 0.0293573 0.0528238
0 0.844238 0.256526 0.0236019 0.0404539
