0 0.145989 0.150208 0.0257883 0.0546388
0 0.566542 0.262653 0.0379583 0.0901047
0 0.473076 0.0205862 0.0241525 0.0445456
0 0.264898 0.222294 0.0235454 0.0577892
0 0.948281 0.0319633 0.0232671 0.0467916
0 0.98936 0.194185 0.020717 0.0948151
0 0.462425 0.831916 0.061296 0.160113
0 0.653675 0.232537 0.0300714 0.0701154
0 0.377562 0.00999858 0.0199831 0.02544
0 0.193392 0.183219 0.0246014 0.0496827
0 0.113258 0.10391 0.0249436 0.0652461
0 0.348108 0.191024 0.0233427 0.0612419
0 0.554297 0.150101 0.0271947 0.070661
0 0.545512 0.0210759 0.0260081 0.0420859
0 0.409906 0.0171146 0.0199872 0.0349246
0 0.0502901 0.160451 0.0269098 0.0605288
0 0.75977 0.0372245 0.0241478 0.0567475
0 0.262544 0.130996 0.0241139 0.0595239
0 0.492573 0.101683 0.0276587 0.0590824
0 0.333344 0.0283122 0.0207919 0.045763
0 0.0191829 0.0206757 0.0237873 0.0440728
0 0.868848 0.214391 0.0374012 0.0809169
0 0.8456 0.134748 0.034577 0.0639944
0 0.569314 0.0756004 0.0256392 0.0632846
0 0.817396 0.0444857 0.0187362 0.0473306
0 0.281059 0.132071 0.0300065 0.0608258
0 0.898373 0.352574 0.0309995 0.105343
0 0.90221 0.638763 0.0295349 0.1148
0 0.681552 0.0562302 0.0267928 0.0677614
0 0.285357 0.393955 0.0319403 0.085965
0 0.990323 0.235374 0.0197916 0.0983171
0 0.569447 0.510941 0.0452681 0.0987369
0 0.973708 0.0633881 0.0249375 0.0653454
0 0.455766 0.161857 0.0307004 0.0745289
0 0.253269 0.372914 0.0408453 0.117639
0 0.575249 0.573605 0.0403527 0.114695
0 0.327188 0.133266 0.0270542 0.0595651
0 0.844554 0.467723 0.0401819 0.114168
0 0.287417 0.0317352 0.0288478 0.0578263
0 0.254454 0.294761 0.0387561 0.0869386
0 0.750326 0.176253 0.0317249 0.0746846
0 0.789835 0.261988 0.041559 0.0944076
0 0.698327 0.269489 0.0394683 0.0913176
0 0.869897 0.0576966 0.0258938 0.0675568
0 0.531672 0.194925 0.0338473 0.072364
0 0.174194 0.258861 0.0316055 0.083798
0 0.143478 0.340933 0.037173 0.0865659
0 0.741761 0.951808 0.0741516 0.0894072
0 0.757065 0.27759 0.0442283 0.103363
0 0.588132 0.275601 0.0385959 0.0921992
0 0.103127 0.569946 0.0501157 0.130646
0 0.585279 0.426987 0.0489315 0.126167
0 0.307797 0.209144 0.0348261 0.0897214
0 0.0831761 0.366344 0.0328647 0.10203
0 0.0936568 0.229085 0.0354023 0.0821652
0 0.0172084 0.318722 0.0340256 0.108653
0 0.70049 0.641038 0.0398198 0.11967
0 0.603177 0.135118 0.0373599 0.0854377
0 0.283056 0.716737 0.0445483 0.137851
0 0.416474 0.309132 0.0457728 0.103442
0 0.974446 0.415901 0.0453182 0.135002
0 0.468654 0.420897 0.0563524 0.139211
