0 0.206043 0.400287 0.0349746 0.0903665
0 0.747217 0.419189 0.0228872 0.0431616
0 0.640204 0.540933 0.0111543 0.0212796
0 0.441718 0.403143 0.0388257 0.0780105
0 0.199941 0.377836 0.0273537 0.0881846
0 0.792974 0.933595 0.0328844 0.0951356
0 0.254412 0.439049 0.0243237 0.0484487
0 0.732226 0.494413 0.0158246 0.0308677
0 0.945105 0.40679 0.0377488 0.0865507
0 0.477731 0.887988 0.0417143 0.106477
0 0.510164 0.396818 0.0378908 0.0617277
0 0.215951 0.425314 0.0332825 0.077558
0 0.459969 0.238337 0.0147506 0.0262497
0 0.376946 0.815402 0.0406244 0.0799292
0 0.681918 0.614953 0.0219122 0.0409721
0 0.841814 0.384213 0.0342531 0.0761722
0 0.255107 0.886992 0.0358671 0.0924406
0 0.109956 0.402276 0.0364897 0.0655907
0 0.770614 0.822138 0.0161093 0.0293224
0 0.862186 0.754324 0.0424089 0.0890006
0 0.0435431 0.273718 0.0369484 0.0520936
0 0.87107 0.471439 0.0443197 0.0605397
0 0.475207 0.726418 0.0404081 0.0705139
0 0.463346 0.423302 0.0336379 0.067253
0 0.00917989 0.200358 0.0185772 0.0671394
0 0.812162 0.273294 0.0351834 0.0673436
0 0.678174 0.804594 0.0433701 0.0945595
0 0.690125 0.41756 0.0361229 0.0637072
0 0.0781874 0.429734 0.0371355 0.0731103
0 0.154091 0.163175 0.034261 0.061493
0 0.182352 0.813373 0.0419982 0.0804206
0 0.664176 0.735198 0.0428978 0.0748046
0 0.104996 0.200312 0.0386146 0.0608573
0 0.513006 0.0765383 0.0328838 0.0624624
0 0.428862 0.381975 0.0399244 0.0778792
0 0.51018 0.45614 0.0397833 0.0791004
0 0.777971 0.393932 0.0429943 0.0693561
0 0.776826 0.223912 0.0420683 0.0795358
0 0.642038 0.0436991 0.0361232 0.0624692
0 0.0414233 0.440917 0.0424828 0.079355
0 0.764321 0.0296213 0.0333545 0.0592427
0 0.631422 0.413102 0.0414699 0.0741288
0 0.385939 0.407765 0.04124 0.0858846
0 0.581398 0.395012 0.0385994 0.0686272
