0 0.478255 0.426118 0.0200158 0.0355019
0 0.450857 0.438173 0.0148146 0.0282493
0 0.655357 0.434062 0.0267444 0.0450571
0 0.258529 0.416657 0.012333 0.0210404
0 0.727456 0.46365 0.0168899 0.0275441
0 0.0960964 0.441417 0.0152978 0.0316902
0 0.271492 0.426531 0.0156351 0.0279871
0 0.203864 0.427989 0.0179005 0.0334066
0 0.287009 0.435061 0.0164232 0.0266334
0 0.344077 0.422951 0.0204647 0.0373463
0 0.35594 0.391094 0.0214158 0.0438657
0 0.288801 0.464497 0.0177447 0.0301914
0 0.393111 0.412133 0.0235138 0.049118
0 0.252499 0.452706 0.021615 0.0354578
0 0.314519 0.431119 0.0190706 0.0339916
0 0.424566 0.45572 0.0291604 0.0471904
0 0.924021 0.437699 0.0309559 0.055933
0 0.589153 0.389603 0.0431927 0.0898953
0 0.971487 0.424886 0.0431381 0.078186
0 0.790895 0.417233 0.0609655 0.0946162
0 0.49559 0.382061 0.082311 0.14064
