0 0.995786 0.132113 0.00809574 0.0351191
0 0.0430996 0.139696 0.0111122 0.024128
0 0.843681 0.362367 0.0224384 0.0437398
0 0.260806 0.171874 0.0105603 0.0224345
0 0.71719 0.145008 0.0138294 0.0285993
0 0.0548211 0.190616 0.0203252 0.0608319
0 0.0204087 0.172009 0.0150253 0.0283816
0 0.298934 0.137576 0.0195607 0.0477418
0 0.562473 0.15129 0.0209565 0.0383161
0 0.862556 0.146224 0.0169007 0.0349141
0 0.832216 0.160946 0.0185268 0.0398214
0 0.215267 0.152238 0.0291728 0.0616499
0 0.915949 0.181566 0.0279137 0.0651893
0 0.952528 0.140177 0.0270723 0.053678
0 0.164631 0.149101 0.0265635 0.0596075
0 0.50994 0.206508 0.0354525 0.0723172
0 0.510778 0.446783 0.0333021 0.0699345
0 0.12248 0.386318 0.0282117 0.065507
0 0.713787 0.446366 0.0395036 0.0891439
0 0.194759 0.350025 0.0371553 0.0803804
0 0.354772 0.143975 0.0410801 0.0824983
