0 0.980576 0.262015 0.0314814 0.0547002
0 0.912815 0.145717 0.043807 0.0712716
0 0.5513 0.284465 0.0500401 0.0815167
0 0.848032 0.119867 0.0390671 0.0666775
0 0.752643 0.159842 0.0493772 0.0803388
0 0.625943 0.125267 0.0453423 0.0783021
0 0.522835 0.131762 0.0418053 0.0735549
0 0.399064 0.202003 0.0435905 0.0843896
0 0.982791 0.153404 0.035627 0.0792804
0 0.227839 0.209254 0.0535288 0.0908532
0 0.315981 0.0702038 0.0423743 0.0712009
0 0.0736926 0.903107 0.0726924 0.109278
0 0.354153 0.824828 0.0557318 0.0963768
0 0.243493 0.807499 0.0644635 0.0956898
0 0.429924 0.864268 0.0637014 0.110659
0 0.904653 0.867787 0.0692242 0.148443
0 0.708672 0.799836 0.0656778 0.124175
