0 0.0496205 0.411418 0.0283662 0.0376226
0 0.72319 0.409371 0.0359232 0.048381
0 0.797862 0.346375 0.104679 0.115878
0 0.27247 0.400701 0.0378627 0.0585231
0 0.91297 0.393912 0.0365759 0.0589955
0 0.560437 0.369365 0.0366507 0.0605028
0 0.53282 0.370281 0.0428126 0.061235
0 0.0939417 0.39646 0.0329145 0.0458599
0 0.381346 0.375632 0.0339168 0.045947
0 0.68721 0.4196 0.0434431 0.0550867
0 0.311008 0.397604 0.0344883 0.045348
0 0.212901 0.303746 0.0506392 0.0671363
0 0.441514 0.396868 0.0438492 0.0540249
