0 0.929963 0.312624 0.0119444 0.0406917
0 0.860513 0.179497 0.011537 0.0389531
0 0.825901 0.146532 0.0121876 0.0412169
0 0.785651 0.155762 0.0113739 0.0378206
0 0.914435 0.334875 0.0138443 0.047557
0 0.22176 0.577964 0.0116099 0.0438861
0 0.850052 0.121182 0.0116901 0.0357472
0 0.168183 0.273513 0.0115504 0.0361066
0 0.974013 0.273688 0.0122341 0.0373145
0 0.964113 0.228823 0.0119489 0.0384778
0 0.548911 0.109246 0.0123542 0.0374059
0 0.407844 0.110069 0.0119798 0.0378143
0 0.0267208 0.278858 0.0125557 0.0391027
0 0.771171 0.387124 0.0135252 0.0444563
0 0.690671 0.087493 0.0125365 0.038642
0 0.877464 0.279062 0.0115404 0.035455
0 0.274088 0.16031 0.0119569 0.0352722
0 0.552807 0.372052 0.0139986 0.0482435
0 0.103309 0.156408 0.0115876 0.0360579
0 0.461213 0.114459 0.0113851 0.0365373
0 0.916571 0.274555 0.0119483 0.0365526
0 0.259337 0.314863 0.0117884 0.0370604
0 0.152 0.169328 0.0111292 0.0341385
0 0.771683 0.108576 0.0118879 0.0371013
0 0.231174 0.148254 0.011862 0.0381267
0 0.303297 0.279731 0.0118771 0.0380547
0 0.731484 0.13365 0.0120628 0.0386982
0 0.749973 0.256422 0.0127275 0.0411083
0 0.683815 0.355453 0.0138033 0.0473143
0 0.437829 0.274854 0.0118493 0.0375312
0 0.705218 0.243785 0.0122924 0.0383765
0 0.620715 0.265149 0.0130809 0.0396487
0 0.210792 0.275272 0.0116778 0.0362376
0 0.319291 0.133332 0.0116918 0.0409271
0 0.0488244 0.137178 0.0121468 0.0386117
0 0.0826834 0.41282 0.013501 0.0423889
0 0.503573 0.107252 0.0117007 0.0364807
0 0.0343751 0.410035 0.0119566 0.0415802
0 0.072414 0.28697 0.0125436 0.0400507
0 0.836425 0.268589 0.0124288 0.0390112
0 0.394277 0.256819 0.0121366 0.0387904
0 0.117017 0.254173 0.0118489 0.0360751
0 0.942861 0.124558 0.0129256 0.0406519
0 0.644925 0.0796321 0.0130699 0.0415652
0 0.45697 0.422667 0.0130417 0.0439575
0 0.273264 0.438932 0.0124412 0.0389752
0 0.813665 0.0987604 0.011467 0.036288
0 0.362046 0.140621 0.0120987 0.0379426
0 0.17787 0.399671 0.0124914 0.0450201
0 0.794435 0.266127 0.0120012 0.0374084
0 0.898272 0.0986443 0.0125669 0.0380163
0 0.189365 0.132671 0.0116502 0.0358095
0 0.577988 0.269365 0.0130649 0.0400436
0 0.595075 0.120875 0.0116842 0.0365348
0 0.527545 0.280606 0.0125147 0.0381592
0 0.81316 0.36397 0.0130687 0.0450571
0 0.663836 0.270424 0.0123942 0.0408238
0 0.349795 0.279064 0.0121189 0.0382162
0 0.311241 0.587601 0.012292 0.0445646
0 0.371211 0.41569 0.0125315 0.0457084
0 0.964669 0.371418 0.0131933 0.0430061
0 0.323338 0.392935 0.0134823 0.049503
0 0.393415 0.560074 0.0124668 0.0450327
0 0.0511911 0.55814 0.0131543 0.0434787
0 0.48515 0.244699 0.0130937 0.0424805
0 0.415935 0.409416 0.0133267 0.0455925
0 0.531654 0.548431 0.0134664 0.0501593
0 0.86239 0.34248 0.0139633 0.0497301
0 0.506685 0.380374 0.0134053 0.0507286
0 0.227569 0.406328 0.0127977 0.0441734
0 0.728557 0.385308 0.013154 0.046984
0 0.132981 0.567386 0.0128924 0.047323
0 0.753302 0.538817 0.0140632 0.0505923
0 0.593587 0.527558 0.0130571 0.0491073
0 0.94567 0.515228 0.0150322 0.0547688
0 0.596335 0.396681 0.0136048 0.0506833
0 0.476261 0.581368 0.0134542 0.0476885
0 0.640567 0.369394 0.0134174 0.0496292
0 0.857767 0.546952 0.0136303 0.0486474
0 0.669402 0.544822 0.0130135 0.0480217
0 0.128399 0.42899 0.0128936 0.0459175
