0 0.725111 0.27471 0.00939882 0.0163926
0 0.263693 0.349421 0.0270125 0.0456249
0 0.766214 0.313953 0.0346671 0.0695316
0 0.877786 0.309721 0.0151157 0.0257754
0 0.404987 0.375081 0.0147203 0.0248399
0 0.0117391 0.395139 0.0166283 0.0310762
0 0.172163 0.396266 0.0274172 0.0403053
0 0.471066 0.391565 0.0570229 0.101605
0 0.241765 0.398231 0.0274595 0.0608364
0 0.204973 0.388884 0.034222 0.0554386
0 0.369416 0.370546 0.0198208 0.0337218
0 0.0141623 0.449783 0.0285903 0.0446484
0 0.737435 0.347563 0.0496922 0.0761679
0 0.969801 0.366969 0.0598108 0.105069
0 0.561103 0.343515 0.122849 0.182968
0 0.0853603 0.392073 0.0998032 0.151148
