0 0.221179 0.47317 0.00699754 0.0113075
0 0.686106 0.485176 0.0075525 0.0120581
0 0.0160451 0.586858 0.00884795 0.013379
0 0.116868 0.470872 0.00714314 0.0113017
0 0.638129 0.497769 0.00885677 0.0134416
0 0.985903 0.550475 0.00896966 0.0137619
0 0.0661159 0.478586 0.00835383 0.0140155
0 0.932166 0.491899 0.011459 0.0198228
0 0.72103 0.565386 0.00940788 0.0173994
0 0.180871 0.464429 0.0080917 0.0138271
0 0.096401 0.544711 0.00833876 0.0136487
0 0.0836356 0.471119 0.00872848 0.0141612
0 0.110831 0.519888 0.00773621 0.0129312
0 0.740316 0.490535 0.00886142 0.0157633
0 0.640909 0.538479 0.0208442 0.0459804
0 0.564207 0.615608 0.10071 0.209121
0 0.829863 0.577126 0.0641341 0.107693
