0 0.968621 0.267511 0.0173481 0.0388487
0 0.910638 0.184791 0.0113867 0.0193199
0 0.978063 0.282213 0.0193832 0.0410343
0 0.441928 0.14726 0.0103342 0.0195777
0 0.523154 0.147813 0.0107209 0.0197586
0 0.98048 0.205308 0.0112833 0.0193554
0 0.892709 0.202892 0.0135878 0.026247
0 0.486769 0.148736 0.0120482 0.0221276
0 0.953281 0.198679 0.012863 0.0224547
0 0.922561 0.207636 0.0131861 0.0243815
0 0.53624 0.232988 0.0144811 0.0302092
0 0.821294 0.272752 0.0236585 0.0446493
0 0.465538 0.217015 0.0218269 0.035505
0 0.330118 0.252269 0.0582977 0.158909
0 0.884533 0.284779 0.044459 0.0929725
0 0.681679 0.144546 0.0798919 0.159051
0 0.578561 0.251198 0.0562903 0.105492
