0 0.192852 0.168065 0.0070204 0.0129638
0 0.376834 0.164857 0.00743547 0.0128703
0 0.575323 0.0958223 0.0089137 0.0152374
0 0.583939 0.172981 0.00781637 0.0134201
0 0.132012 0.164364 0.0077503 0.0141738
0 0.60036 0.159783 0.00990826 0.0164217
0 0.928908 0.0770455 0.00783122 0.0127906
0 0.240418 0.179798 0.00855118 0.0150899
0 0.55254 0.168872 0.00746077 0.0130997
0 0.446162 0.16144 0.00759286 0.0132617
0 0.759101 0.0884926 0.00832474 0.0138644
0 0.847123 0.0862471 0.0080145 0.0154424
0 0.0965163 0.168259 0.00855765 0.0144088
0 0.525451 0.163429 0.00904596 0.0148293
0 0.779325 0.0798272 0.00922883 0.0152515
0 0.56868 0.161222 0.00873625 0.015713
0 0.180161 0.177844 0.0100237 0.0170925
0 0.0966192 0.235107 0.0132682 0.0198276
0 0.427878 0.166388 0.00859907 0.0149265
0 0.814602 0.100442 0.00762844 0.0132885
0 0.252454 0.175132 0.00868921 0.0157677
0 0.160865 0.212614 0.0121825 0.0289286
0 0.957924 0.239592 0.0126795 0.0231631
0 0.571846 0.248365 0.0142325 0.021748
0 0.351386 0.174085 0.0109546 0.017603
0 0.686131 0.158701 0.0106848 0.0174256
0 0.38859 0.146288 0.00794521 0.0182556
0 0.32424 0.155188 0.00989732 0.0175163
0 0.218188 0.172422 0.00958157 0.0164425
0 0.938495 0.0934958 0.00877512 0.0139429
0 0.839484 0.252275 0.015729 0.0332407
0 0.727829 0.0902287 0.00901502 0.0140011
0 0.505989 0.57629 0.0300092 0.055148
0 0.91259 0.0700728 0.00966871 0.015883
0 0.99485 0.241539 0.0104294 0.0292591
0 0.507784 0.165004 0.00966781 0.0156431
0 0.11518 0.185602 0.0106345 0.0174685
0 0.757846 0.244393 0.0135553 0.0220245
0 0.411345 0.1644 0.00921401 0.0166898
0 0.0182016 0.130588 0.0111728 0.0193533
0 0.0571833 0.184803 0.0104468 0.0175395
0 0.714244 0.230871 0.0151957 0.0249437
0 0.916725 0.156411 0.00978261 0.0175229
0 0.277315 0.222698 0.0122945 0.0241196
0 0.827813 0.155705 0.0106066 0.0178038
0 0.279085 0.165396 0.0103514 0.0172417
0 0.213366 0.224288 0.0143893 0.024703
0 0.309091 0.195648 0.0117938 0.0219821
0 0.967797 0.157562 0.0120323 0.0198419
0 0.79084 0.430029 0.029519 0.0277322
0 0.872691 0.170421 0.0114832 0.0189079
0 0.7719 0.156602 0.0108697 0.0178954
0 0.466692 0.16747 0.00922242 0.0174237
0 0.884463 0.0593994 0.010552 0.0179587
0 0.99118 0.0525939 0.0110603 0.0194396
0 0.0711218 0.219574 0.0134491 0.022353
0 0.968269 0.0682982 0.00977969 0.0182067
0 0.745393 0.16502 0.0106421 0.0191402
0 0.653758 0.464856 0.0269222 0.0398771
0 0.052372 0.39531 0.0223662 0.0374371
0 0.497584 0.221737 0.0157299 0.0272868
0 0.182554 0.468621 0.0321634 0.0639714
0 0.620646 0.223301 0.0151225 0.0237956
0 0.442692 0.190857 0.0130801 0.0221877
0 0.804815 0.220181 0.015733 0.0252315
0 0.323956 0.53208 0.0356594 0.0619482
0 0.368071 0.228356 0.0169928 0.032671
0 0.936858 0.229399 0.0159994 0.0272197
0 0.142347 0.338635 0.0240752 0.0425188
0 0.057938 0.609823 0.028484 0.0672415
0 0.517838 0.449483 0.0260178 0.0468355
0 0.766284 0.58481 0.0342743 0.0663336
0 0.836827 0.465456 0.0337425 0.0571632
0 0.109639 0.451847 0.0445913 0.10645
0 0.922633 0.406857 0.0651503 0.121261
