0 0.993553 0.494581 0.00810874 0.0134448
0 0.770218 0.477387 0.0082286 0.0137281
0 0.752442 0.49487 0.00824749 0.0130367
0 0.230839 0.557891 0.00992003 0.0216818
0 0.0628246 0.53718 0.00904279 0.0178636
0 0.887529 0.492185 0.00796223 0.0125989
0 0.281686 0.645118 0.0233403 0.0387041
0 0.697715 0.643363 0.018966 0.0427444
0 0.996551 0.532038 0.00695878 0.0239664
0 0.780182 0.602793 0.0179651 0.0384268
0 0.467454 0.608087 0.0161979 0.0370791
0 0.937781 0.622878 0.0179787 0.0377509
0 0.14012 0.519221 0.0114725 0.0217647
0 0.94279 0.779293 0.0253357 0.0629595
0 0.0171111 0.659913 0.0135167 0.0294401
0 0.543943 0.591118 0.0171299 0.0351187
0 0.720001 0.627141 0.0209107 0.0485637
0 0.162178 0.794181 0.0408581 0.0750693
0 0.287036 0.73008 0.0306466 0.063457
0 0.8512 0.931028 0.0243216 0.0495069
0 0.157142 0.582689 0.0155386 0.0324079
0 0.873612 0.607925 0.0219118 0.0395668
0 0.83557 0.662142 0.0222875 0.0465751
0 0.604824 0.638476 0.0239231 0.0489109
0 0.337054 0.608645 0.0238223 0.0460612
0 0.380548 0.632054 0.0345721 0.0629479
