0 0.212416 0.265113 0.0222987 0.0448098
0 0.751741 0.241402 0.0251682 0.0465784
0 0.173238 0.283782 0.02353 0.0450463
0 0.762083 0.248133 0.0183033 0.0408826
0 0.55702 0.21737 0.02553 0.0476008
0 0.843632 0.204641 0.016783 0.0476968
0 0.30253 0.278321 0.0228568 0.0464763
0 0.102536 0.284423 0.0237285 0.0425531
0 0.468269 0.219013 0.0303479 0.0586753
0 0.886468 0.223029 0.0254719 0.0476487
0 0.981134 0.212984 0.0265175 0.0498234
0 0.649767 0.203864 0.0306048 0.0585932
0 0.742938 0.237031 0.0289016 0.0486393
0 0.242902 0.247113 0.0267351 0.051626
0 0.188172 0.329809 0.0351496 0.0676241
0 0.0372018 0.252353 0.0310188 0.0571897
0 0.854917 0.380931 0.0349016 0.0653783
0 0.439864 0.15593 0.0340778 0.0683122
0 0.504792 0.212096 0.0344665 0.0660176
0 0.146015 0.253563 0.0306601 0.0556285
0 0.350152 0.242922 0.0287895 0.056745
0 0.930271 0.202172 0.030406 0.0531729
0 0.297491 0.461274 0.0383926 0.0730986
0 0.33602 0.349335 0.0363062 0.0657971
0 0.739964 0.315686 0.0386334 0.0685776
0 0.0619972 0.339039 0.0396674 0.0671641
0 0.106452 0.508731 0.0389026 0.0738937
0 0.582231 0.156126 0.0355583 0.0654942
0 0.808213 0.452892 0.0415902 0.076674
0 0.20227 0.456053 0.0378041 0.0766973
0 0.692142 0.459735 0.0406011 0.0781581
0 0.959169 0.328054 0.0369694 0.0711515
