0 0.0771759 0.241345 0.0112347 0.0209992
0 0.898124 0.274167 0.0265091 0.047092
0 0.300648 0.259483 0.0103758 0.0185978
0 0.356952 0.269381 0.012163 0.0210376
0 0.0313206 0.292735 0.00634838 0.0113112
0 0.660243 0.241684 0.0138944 0.029969
0 0.683548 0.232914 0.0228166 0.0410642
0 0.995453 0.190096 0.00942802 0.033386
0 0.611124 0.219652 0.0199375 0.0345677
0 0.540875 0.228136 0.0251953 0.0422175
0 0.597902 0.276367 0.0236041 0.0401756
0 0.930951 0.200909 0.0259938 0.0442188
0 0.131278 0.34551 0.0349068 0.0603155
0 0.708083 0.305659 0.0239289 0.0593174
0 0.836736 0.233448 0.0236368 0.0416279
0 0.207198 0.268416 0.0169163 0.0290056
0 0.258713 0.285472 0.0265337 0.0472792
0 0.739996 0.295206 0.0565791 0.127438
0 0.442097 0.215675 0.0496167 0.0952329
