0 0.898576 0.625185 0.0161982 0.031202
0 0.794048 0.532228 0.011331 0.0255918
0 0.305682 0.454143 0.0103197 0.0174743
0 0.496805 0.481871 0.0085848 0.0159269
0 0.337671 0.515167 0.0145197 0.0229714
0 0.728925 0.562781 0.0132985 0.0242785
0 0.00952489 0.764537 0.0180275 0.0373158
0 0.564354 0.488736 0.0112793 0.0185101
0 0.793039 0.456058 0.00853014 0.0170059
0 0.115108 0.745978 0.0180668 0.036012
0 0.459563 0.502336 0.0104839 0.0179849
0 0.844805 0.581478 0.0159348 0.0290106
0 0.639357 0.519259 0.0103237 0.0210112
0 0.392344 0.486826 0.0105058 0.0189019
0 0.610226 0.519403 0.0113001 0.0196901
0 0.72688 0.643243 0.0154939 0.0305212
0 0.634984 0.489327 0.00982696 0.0175707
0 0.5302 0.557535 0.011024 0.0213474
0 0.654047 0.662914 0.0164405 0.0286712
0 0.677959 0.489433 0.0111301 0.018948
0 0.762834 0.617518 0.013883 0.0265893
0 0.517101 0.63004 0.0159844 0.026129
0 0.860602 0.648531 0.0179537 0.0337808
