0 0.498939 0.241278 0.0348437 0.0539258
0 0.297744 0.17294 0.00645408 0.0102009
0 0.259593 0.177662 0.0232499 0.0346404
0 0.204283 0.168254 0.0352768 0.0528131
0 0.533261 0.197488 0.0166927 0.0249109
0 0.051657 0.162719 0.023925 0.0421183
0 0.721329 0.18154 0.0389813 0.0618129
0 0.0150535 0.16457 0.0189953 0.0296053
0 0.600284 0.169313 0.049027 0.0809911
0 0.873549 0.275688 0.0548944 0.0774383
0 0.341123 0.197305 0.052852 0.111066
0 0.947603 0.266372 0.0815222 0.102769
0 0.750404 0.222783 0.0625827 0.0975503
