0 0.99383 0.199509 0.00833511 0.0200801
0 0.71255 0.213612 0.00864887 0.0202662
0 0.812609 0.218509 0.00759929 0.0190913
0 0.551187 0.244664 0.0144088 0.0368193
0 0.850389 0.214888 0.00740623 0.0174864
0 0.928408 0.225144 0.00959456 0.0222344
0 0.317209 0.192659 0.00987241 0.0254016
0 0.784257 0.233376 0.00912333 0.0233383
0 0.995502 0.149727 0.00771904 0.0203938
0 0.978885 0.136006 0.00925869 0.0211635
0 0.869442 0.209834 0.00902325 0.0217091
0 0.621699 0.21324 0.00806677 0.0192702
0 0.478932 0.220214 0.0115544 0.0271556
0 0.830145 0.212847 0.00792086 0.0194288
0 0.667953 0.22534 0.0135506 0.0327477
0 0.992349 0.234026 0.0106732 0.0235631
0 0.572956 0.203216 0.00979406 0.0226228
0 0.717643 0.252803 0.0126662 0.0319936
0 0.017894 0.317061 0.0186104 0.0632284
0 0.425768 0.327124 0.0166126 0.0443113
0 0.676333 0.294084 0.0147258 0.0346492
0 0.203616 0.46629 0.0185199 0.0578638
0 0.864605 0.247207 0.0116785 0.0274435
0 0.962676 0.271457 0.0124559 0.0289639
0 0.966399 0.218536 0.0103401 0.0258802
0 0.885562 0.266182 0.0129187 0.0312623
0 0.468452 0.192427 0.0089981 0.0215145
0 0.657464 0.195598 0.0115969 0.0265138
0 0.820853 0.262157 0.0151592 0.0359489
0 0.0530203 0.224419 0.0142454 0.0431496
0 0.712264 0.334079 0.0173047 0.0504398
0 0.750277 0.256438 0.0183628 0.0428916
0 0.593601 0.222513 0.0129493 0.0318683
0 0.408353 0.240409 0.010947 0.0307995
0 0.435769 0.255313 0.0136601 0.0312908
0 0.24834 0.253071 0.0164011 0.039817
0 0.165614 0.429384 0.0247144 0.0698967
0 0.481201 0.252623 0.013938 0.0332374
0 0.61576 0.281386 0.0131019 0.0391043
0 0.223279 0.23515 0.0128177 0.0297699
0 0.364448 0.359401 0.0217105 0.062755
0 0.852975 0.313452 0.0237087 0.0605172
0 0.309862 0.318036 0.026682 0.0676834
0 0.613625 0.39741 0.0264908 0.0741049
0 0.526618 0.318114 0.0243024 0.06352
