0 0.433505 0.498487 0.0249163 0.0441299
0 0.787602 0.406779 0.0216524 0.0383177
0 0.727444 0.381545 0.0174948 0.0309727
0 0.761045 0.154551 0.0117317 0.0220482
0 0.863065 0.172948 0.0127037 0.0209486
0 0.743523 0.288638 0.0225493 0.0352284
0 0.542539 0.130355 0.00885218 0.016214
0 0.929173 0.3415 0.0195332 0.0341478
0 0.156017 0.263805 0.0192134 0.0327533
0 0.418855 0.284853 0.0165913 0.0300952
0 0.79619 0.681515 0.0347587 0.0641206
0 0.728318 0.245034 0.0155934 0.025167
0 0.380307 0.238792 0.0158039 0.0288304
0 0.308481 0.373898 0.0212617 0.0406686
0 0.365737 0.290685 0.014859 0.0299872
0 0.780539 0.202661 0.0139308 0.0242888
0 0.990249 0.0395809 0.0144623 0.0243098
0 0.993016 0.766859 0.0143011 0.081513
0 0.805478 0.22074 0.0152783 0.0264456
0 0.058883 0.197902 0.0130126 0.0223051
0 0.00913847 0.162357 0.0110925 0.0215214
0 0.323403 0.230917 0.0162083 0.0298197
0 0.397945 0.311071 0.0179992 0.0323342
0 0.133668 0.550076 0.027493 0.0534115
0 0.368878 0.262245 0.014752 0.0287855
0 0.977296 0.349304 0.0216471 0.0396346
0 0.326862 0.740339 0.0462614 0.0882126
0 0.595114 0.799092 0.0387314 0.0529037
0 0.765001 0.538405 0.0277562 0.0596984
0 0.216677 0.301537 0.0182396 0.0342283
0 0.935685 0.0979175 0.0127901 0.0216177
0 0.050603 0.146734 0.0125505 0.0214758
0 0.384958 0.893165 0.0428178 0.0860545
0 0.831509 0.39394 0.0241168 0.0376668
0 0.855093 0.200091 0.0146812 0.0246143
0 0.515908 0.913533 0.0316083 0.08028
0 0.532683 0.147833 0.0129008 0.0223385
0 0.201851 0.271663 0.0194093 0.0368542
0 0.194478 0.413396 0.0232467 0.0419192
0 0.346279 0.319147 0.0190029 0.0380939
0 0.193192 0.451329 0.0222191 0.0466882
0 0.935444 0.207004 0.0167686 0.028044
0 0.970104 0.192906 0.0148739 0.025416
0 0.592542 0.456896 0.0292924 0.0549264
0 0.824908 0.3292 0.0200834 0.0374459
0 0.302523 0.307268 0.0182028 0.0360284
0 0.802596 0.347779 0.0215988 0.0379055
0 0.879614 0.55774 0.0335644 0.0595306
0 0.911006 0.710607 0.042189 0.0691555
0 0.81676 0.670438 0.0316105 0.0716057
0 0.850656 0.608576 0.0404907 0.0619381
0 0.468608 0.702791 0.039427 0.0725219
0 0.889664 0.360263 0.0207394 0.036716
0 0.200726 0.352338 0.0241641 0.0456241
0 0.12153 0.730476 0.0331939 0.0657448
0 0.690434 0.649766 0.038483 0.055768
0 0.319932 0.284584 0.0192802 0.0334198
0 0.631427 0.647247 0.0359487 0.0664039
0 0.943823 0.372188 0.0269459 0.0448529
0 0.0302835 0.971524 0.0563458 0.0505956
0 0.496642 0.576917 0.0333461 0.0626058
0 0.971032 0.665391 0.0392189 0.0681584
0 0.568389 0.719544 0.0374926 0.0719942
0 0.982008 0.589819 0.035832 0.0620651
0 0.55653 0.53044 0.0310205 0.0530491
0 0.96909 0.414581 0.0264242 0.0404941
0 0.672329 0.814878 0.0399341 0.0713777
0 0.586975 0.576954 0.0352983 0.0603361
0 0.415945 0.564823 0.0349332 0.0643114
0 0.660904 0.726438 0.0420263 0.0696543
0 0.224455 0.869533 0.0555605 0.11091
