0 0.767282 0.90461 0.0209136 0.0378879
0 0.343886 0.860932 0.015139 0.0329257
0 0.306891 0.801179 0.0128273 0.0284853
0 0.371655 0.87012 0.0140789 0.0358204
0 0.213342 0.783905 0.0121964 0.0263431
0 0.0127401 0.7432 0.0130487 0.026102
0 0.777722 0.762594 0.0138587 0.0272139
0 0.596861 0.907794 0.0169675 0.0427813
0 0.382836 0.973688 0.0165742 0.0410407
0 0.718471 0.912253 0.0181955 0.0362013
0 0.248909 0.858784 0.0170939 0.031405
0 0.758872 0.870985 0.0195844 0.0407952
0 0.061369 0.72809 0.0169801 0.030708
0 0.9141 0.903369 0.0197973 0.0360798
0 0.730375 0.869578 0.018573 0.0331935
0 0.572145 0.910496 0.0214348 0.0475623
0 0.0339607 0.765617 0.0162235 0.033249
0 0.334233 0.813071 0.0201806 0.0380187
