0 0.826478 0.875604 0.0242094 0.0610259
0 0.205808 0.476643 0.0111608 0.0171977
0 0.99076 0.780881 0.0192938 0.0388874
0 0.223195 0.806728 0.0392164 0.069156
0 0.264434 0.449409 0.0144437 0.0227076
0 0.672063 0.727628 0.0174931 0.0362445
0 0.737426 0.826147 0.0306638 0.0655382
0 0.601306 0.848391 0.0347419 0.066614
0 0.783766 0.832993 0.0246984 0.0318468
0 0.958229 0.936694 0.0529213 0.116034
0 0.922205 0.737669 0.0207796 0.0304875
0 0.853156 0.745735 0.0221012 0.0341335
0 0.743938 0.728511 0.0205185 0.0334807
0 0.508834 0.774126 0.0237062 0.0399675
0 0.866282 0.785271 0.0237047 0.0378417
0 0.69708 0.851245 0.0902951 0.142943
0 0.435198 0.830184 0.0384848 0.0659519
0 0.127685 0.909045 0.177707 0.178877
0 0.4753 0.95401 0.0560315 0.0895727
0 0.325804 0.910341 0.135772 0.176164
