0 0.127984 0.321074 0.0178981 0.0215201
0 0.368424 0.2452 0.0126471 0.0128859
0 0.35233 0.24803 0.0133077 0.0137465
0 0.383626 0.239677 0.0122423 0.0126255
0 0.881477 0.459085 0.0149562 0.0160465
0 0.899672 0.454108 0.0152178 0.0152693
0 0.900499 0.353927 0.0214249 0.0219415
0 0.909906 0.398288 0.0399576 0.0381195
0 0.0220099 0.319703 0.0337374 0.0314884
0 0.607697 0.331362 0.0180691 0.0217656
0 0.969004 0.375675 0.0265427 0.0330333
0 0.917997 0.446278 0.0157257 0.0162044
0 0.870348 0.378028 0.0301474 0.027235
0 0.636194 0.340058 0.0246136 0.0265829
0 0.673952 0.371937 0.0504969 0.0850823
0 0.431325 0.414297 0.0590492 0.0596325
0 0.153872 0.526114 0.143353 0.153714
