0 0.267276 0.410831 0.00711417 0.0147394
0 0.277848 0.421486 0.00667548 0.013633
0 0.590805 0.392449 0.00796103 0.0147212
0 0.154091 0.423691 0.00686331 0.0137806
0 0.874083 0.378231 0.00842416 0.0150319
0 0.747121 0.434638 0.00766319 0.0151881
0 0.7119 0.451212 0.00766623 0.0159366
0 0.746496 0.376969 0.00709414 0.0137415
0 0.686306 0.426407 0.00741339 0.0149841
0 0.79323 0.371726 0.00739926 0.0144703
0 0.388361 0.38101 0.00838551 0.0172257
0 0.226441 0.41248 0.00779501 0.0164127
0 0.785805 0.443877 0.00871503 0.0172748
0 0.849278 0.445134 0.0117779 0.0227264
0 0.713498 0.424615 0.0075537 0.0152522
0 0.106557 0.456839 0.00854084 0.018232
0 0.355891 0.373774 0.00948247 0.0188908
0 0.57511 0.380318 0.00799102 0.0161887
0 0.589636 0.429194 0.00834703 0.0150851
0 0.0793506 0.437313 0.00942469 0.0179965
0 0.425034 0.382723 0.00854644 0.0177724
0 0.893028 0.423225 0.0104034 0.0206154
0 0.613603 0.381653 0.0085327 0.0168492
0 0.649303 0.381625 0.00817555 0.0164254
0 0.665177 0.450831 0.00790662 0.0165851
0 0.154544 0.448164 0.0087288 0.0182852
0 0.462685 0.377638 0.00895488 0.0193144
0 0.498872 0.380444 0.00906867 0.0185797
0 0.533849 0.385113 0.00913918 0.0189503
