0 0.933925 0.126987 0.0137359 0.0254804
0 0.712007 0.140482 0.0136275 0.02873
0 0.501715 0.021832 0.0109676 0.0240988
0 0.679167 0.623276 0.0491708 0.11339
0 0.904692 0.0610732 0.0113869 0.0296454
0 0.703464 0.301148 0.0214018 0.0377167
0 0.992032 0.161156 0.0144037 0.0387738
0 0.600114 0.285921 0.020804 0.0430902
0 0.0858202 0.140508 0.0171685 0.0343208
0 0.969774 0.1259 0.0137993 0.0277187
0 0.0882236 0.656379 0.0440465 0.0866308
0 0.644774 0.0491968 0.0123643 0.0243771
0 0.724796 0.12022 0.0130407 0.0286881
0 0.0994741 0.204025 0.0172096 0.0319288
0 0.647255 0.200767 0.0152801 0.0361139
0 0.541758 0.0287807 0.0125166 0.0249472
0 0.109825 0.00994739 0.0131169 0.0253239
0 0.123387 0.286752 0.0244748 0.0498733
0 0.690219 0.167623 0.0140193 0.0279352
0 0.602285 0.0901757 0.0129663 0.0297576
0 0.809446 0.382924 0.0296525 0.0581138
0 0.0612392 0.522312 0.0421811 0.0822306
0 0.607354 0.381008 0.0249721 0.0568619
0 0.966279 0.619205 0.0378621 0.0741212
0 0.181265 0.823622 0.0498594 0.0882621
0 0.769549 0.330279 0.0316874 0.0634941
0 0.206781 0.649721 0.0419833 0.0861597
0 0.148898 0.552496 0.0379373 0.0801027
0 0.901344 0.237732 0.0294941 0.0636018
0 0.710937 0.379121 0.0322064 0.0695895
0 0.910709 0.458967 0.035018 0.0761162
