0 0.866332 0.505708 0.0166729 0.033584
0 0.766477 0.449831 0.0125816 0.0246382
0 0.720771 0.364024 0.00795776 0.015764
0 0.0584525 0.330747 0.00844092 0.0158951
0 0.459348 0.364075 0.0094488 0.0174273
0 0.70727 0.36415 0.00859326 0.0170604
0 0.211857 0.331644 0.0077838 0.0159179
0 0.344195 0.309528 0.00707543 0.0143136
0 0.696705 0.41068 0.0118038 0.021067
0 0.396 0.36677 0.0106925 0.0222173
0 0.202264 0.346517 0.00961943 0.0190547
0 0.946288 0.502897 0.0167704 0.0370244
0 0.50945 0.427828 0.0156243 0.0323235
0 0.434355 0.356555 0.0108884 0.0204293
0 0.311397 0.415585 0.0146875 0.02813
0 0.421086 0.416448 0.014075 0.0278175
0 0.108891 0.369153 0.0109787 0.0208892
0 0.306811 0.349506 0.0106947 0.0212444
0 0.988278 0.51778 0.0212467 0.0420025
0 0.425798 0.460797 0.017808 0.0351611
0 0.618563 0.418304 0.0148364 0.0307885
0 0.200322 0.384024 0.013777 0.0295945
0 0.0323769 0.384891 0.015169 0.0315149
0 0.260426 0.420977 0.0150288 0.0296421
0 0.0546424 0.373639 0.0145332 0.0307642
0 0.574996 0.515207 0.0234736 0.0484366
0 0.22444 0.57903 0.0257638 0.0498538
0 0.921389 0.515469 0.0200951 0.0425853
0 0.782423 0.58914 0.0199269 0.0372644
0 0.130734 0.412323 0.0157817 0.0323653
0 0.497029 0.510185 0.0236209 0.0495116
0 0.673078 0.535735 0.021989 0.0483155
0 0.739662 0.555231 0.0218859 0.0461014
0 0.845229 0.538254 0.0206226 0.0418486
0 0.333874 0.500397 0.0276662 0.0557377
0 0.0682115 0.541943 0.0262757 0.0514227
0 0.15271 0.563115 0.028082 0.056234
0 0.431373 0.517177 0.0248587 0.0499989
