0 0.496675 0.258835 0.00650358 0.0116618
0 0.870701 0.4464 0.0212849 0.0436165
0 0.229966 0.274447 0.014514 0.0255442
0 0.632164 0.244557 0.00737518 0.0128392
0 0.588817 0.284173 0.0159842 0.0293573
0 0.131953 0.272582 0.0220508 0.0574174
0 0.824213 0.263834 0.00884169 0.0159284
0 0.55191 0.263675 0.0104482 0.0196885
0 0.871087 0.296369 0.0133032 0.0292803
0 0.0552687 0.268333 0.0219199 0.0384725
0 0.527515 0.258333 0.0101816 0.017163
0 0.205219 0.255256 0.0124016 0.021371
0 0.853095 0.284751 0.0133898 0.0244324
0 0.965889 0.280909 0.0203165 0.0296922
0 0.166841 0.28665 0.0274775 0.0472037
0 0.709052 0.272501 0.0209664 0.0395065
0 0.370723 0.282081 0.0230277 0.0415577
0 0.928655 0.272531 0.0192599 0.0338632
0 0.273694 0.307199 0.0264147 0.0474167
0 0.215764 0.294142 0.0224316 0.0362298
0 0.614839 0.300255 0.0274609 0.0445372
0 0.409732 0.279477 0.030623 0.0526906
