0 0.0971598 0.34513 0.0103734 0.0185544
0 0.422631 0.344306 0.00956041 0.0175201
0 0.456122 0.359998 0.0135828 0.0248119
0 0.568184 0.338945 0.0187082 0.0315505
0 0.714108 0.363362 0.0137962 0.027663
0 0.208447 0.380628 0.0174779 0.0309241
0 0.151022 0.331406 0.0106871 0.0210222
0 0.0892478 0.321884 0.00788951 0.014569
0 0.0122532 0.326742 0.0119305 0.0189847
0 0.0561203 0.316136 0.00942832 0.0165131
0 0.0741327 0.351848 0.00957709 0.0164302
0 0.964319 0.398718 0.0177067 0.0360814
0 0.55833 0.36605 0.0171308 0.0298975
0 0.606816 0.370374 0.0214437 0.0370708
0 0.873342 0.378125 0.0201302 0.0464044
0 0.0401488 0.379125 0.0126382 0.0248354
0 0.176794 0.366249 0.0151153 0.0269755
0 0.300772 0.356021 0.0136496 0.0257764
0 0.373482 0.343521 0.0167426 0.0316124
0 0.515382 0.339207 0.0180235 0.0305835
0 0.637461 0.354674 0.0181642 0.0352618
0 0.73344 0.345136 0.0281748 0.0533796
