0 0.748667 0.943928 0.0305118 0.0148641
0 0.719317 0.56561 0.0300854 0.0177097
0 0.313545 0.926056 0.0320186 0.0143299
0 0.593274 0.933398 0.026665 0.0159199
0 0.722389 0.968385 0.0511501 0.03137
0 0.219162 0.91798 0.0349505 0.0226394
0 0.8598 0.925051 0.05337 0.0279704
0 0.960778 0.0589985 0.0388504 0.0209214
0 0.796742 0.562087 0.0706069 0.0391329
0 0.532074 0.159184 0.0635959 0.0330506
0 0.0788082 0.952245 0.0404013 0.0237274
0 0.389605 0.957959 0.0841389 0.0380216
0 0.601538 0.162517 0.0624332 0.0311773
0 0.209329 0.977863 0.0868073 0.0425331
0 0.605361 0.0516421 0.0677616 0.033356
