0 0.779544 0.770288 0.0305791 0.0512856
0 0.719833 0.688058 0.0245857 0.0469299
0 0.717909 0.789085 0.0319583 0.0489673
0 0.337193 0.730665 0.0294954 0.0534364
0 0.635084 0.777928 0.0343236 0.0558316
0 0.412522 0.779374 0.0270325 0.0432841
0 0.246953 0.783011 0.0286293 0.0501196
0 0.156009 0.44916 0.0637119 0.0863207
0 0.182352 0.80684 0.0411896 0.0560299
0 0.222154 0.784027 0.0285698 0.0501094
0 0.468969 0.76532 0.031684 0.0458543
0 0.993023 0.803598 0.0137995 0.0517956
0 0.502409 0.745441 0.0323076 0.0709141
