0 0.513382 0.404827 0.021957 0.0401257
0 0.423376 0.598244 0.0204099 0.037621
0 0.861134 0.53641 0.0208594 0.0389013
0 0.439318 0.385618 0.0259012 0.0499278
0 0.797769 0.465291 0.0240312 0.045083
0 0.22709 0.369277 0.0302975 0.0517599
0 0.397098 0.405407 0.0255492 0.047681
0 0.350265 0.387357 0.0235987 0.0490811
0 0.162148 0.360413 0.0318353 0.057965
0 0.452396 0.4488 0.0245221 0.0444427
0 0.809951 0.37056 0.0251271 0.0486887
0 0.854509 0.334492 0.0281187 0.0520524
0 0.702526 0.374288 0.0347671 0.0614737
0 0.635218 0.335181 0.036425 0.0670016
