0 0.763753 0.660374 0.0212978 0.0224208
0 0.483679 0.791419 0.0247167 0.0195992
0 0.831794 0.849888 0.0257302 0.0205952
0 0.493573 0.722361 0.0204721 0.0204144
0 0.565701 0.219522 0.037596 0.0337237
0 0.445764 0.634281 0.0260492 0.0223354
0 0.314412 0.195915 0.0360081 0.0321263
0 0.186976 0.802321 0.0237472 0.0203957
0 0.32385 0.149942 0.025635 0.0238088
0 0.460758 0.172024 0.025848 0.0292238
0 0.269123 0.646747 0.0259672 0.0239161
0 0.826936 0.789872 0.0272012 0.0255262
0 0.739677 0.783121 0.0249243 0.0256298
0 0.631255 0.2254 0.0372368 0.034853
0 0.87893 0.222548 0.0413254 0.038771
0 0.353684 0.792534 0.0274177 0.0262716
0 0.898432 0.662072 0.0273163 0.0241811
0 0.306948 0.225865 0.040883 0.0365608
0 0.616706 0.278607 0.038436 0.0332844
0 0.602435 0.670979 0.0268719 0.0233887
0 0.485959 0.17037 0.0354051 0.0340817
0 0.502395 0.644784 0.0266301 0.0263726
0 0.729651 0.670886 0.0246658 0.0250315
0 0.431074 0.673711 0.0276157 0.0258878
0 0.288673 0.154733 0.0284537 0.0289821
0 0.335717 0.121983 0.0319997 0.0285678
0 0.420419 0.385739 0.0383574 0.0371046
0 0.785231 0.662196 0.0259693 0.0254708
0 0.63908 0.65131 0.0257396 0.0249844
0 0.592692 0.1881 0.0319672 0.0293998
0 0.68269 0.666193 0.0279669 0.027236
0 0.408294 0.274831 0.0369466 0.0357574
0 0.859293 0.668874 0.0236422 0.0229348
0 0.644046 0.784936 0.0279497 0.0259253
0 0.880843 0.72661 0.0262353 0.0248612
0 0.568888 0.643594 0.0255322 0.0252381
0 0.264225 0.799756 0.0256919 0.0246459
0 0.152832 0.65011 0.0271843 0.0264613
0 0.843468 0.222666 0.0351077 0.035212
0 0.323727 0.666084 0.0272363 0.0257122
0 0.688437 0.633012 0.0267539 0.0244287
0 0.708533 0.176427 0.0339543 0.029845
0 0.356986 0.196687 0.0335889 0.0336579
0 0.749042 0.388536 0.0367858 0.0330787
0 0.685785 0.124782 0.0325542 0.0313539
0 0.19701 0.691319 0.0251887 0.0247618
0 0.179887 0.647691 0.0259829 0.0252223
0 0.631116 0.181392 0.03065 0.0296967
0 0.392968 0.649895 0.0258202 0.0252038
0 0.545848 0.786894 0.0262374 0.0272686
0 0.540887 0.637505 0.0259883 0.0257355
0 0.242845 0.279276 0.0388457 0.0391584
0 0.263746 0.683423 0.0261943 0.0260866
0 0.389022 0.175952 0.0319197 0.0316646
0 0.516663 0.219499 0.0384502 0.0345296
0 0.817939 0.387985 0.0360572 0.0318179
0 0.432141 0.221585 0.0378371 0.0386368
0 0.68077 0.206044 0.0347815 0.0330267
0 0.557447 0.132918 0.0328422 0.0308747
0 0.79359 0.185917 0.0360163 0.0332338
0 0.712443 0.236537 0.0366331 0.0358784
0 0.771214 0.248465 0.0398234 0.0386406
0 0.252042 0.188162 0.0362544 0.033861
0 0.198299 0.23201 0.0378522 0.0384658
0 0.875731 0.385422 0.0389131 0.0362524
0 0.130534 0.253642 0.0415982 0.0397283
