0 0.0803983 0.100145 0.0239159 0.0377907
0 0.26288 0.575678 0.0337294 0.0618105
0 0.633223 0.535056 0.0280374 0.0532789
0 0.137114 0.584046 0.03407 0.0593418
0 0.473493 0.559679 0.0275511 0.0513167
0 0.766099 0.531917 0.0357218 0.056813
0 0.273436 0.448417 0.035146 0.0659466
0 0.740745 0.481148 0.0352201 0.0746142
0 0.229205 0.536355 0.0322302 0.0556283
0 0.892604 0.536835 0.036195 0.0658558
0 0.826949 0.521352 0.0388321 0.0579351
0 0.366197 0.543777 0.0291902 0.0518027
0 0.699412 0.442157 0.0386655 0.0708629
0 0.459896 0.448491 0.0340089 0.0720244
0 0.361419 0.386861 0.0384655 0.0674713
0 0.102852 0.546086 0.0361658 0.0612253
0 0.596717 0.437502 0.0369264 0.0624958
0 0.557662 0.483914 0.0381053 0.0671181
0 0.793471 0.439886 0.0387928 0.0660313
