0 0.501467 0.104787 0.0347025 0.0674199
0 0.432973 0.376531 0.0400597 0.0721237
0 0.265006 0.145137 0.0390687 0.0705339
0 0.849921 0.157079 0.0361425 0.0657095
0 0.440747 0.132442 0.0355108 0.0636789
0 0.359149 0.137269 0.0354254 0.0668958
0 0.758918 0.122643 0.0352702 0.0652349
0 0.156702 0.172282 0.0400493 0.0761756
0 0.213113 0.426416 0.0440234 0.0815988
0 0.0291923 0.122505 0.0468151 0.0856326
0 0.10282 0.45571 0.0505075 0.0900479
0 0.32747 0.409145 0.0456192 0.0825303
0 0.908753 0.415017 0.0463682 0.0816896
0 0.777047 0.342983 0.0486774 0.0895456
0 0.60808 0.0738345 0.0370062 0.0701891
0 0.943017 0.125131 0.0413805 0.0759551
