0 0.843161 0.302891 0.0135103 0.0516263
0 0.237235 0.29357 0.013539 0.0394367
0 0.89489 0.325985 0.0117183 0.048448
0 0.193186 0.328796 0.0147149 0.0490852
0 0.763155 0.316999 0.0134574 0.0518235
0 0.261674 0.255376 0.0138009 0.040279
0 0.279112 0.288343 0.0161198 0.0440487
0 0.202826 0.308093 0.013858 0.0410979
0 0.794321 0.208612 0.0149789 0.0450477
0 0.54862 0.239865 0.0148792 0.0437308
0 0.388889 0.27318 0.0138873 0.0379779
0 0.42765 0.290822 0.0126973 0.03972
0 0.301585 0.231155 0.0136018 0.0460875
0 0.461538 0.257646 0.0154906 0.0468482
0 0.346533 0.254825 0.013001 0.0434764
0 0.703246 0.217367 0.0144737 0.0386887
0 0.826384 0.213894 0.0125178 0.0545297
0 0.504475 0.264864 0.0154229 0.0425471
0 0.615155 0.270103 0.0144334 0.0451153
0 0.654993 0.29461 0.0149456 0.0437512
0 0.934072 0.175427 0.0167859 0.0530646
0 0.722546 0.271632 0.0159323 0.0458109
0 0.874588 0.248015 0.0185621 0.0550976
