0 0.751109 0.435297 0.0220883 0.0303508
0 0.393863 0.697424 0.0221369 0.0355148
0 0.742253 0.382941 0.0306798 0.0508885
0 0.58962 0.352619 0.025394 0.0382126
0 0.377808 0.321949 0.0309001 0.0520709
0 0.455474 0.334764 0.0240967 0.0408125
0 0.527223 0.313664 0.0286873 0.0485017
0 0.648903 0.351101 0.0279267 0.0458252
0 0.360047 0.404569 0.029389 0.0489765
0 0.811215 0.398251 0.0290743 0.0481059
0 0.286643 0.389982 0.0311957 0.0522659
0 0.24071 0.37298 0.0317426 0.0523032
0 0.682656 0.342177 0.0290954 0.0494115
