0 0.96961 0.31418 0.0310503 0.0517215
0 0.639214 0.784123 0.0293095 0.0406235
0 0.345676 0.759848 0.0368646 0.0549229
0 0.967766 0.348185 0.0332773 0.0598482
0 0.554542 0.441525 0.0267059 0.0411235
0 0.337126 0.34668 0.0302273 0.0475082
0 0.0461467 0.334797 0.0367787 0.0601162
0 0.202261 0.361089 0.0352847 0.0602259
0 0.742522 0.759385 0.0313237 0.0500435
0 0.752976 0.359989 0.0293317 0.0487273
0 0.776592 0.307782 0.0314085 0.0515194
0 0.461963 0.35773 0.0292916 0.0510681
0 0.388395 0.462695 0.0287606 0.0502824
0 0.578529 0.677093 0.0310602 0.0542417
0 0.89039 0.332682 0.0353729 0.065234
0 0.263357 0.341395 0.0343899 0.0623297
0 0.57388 0.340098 0.0302738 0.0462345
0 0.466129 0.704212 0.0329201 0.0515982
0 0.655101 0.312213 0.0321272 0.0551568
0 0.32387 0.383897 0.0286994 0.0498309
0 0.705759 0.299087 0.0323146 0.0567984
0 0.399903 0.341977 0.0297791 0.0520375
0 0.502684 0.322717 0.033404 0.0565371
0 0.573798 0.482656 0.0280374 0.0455409
0 0.156387 0.763836 0.0402471 0.0620629
0 0.810024 0.325977 0.0318066 0.0567005
0 0.0653561 0.397297 0.0353503 0.0617918
0 0.0171606 0.750492 0.0343211 0.0620212
0 0.144146 0.338454 0.0353393 0.0600865
0 0.291494 0.734188 0.041541 0.0709611
