0 0.0284012 0.332541 0.0274175 0.0669484
0 0.147907 0.742332 0.0556492 0.0755078
0 0.736269 0.294348 0.0385316 0.0631239
0 0.452116 0.282703 0.0399888 0.0751447
0 0.200102 0.118473 0.0437449 0.0672531
0 0.829494 0.371546 0.0447359 0.0687824
0 0.380754 0.50624 0.0477811 0.0887685
0 0.925777 0.241247 0.0496982 0.0905836
0 0.709459 0.0737265 0.038023 0.067576
0 0.237777 0.453559 0.0491491 0.0879351
0 0.641921 0.451995 0.0502669 0.084592
0 0.963847 0.595963 0.0620105 0.098086
0 0.801447 0.680775 0.0533209 0.0987725
0 0.667302 0.273589 0.0456566 0.079117
0 0.108967 0.497302 0.0505615 0.0896018
0 0.33686 0.225781 0.0496565 0.0933853
0 0.222727 0.772211 0.0712392 0.120097
0 0.80579 0.490519 0.0514971 0.0937533
0 0.498198 0.288381 0.0514179 0.0932527
0 0.269723 0.530292 0.0565241 0.107715
0 0.51676 0.527864 0.0595082 0.129535
0 0.667485 0.52852 0.0637242 0.122456
0 0.364086 0.639529 0.0687069 0.141485
