0 0.992416 0.365769 0.0144903 0.0567302
0 0.224353 0.331145 0.0484077 0.0825872
0 0.360401 0.571831 0.0409721 0.0675515
0 0.261023 0.238274 0.049206 0.0909034
0 0.777774 0.63259 0.0353511 0.0555504
0 0.368648 0.628807 0.0445735 0.0659237
0 0.745647 0.669861 0.0452371 0.0753459
0 0.25265 0.589245 0.0386837 0.0641941
0 0.675456 0.639311 0.036207 0.0689525
0 0.630779 0.619633 0.041852 0.0773764
0 0.427342 0.49958 0.0473717 0.0827825
0 0.733481 0.509541 0.0444874 0.0747693
0 0.931375 0.656463 0.0435503 0.0696251
0 0.613963 0.405739 0.048475 0.0984646
0 0.705515 0.319291 0.0493167 0.079394
0 0.14878 0.653339 0.0512178 0.0872646
0 0.197691 0.661793 0.0430409 0.0789967
0 0.511144 0.606824 0.0380949 0.0702702
0 0.14128 0.555394 0.0468256 0.080806
0 0.286609 0.541435 0.0458831 0.0778229
0 0.443245 0.631553 0.0437868 0.0818822
