0 0.425609 0.279983 0.021147 0.0427384
0 0.545813 0.160725 0.0234178 0.0476061
0 0.679579 0.64407 0.0244197 0.0553994
0 0.420699 0.714175 0.0193182 0.0367043
0 0.301486 0.704278 0.0192364 0.039498
0 0.382231 0.726591 0.0180817 0.0349769
0 0.641053 0.632874 0.0267572 0.0545438
0 0.453993 0.712476 0.023158 0.046076
0 0.488726 0.634439 0.025389 0.0428464
0 0.528279 0.636856 0.0291794 0.0587391
0 0.351991 0.694741 0.020003 0.0353057
0 0.416192 0.646315 0.0247667 0.0452274
0 0.572841 0.678047 0.0264663 0.0481525
