0 0.388616 0.320268 0.0313217 0.0570395
0 0.402804 0.265157 0.0311433 0.0499472
0 0.12973 0.365769 0.0315716 0.0427658
0 0.538364 0.253721 0.0319822 0.0492235
0 0.584533 0.319064 0.0282954 0.0438932
0 0.469606 0.418123 0.0304112 0.0477682
0 0.651698 0.494328 0.0296249 0.0459562
0 0.247701 0.459512 0.029231 0.0470903
0 0.290744 0.311933 0.0355153 0.0560984
0 0.55235 0.492627 0.0274632 0.0439879
0 0.39308 0.430476 0.0290845 0.0454089
0 0.226748 0.332711 0.0368186 0.0581275
0 0.740775 0.349211 0.0298433 0.0538727
0 0.151591 0.534538 0.0376349 0.0653609
0 0.361816 0.329413 0.0341418 0.0618706
0 0.774243 0.379906 0.032354 0.0519278
0 0.678722 0.361591 0.0299928 0.0485667
0 0.839286 0.35609 0.0308733 0.0505535
0 0.653286 0.306391 0.0284747 0.0471035
0 0.698766 0.278829 0.0302443 0.0476232
0 0.789316 0.274776 0.0341623 0.0598215
0 0.186689 0.263046 0.0329934 0.0522584
0 0.488929 0.294956 0.0325522 0.0561549
0 0.565052 0.38368 0.0312073 0.0494362
