frame - 0
4
173 325 28 42
245 335 21 32
1 310 28 37
416 343 23 35
frame - 1
6
168 325 29 41
243 334 22 33
1 308 27 35
414 346 21 36
409 427 19 21
374 364 18 29
frame - 2
4
162 323 30 41
0 305 24 37
239 341 23 35
412 348 22 35
frame - 3
4
0 304 21 37
159 321 29 40
239 342 22 34
411 350 21 33
frame - 4
4
156 319 29 41
0 304 18 37
238 341 22 36
407 351 22 35
frame - 5
4
153 317 30 41
402 351 21 34
0 305 15 37
234 342 24 40
frame - 6
4
149 314 31 43
399 352 19 34
0 307 12 40
235 339 22 36
frame - 7
3
148 313 30 40
397 352 20 34
0 308 9 40
frame - 8
4
226 334 24 33
146 312 30 42
394 351 21 34
340 404 21 34
frame - 9
3
142 311 30 44
224 332 23 33
389 350 22 34
frame - 10
4
218 329 24 37
140 312 30 43
0 370 12 43
387 348 23 31
frame - 11
3
137 312 31 43
382 341 23 35
212 327 24 33
frame - 12
3
135 313 31 43
210 326 24 34
380 339 24 36
frame - 13
4
133 313 30 43
208 326 23 34
458 423 26 33
379 337 24 37
frame - 14
3
132 312 30 43
205 327 23 31
380 334 23 35
frame - 15
3
129 311 31 43
380 332 24 37
203 328 22 31
frame - 16
3
126 308 31 43
381 332 24 38
195 328 26 36
frame - 17
3
124 305 31 43
192 329 24 33
379 335 23 34
frame - 18
5
121 303 31 44
379 338 25 37
190 328 22 30
277 344 21 33
448 421 26 29
frame - 19
5
116 301 32 43
378 339 26 38
185 326 23 31
274 343 23 34
446 418 26 31
frame - 20
4
113 298 31 44
379 340 26 38
269 349 24 35
182 325 22 32
frame - 21
5
109 296 31 45
380 341 24 36
176 323 23 33
267 353 23 31
443 413 25 33
frame - 22
5
105 294 32 46
380 341 25 37
173 319 23 32
257 359 26 34
441 413 24 29
frame - 23
5
99 295 33 45
168 316 25 33
380 339 25 38
257 353 26 34
441 412 23 29
frame - 24
6
96 295 31 45
167 314 24 34
380 337 25 39
256 353 26 33
441 414 20 28
490 410 16 23
frame - 25
5
93 294 30 46
165 313 24 34
380 335 25 39
255 353 26 32
440 414 20 28
frame - 26
4
88 295 31 46
379 332 24 36
256 354 22 32
162 314 23 33
frame - 27
4
81 296 32 46
378 328 25 39
158 314 24 34
255 358 23 35
frame - 28
4
76 296 31 45
156 315 24 33
377 325 25 39
259 370 21 31
frame - 29
5
67 294 35 45
155 316 23 34
377 324 24 36
576 389 15 26
247 346 25 36
frame - 30
4
64 291 33 47
154 317 22 33
375 322 25 38
243 343 24 32
frame - 31
4
61 289 31 44
374 323 26 37
151 317 22 34
242 343 23 33
frame - 32
4
57 285 33 45
147 316 25 33
239 341 22 35
370 325 26 40
frame - 33
3
54 284 33 45
145 314 26 35
369 327 25 38
frame - 34
4
51 282 32 47
144 313 26 35
367 326 25 39
227 341 24 36
frame - 35
4
47 281 31 46
142 311 25 36
366 326 24 40
225 342 24 36
frame - 36
4
45 280 31 49
364 326 24 40
222 342 22 34
140 309 25 37
frame - 37
4
43 280 32 50
361 324 25 42
139 307 23 35
216 352 25 42
frame - 38
4
41 280 32 50
137 306 24 35
211 338 23 37
357 321 26 40
frame - 39
4
39 282 32 48
208 334 24 34
354 319 26 41
132 306 27 36
frame - 40
4
35 282 34 50
129 306 26 36
354 316 25 41
206 345 25 44
frame - 41
5
35 283 34 49
352 312 26 40
127 306 26 37
204 330 22 35
449 399 18 32
frame - 42
5
36 282 32 49
351 311 26 41
124 308 26 37
202 328 23 32
448 397 18 33
frame - 43
6
34 281 33 49
350 311 26 39
120 309 25 38
199 327 25 38
445 398 20 32
270 331 25 35
frame - 44
5
32 279 34 49
349 311 26 39
268 331 25 35
115 308 26 39
197 326 24 39
frame - 45
5
30 276 34 49
110 309 28 39
348 311 26 39
194 328 26 38
267 331 24 35
frame - 46
6
28 275 34 47
348 312 26 39
107 309 26 37
192 329 26 36
445 402 18 30
265 331 25 36
frame - 47
5
25 272 33 48
347 312 28 41
99 305 29 39
191 330 23 36
813 449 15 18
frame - 48
5
23 271 33 48
94 301 30 40
189 331 23 36
348 312 27 42
813 449 15 18
frame - 49
5
19 270 34 49
95 301 27 39
188 330 24 37
348 313 27 40
813 449 15 18
frame - 50
5
12 269 36 50
90 299 29 39
349 313 26 40
187 329 24 36
811 450 15 17
frame - 51
6
10 269 34 51
350 311 26 42
88 300 27 38
187 327 23 34
812 450 15 18
263 334 25 38
frame - 52
8
7 269 34 52
350 310 27 42
186 325 24 34
86 301 26 37
263 330 25 37
810 449 16 19
726 417 20 25
518 423 18 27
frame - 53
4
0 270 36 52
350 307 28 44
84 301 27 38
184 323 24 34
frame - 54
6
0 269 32 53
350 303 29 45
80 303 28 38
260 324 24 34
180 319 25 38
811 450 15 18
frame - 55
6
0 269 26 51
350 300 29 44
178 315 24 35
256 320 25 36
77 305 28 35
811 450 15 17
frame - 56
9
349 298 30 42
0 272 19 42
253 315 27 36
75 305 28 36
174 311 25 36
237 363 24 39
811 450 15 17
771 452 14 18
431 399 17 26
frame - 57
7
349 295 28 44
252 314 26 36
172 310 25 37
0 271 12 41
75 307 28 39
771 451 14 18
813 450 15 17
frame - 58
7
349 294 27 44
169 310 25 38
73 308 27 39
250 315 24 38
771 451 14 18
0 267 7 37
813 450 14 17
frame - 59
6
347 294 28 45
71 309 28 39
165 310 27 38
246 315 26 38
771 451 14 17
813 449 15 18
frame - 60
6
346 296 29 43
69 305 28 37
241 316 26 38
160 311 28 38
771 450 14 18
813 448 15 18
frame - 61
6
345 297 29 44
238 319 26 36
158 314 26 34
70 304 27 37
771 450 15 18
813 448 15 18
frame - 62
6
344 299 28 42
154 315 25 35
234 322 27 37
66 302 26 37
771 450 15 19
812 448 16 19
frame - 63
6
341 299 29 42
229 324 28 42
151 314 25 37
64 299 27 40
771 450 15 19
812 447 16 19
frame - 64
8
145 314 25 35
339 298 28 42
61 296 25 37
226 327 25 38
771 450 15 18
812 447 16 19
416 405 18 24
495 420 16 21
frame - 65
6
335 297 27 42
58 293 26 38
141 312 24 36
220 323 26 39
771 450 15 19
813 447 15 19
frame - 66
6
55 290 29 42
331 294 28 41
137 309 25 34
214 324 26 39
771 450 15 19
813 447 15 19
frame - 67
5
53 288 29 45
331 292 25 40
208 320 25 38
135 307 25 34
813 447 15 19
frame - 68
5
327 289 27 40
50 290 28 42
206 318 24 38
132 305 24 35
813 447 15 19
frame - 69
5
46 291 28 41
205 315 23 35
323 286 29 42
129 303 25 36
813 447 15 20
frame - 70
5
43 293 27 41
201 311 25 38
126 300 26 39
322 283 29 42
812 448 16 19
frame - 71
4
318 281 31 42
39 293 27 39
123 298 27 41
198 309 26 37
frame - 72
5
318 281 30 41
122 299 27 41
31 291 27 41
198 306 25 34
768 451 14 19
frame - 73
5
315 281 30 41
27 289 28 45
120 298 25 41
196 307 26 38
768 451 13 18
frame - 74
5
313 281 29 40
21 284 28 38
117 298 26 43
194 307 26 39
766 450 14 18
frame - 75
5
14 281 29 40
311 282 27 39
115 301 25 42
192 307 26 41
766 450 14 18
frame - 76
5
310 283 27 40
191 310 24 38
113 302 26 39
11 277 29 42
766 449 14 18
frame - 77
5
110 301 26 41
7 274 30 40
189 309 26 42
307 283 30 43
766 449 14 18
frame - 78
5
110 300 24 39
3 269 31 40
187 313 27 42
306 283 30 43
766 448 14 18
frame - 79
5
187 311 27 45
108 297 25 36
3 267 29 38
305 283 28 42
766 448 14 19
frame - 80
5
304 280 29 42
104 294 27 39
186 311 26 41
1 264 28 40
765 448 15 19
frame - 81
5
301 278 30 43
185 310 27 41
0 262 27 42
101 291 27 40
765 448 15 19
frame - 82
4
300 274 30 44
184 311 25 39
0 262 24 43
98 288 27 43
frame - 83
4
296 272 30 42
0 263 22 42
95 285 27 40
178 309 27 40
frame - 84
5
292 269 30 42
91 283 26 40
176 305 26 38
0 263 21 41
766 450 14 18
frame - 85
4
287 265 34 46
87 282 26 41
171 302 27 40
0 262 19 41
frame - 86
4
285 264 33 46
169 299 27 41
83 282 27 41
0 261 16 35
frame - 87
4
282 265 33 45
164 300 27 39
78 284 26 37
0 259 15 36
frame - 88
4
278 265 32 45
74 285 26 38
162 299 28 41
0 255 12 39
frame - 89
5
272 265 34 46
291 390 27 51
159 301 25 38
69 302 28 49
0 254 11 40
frame - 90
3
270 268 32 43
151 302 28 42
63 287 27 42
frame - 91
3
267 268 29 43
57 284 25 39
149 305 26 41
frame - 92
4
258 268 32 43
47 283 29 41
144 306 27 41
816 442 15 18
frame - 93
3
254 267 31 44
44 282 26 41
140 305 26 42
frame - 94
4
249 264 30 44
132 304 27 43
39 279 27 45
237 422 23 35
frame - 95
3
127 302 27 41
240 260 30 44
34 275 28 47
frame - 96
4
234 257 33 44
124 300 26 42
31 272 29 46
253 400 25 41
frame - 97
5
227 253 33 45
29 271 28 43
251 380 29 58
121 303 24 37
222 410 23 38
frame - 98
3
223 248 33 46
115 292 28 44
25 269 29 45
frame - 99
3
220 245 33 46
24 268 27 46
112 288 28 41
frame - 100
3
218 243 33 44
112 282 28 41
21 267 27 47
frame - 101
3
213 242 34 45
16 268 28 46
112 279 27 41
frame - 102
4
209 243 33 45
14 270 27 43
112 277 27 42
452 406 17 26
frame - 103
4
206 243 33 48
13 270 26 44
109 275 27 41
450 405 17 26
frame - 104
4
205 244 34 47
10 270 27 43
107 274 27 42
447 403 19 29
frame - 105
4
204 245 33 48
105 274 27 43
8 270 26 46
448 403 17 28
frame - 106
4
202 246 33 47
101 274 29 46
3 267 28 46
447 402 17 28
frame - 107
3
201 245 32 48
98 274 30 47
0 263 30 43
frame - 108
3
198 243 33 48
0 260 26 44
98 274 30 46
frame - 109
3
195 240 34 47
98 272 29 45
0 259 23 43
frame - 110
3
193 237 32 48
97 271 28 43
0 254 18 41
frame - 111
3
191 234 32 47
96 266 28 45
0 254 13 40
frame - 112
2
188 229 33 48
92 262 29 45
frame - 113
2
184 226 31 47
90 259 26 43
frame - 114
2
177 220 33 52
86 253 28 46
frame - 115
3
172 220 34 53
80 252 27 42
344 449 26 34
frame - 116
3
167 220 35 51
74 249 29 43
896 449 14 17
frame - 117
4
161 221 34 51
66 248 31 45
429 396 22 33
896 449 14 17
frame - 118
5
157 223 34 50
63 248 30 46
894 449 15 18
429 396 22 33
769 442 14 19
frame - 119
3
150 225 36 49
56 249 33 45
770 442 13 18
frame - 120
5
50 249 33 48
143 226 34 49
428 394 21 35
769 441 15 19
894 448 15 18
frame - 121
3
137 225 34 50
46 254 31 44
770 441 15 19
frame - 122
4
128 224 35 49
39 255 31 44
251 359 32 45
769 441 15 19
frame - 123
3
123 220 36 51
31 255 32 50
768 440 15 20
frame - 124
5
117 217 34 50
22 252 33 46
244 363 31 42
768 440 15 19
110 394 28 39
frame - 125
3
110 210 35 52
243 362 31 45
16 248 33 45
frame - 126
5
105 206 35 52
11 245 32 42
248 302 25 38
93 387 25 36
769 440 15 19
frame - 127
3
98 202 38 51
4 240 34 42
247 300 26 38
frame - 128
7
93 197 38 51
0 235 34 47
80 378 28 43
237 360 28 42
244 297 27 41
403 393 22 35
893 446 13 15
frame - 129
6
90 194 38 52
234 360 31 45
0 229 31 48
244 297 26 41
766 439 14 18
400 393 21 35
frame - 130
6
85 193 40 53
241 297 27 42
0 225 26 47
233 360 29 40
397 393 21 34
766 440 14 17
frame - 131
5
81 194 38 51
230 362 33 44
238 299 29 44
394 390 22 32
765 440 14 18
frame - 132
5
75 193 38 55
237 300 28 42
229 363 33 42
390 390 21 32
764 440 14 18
frame - 133
4
70 195 40 54
237 300 27 42
387 388 23 34
764 440 14 18
frame - 134
4
64 196 41 55
236 299 26 40
232 367 30 39
385 387 24 34
frame - 135
5
60 196 40 56
236 298 25 40
382 386 25 35
234 365 29 40
221 365 26 38
frame - 136
3
59 195 40 57
236 363 29 44
380 383 25 37
frame - 137
4
57 192 39 56
232 293 26 38
379 382 24 38
290 416 23 32
frame - 138
4
52 189 42 53
377 382 25 38
228 288 27 41
290 419 22 30
frame - 139
4
48 185 41 54
235 358 25 47
376 384 25 36
224 284 27 39
frame - 140
4
43 180 40 54
375 385 26 36
239 355 22 43
287 419 25 29
frame - 141
4
40 174 40 55
216 277 29 37
241 356 22 40
374 386 25 35
frame - 142
5
35 171 40 54
211 274 30 39
372 386 25 35
238 353 23 42
288 420 25 37
frame - 143
4
29 167 39 55
207 274 31 39
240 353 24 42
372 385 24 36
frame - 144
4
24 165 39 54
205 273 30 40
371 384 25 36
242 355 23 40
frame - 145
4
17 165 40 56
202 276 29 40
241 355 25 41
371 383 24 37
frame - 146
5
10 164 39 57
197 279 29 39
240 354 25 42
370 381 24 37
246 354 25 42
frame - 147
5
3 165 40 57
192 280 29 40
369 379 23 34
805 435 14 19
239 355 26 41
frame - 148
5
0 166 34 58
187 279 28 40
366 377 24 35
247 356 25 38
240 356 25 39
frame - 149
3
0 168 29 56
364 375 24 37
183 279 26 35
frame - 150
3
363 375 23 36
0 168 16 54
175 277 28 36
frame - 151
2
172 275 27 36
361 375 23 36
frame - 152
2
358 375 25 37
236 356 24 37
frame - 153
1
357 377 22 35
frame - 154
2
355 377 22 35
615 419 13 20
frame - 155
1
355 378 19 34
frame - 156
2
350 378 21 34
158 255 31 39
frame - 157
1
156 252 31 41
frame - 158
2
155 252 30 39
720 434 16 23
frame - 159
3
153 254 29 39
221 347 21 34
826 430 15 20
frame - 160
3
220 344 21 32
828 431 15 20
149 256 29 40
frame - 161
2
219 345 21 31
828 431 17 20
frame - 162
3
215 345 21 31
830 431 16 21
143 260 29 37
frame - 163
3
140 258 31 40
213 345 22 30
830 431 18 21
frame - 164
3
138 257 28 37
212 347 21 29
832 431 16 20
frame - 165
1
211 348 21 30
frame - 166
1
206 350 25 36
frame - 167
1
205 349 22 34
frame - 168
3
120 241 30 40
203 348 22 35
836 432 15 20
frame - 169
3
117 238 27 40
200 347 24 36
837 432 15 19
frame - 170
2
110 236 29 40
198 345 23 34
frame - 171
2
104 235 30 41
195 342 25 35
frame - 172
2
96 234 31 43
193 341 24 36
frame - 173
2
88 236 31 42
192 340 22 36
frame - 174
2
190 338 21 36
82 237 29 41
frame - 175
2
71 241 32 40
185 338 23 32
frame - 176
1
181 336 24 33
frame - 177
2
51 241 35 42
176 336 25 33
frame - 178
2
43 238 35 44
175 336 22 33
frame - 179
2
35 235 34 44
170 336 22 37
frame - 180
2
28 232 35 46
167 338 23 36
frame - 181
3
23 228 36 48
162 339 24 38
795 431 15 20
frame - 182
3
18 225 35 49
158 341 22 34
795 431 15 20
frame - 183
3
13 221 37 51
155 341 22 34
796 430 17 21
frame - 184
3
9 220 37 50
148 337 24 37
798 429 15 21
frame - 185
3
2 219 40 49
145 334 25 35
798 428 18 22
frame - 186
3
0 219 37 46
141 332 25 36
268 356 25 38
frame - 187
4
0 219 33 47
139 330 25 35
267 357 25 37
801 429 16 20
frame - 188
4
0 222 28 44
138 328 23 36
256 357 26 38
801 429 17 21
frame - 189
5
137 326 23 34
255 356 27 38
0 299 25 40
0 222 21 46
801 430 18 20
frame - 190
5
0 301 19 40
0 229 15 38
254 355 27 38
132 324 25 35
852 427 19 21
frame - 191
2
130 323 25 35
253 354 29 39
frame - 192
2
128 323 26 35
251 355 29 38
frame - 193
2
126 323 26 35
250 357 27 36
frame - 194
3
123 324 26 35
249 358 25 36
851 428 20 22
frame - 195
3
121 325 25 35
253 363 23 36
851 428 20 22
frame - 196
2
120 327 25 34
849 429 19 21
frame - 197
3
240 351 24 34
117 328 27 37
800 430 19 21
frame - 198
3
240 351 23 33
113 328 28 39
800 429 19 22
frame - 199
2
239 349 24 36
111 327 28 38
frame - 200
3
235 347 25 37
109 325 28 39
801 429 17 21
frame - 201
2
230 346 27 39
107 322 28 39
frame - 202
3
106 320 27 39
228 342 27 40
800 427 18 22
frame - 203
4
225 342 25 34
104 318 26 38
285 365 21 35
800 428 18 22
frame - 204
4
224 341 24 35
100 315 28 37
286 363 19 31
800 428 19 22
frame - 205
3
218 339 26 36
96 312 28 39
801 428 19 22
frame - 206
4
92 309 28 41
213 337 27 39
281 371 24 39
802 429 19 22
frame - 207
4
90 310 27 38
209 338 26 37
278 368 20 34
843 425 22 23
frame - 208
4
86 309 27 40
205 339 26 37
276 368 21 35
843 425 22 23
frame - 209
4
78 311 30 40
196 340 29 40
843 425 22 24
275 368 21 34
frame - 210
4
76 312 27 39
192 340 28 38
273 367 21 35
844 427 21 23
frame - 211
3
188 341 28 37
70 314 29 38
272 367 20 34
frame - 212
4
183 340 27 36
65 314 28 38
274 363 19 31
844 428 20 23
frame - 213
3
60 313 28 39
177 337 27 37
268 365 23 37
frame - 214
3
53 311 30 40
174 336 28 37
268 361 22 34
frame - 215
3
172 332 25 36
50 308 28 40
261 359 21 35
frame - 216
3
165 331 27 42
46 306 26 41
260 358 22 36
frame - 217
3
42 304 27 39
257 357 22 36
159 327 29 40
frame - 218
4
156 323 30 41
39 301 27 40
810 426 20 22
823 426 20 22
frame - 219
2
37 298 27 41
152 323 30 39
frame - 220
2
149 323 28 38
34 297 27 37
frame - 221
3
31 296 28 37
142 323 31 40
808 426 20 22
frame - 222
3
140 324 31 40
29 295 27 38
807 427 20 22
frame - 223
2
138 325 30 40
27 295 27 38
frame - 224
2
136 323 31 41
23 297 29 40
frame - 225
2
19 299 30 39
133 324 30 39
frame - 226
2
130 320 31 41
15 300 31 39
frame - 227
4
12 301 31 39
128 319 32 40
236 368 24 48
801 428 19 22
frame - 228
3
125 316 31 41
11 301 28 39
800 427 18 22
frame - 229
2
8 300 30 39
124 313 30 42
frame - 230
2
121 311 31 41
6 297 30 39
frame - 231
3
119 310 29 41
3 294 30 40
797 425 19 21
frame - 232
3
115 309 30 39
1 290 29 41
224 354 23 32
frame - 233
3
111 307 31 42
0 285 27 40
223 353 23 33
frame - 234
3
109 309 31 40
0 283 23 40
224 352 21 33
frame - 235
3
106 309 30 42
0 282 20 38
223 354 20 32
frame - 236
3
100 309 32 43
0 279 15 43
222 355 20 31
frame - 237
3
97 310 31 41
0 281 12 40
222 357 18 29
frame - 238
2
93 310 30 41
219 358 16 27
frame - 239
2
86 309 31 40
217 358 17 28
frame - 240
3
81 307 31 41
217 358 17 28
793 425 18 22
