frame - 0
0
frame - 1
0
frame - 2
0
frame - 3
0
frame - 4
2
1058 457 20 27
1241 479 30 34
frame - 5
1
1061 451 20 27
frame - 6
1
1061 450 20 28
frame - 7
0
frame - 8
0
frame - 9
0
frame - 10
0
frame - 11
0
frame - 12
0
frame - 13
0
frame - 14
0
frame - 15
0
frame - 16
0
frame - 17
0
frame - 18
0
frame - 19
0
frame - 20
0
frame - 21
1
155 439 24 45
frame - 22
1
155 439 23 46
frame - 23
0
frame - 24
1
544 448 13 19
frame - 25
1
544 448 14 19
frame - 26
2
1133 449 17 34
544 450 14 18
frame - 27
2
1133 450 20 34
545 448 15 19
frame - 28
1
546 448 14 19
frame - 29
1
547 447 14 20
frame - 30
1
547 448 15 19
frame - 31
1
548 448 13 19
frame - 32
1
548 448 14 19
frame - 33
1
548 449 13 18
frame - 34
1
548 449 14 18
frame - 35
1
548 448 14 19
frame - 36
2
549 449 14 18
1265 480 15 37
frame - 37
2
550 449 13 18
745 441 12 16
frame - 38
3
744 440 14 17
550 449 13 18
1261 477 17 28
frame - 39
0
frame - 40
1
1261 477 18 28
frame - 41
0
frame - 42
0
frame - 43
0
frame - 44
0
frame - 45
1
1242 524 38 55
frame - 46
0
frame - 47
0
frame - 48
0
frame - 49
0
frame - 50
0
frame - 51
0
frame - 52
0
frame - 53
0
frame - 54
0
frame - 55
0
frame - 56
2
1145 456 25 37
1093 452 22 33
frame - 57
2
1145 456 26 37
1095 457 22 29
frame - 58
2
1095 452 21 33
1146 457 25 36
frame - 59
2
1149 456 22 36
1151 450 23 35
frame - 60
1
1094 452 21 33
frame - 61
0
frame - 62
0
frame - 63
0
frame - 64
0
frame - 65
0
frame - 66
1
1098 450 23 35
frame - 67
0
frame - 68
0
frame - 69
0
frame - 70
2
1160 456 26 35
1153 458 24 34
frame - 71
2
1160 458 26 33
1153 459 24 33
frame - 72
1
1161 457 26 34
frame - 73
2
1198 440 25 28
1161 457 25 35
frame - 74
0
frame - 75
0
frame - 76
0
frame - 77
2
1165 456 23 36
425 422 18 27
frame - 78
0
frame - 79
1
424 421 18 29
frame - 80
2
1169 455 21 36
425 423 18 27
frame - 81
5
1107 458 24 35
353 395 22 36
1168 456 23 35
426 422 17 29
1206 441 24 33
frame - 82
2
1107 459 24 34
427 423 16 27
frame - 83
2
1108 458 23 35
427 423 17 27
frame - 84
2
1109 458 22 35
427 423 17 28
frame - 85
2
426 422 18 28
1110 457 21 35
frame - 86
2
1209 440 24 35
427 422 18 28
frame - 87
1
1211 441 24 33
frame - 88
2
1212 441 23 33
1113 455 22 38
frame - 89
1
1213 441 24 33
frame - 90
1
572 450 13 16
frame - 91
1
572 448 14 17
frame - 92
1
573 448 13 17
frame - 93
0
frame - 94
1
573 447 14 18
frame - 95
1
573 447 14 18
frame - 96
1
573 447 15 18
frame - 97
1
574 447 14 19
frame - 98
2
434 434 17 22
575 447 14 19
frame - 99
1
577 446 14 19
frame - 100
2
576 447 15 18
1130 459 17 32
frame - 101
2
1228 445 22 39
577 447 15 19
frame - 102
2
1228 446 23 38
1130 458 18 29
frame - 103
2
1131 459 17 28
579 447 15 19
frame - 104
2
1133 458 16 28
579 447 15 19
frame - 105
1
580 447 15 19
frame - 106
2
1138 458 17 27
580 447 15 19
frame - 107
2
1140 458 16 27
580 447 15 19
frame - 108
1
580 447 15 18
frame - 109
1
581 448 15 18
frame - 110
2
1146 458 17 28
581 448 15 18
frame - 111
1
582 448 14 18
frame - 112
2
1211 454 24 37
1145 455 18 35
frame - 113
2
1143 455 20 36
1211 455 24 37
frame - 114
3
1216 453 24 37
1145 457 20 30
582 448 15 18
frame - 115
2
1146 457 20 30
1219 453 21 37
frame - 116
2
1147 458 20 28
1220 454 21 37
frame - 117
2
1148 457 19 29
1220 455 22 38
frame - 118
2
1150 457 18 29
1216 458 24 35
frame - 119
1
1152 457 18 30
frame - 120
1
1152 457 19 29
frame - 121
1
1155 450 18 35
frame - 122
2
1156 450 18 35
1221 457 22 35
frame - 123
2
1158 450 17 35
1221 458 21 34
frame - 124
1
1219 459 22 34
frame - 125
2
1160 449 17 35
1220 459 23 34
frame - 126
3
1160 449 18 35
1221 459 23 34
588 448 13 18
frame - 127
1
1159 449 19 36
frame - 128
2
1160 450 18 35
588 448 14 18
frame - 129
1
1160 450 19 35
frame - 130
1
1165 455 17 31
frame - 131
1
1167 450 19 34
frame - 132
1
1166 451 20 33
frame - 133
3
1167 451 20 33
1230 459 23 33
590 448 15 19
frame - 134
3
1167 451 21 33
1231 459 24 34
591 450 14 17
frame - 135
2
1168 451 22 32
1234 459 22 33
frame - 136
2
1170 451 21 32
1234 460 24 32
frame - 137
1
1171 451 21 33
frame - 138
2
1172 450 23 33
594 448 14 17
frame - 139
1
1173 450 22 34
frame - 140
1
1173 450 23 33
frame - 141
1
1174 451 22 32
frame - 142
0
frame - 143
1
1177 450 23 29
frame - 144
0
frame - 145
1
1180 450 24 33
frame - 146
0
frame - 147
1
1181 450 24 33
frame - 148
1
1183 451 24 32
frame - 149
1
1184 451 24 32
frame - 150
1
466 432 17 19
frame - 151
0
frame - 152
0
frame - 153
0
frame - 154
0
frame - 155
0
frame - 156
0
frame - 157
0
frame - 158
0
frame - 159
0
frame - 160
0
frame - 161
0
frame - 162
0
frame - 163
0
frame - 164
0
frame - 165
1
1205 458 20 28
frame - 166
2
1208 458 19 29
606 453 13 14
frame - 167
2
1209 459 20 28
606 452 13 15
frame - 168
2
1209 460 20 27
606 452 14 14
frame - 169
2
1211 459 19 28
606 452 14 14
frame - 170
2
1211 460 20 27
606 452 14 14
frame - 171
2
606 451 14 15
1213 459 18 28
frame - 172
2
607 450 13 16
473 435 18 21
frame - 173
1
607 451 14 15
frame - 174
1
607 452 13 15
frame - 175
1
607 452 13 15
frame - 176
4
607 453 14 14
918 440 12 16
473 438 18 20
282 416 13 22
frame - 177
4
607 453 14 14
918 440 12 17
1213 456 21 36
473 438 17 20
frame - 178
3
608 453 13 14
919 439 11 17
473 440 17 19
frame - 179
3
1216 457 24 30
610 453 13 15
474 438 17 21
frame - 180
3
1220 458 23 29
609 452 14 16
475 438 17 20
frame - 181
2
1220 458 22 29
610 453 13 15
frame - 182
2
1223 458 22 29
610 452 14 15
frame - 183
1
610 453 15 15
frame - 184
2
1223 459 23 28
611 453 14 15
frame - 185
2
1225 457 24 35
612 454 14 15
frame - 186
1
1226 458 23 34
frame - 187
1
1228 458 22 34
frame - 188
1
1228 458 22 34
frame - 189
2
1228 459 24 33
613 453 14 16
frame - 190
1
1230 459 23 34
frame - 191
1
928 440 12 18
frame - 192
1
928 440 12 18
frame - 193
1
928 441 12 17
frame - 194
1
929 440 11 18
frame - 195
1
929 440 11 18
frame - 196
1
929 440 12 18
frame - 197
0
frame - 198
0
frame - 199
2
1236 466 25 30
931 441 12 17
frame - 200
1
1237 465 25 31
frame - 201
1
1238 465 26 31
frame - 202
2
1238 463 28 39
933 440 12 19
frame - 203
1
933 440 13 19
frame - 204
1
474 439 16 21
frame - 205
1
473 439 17 21
frame - 206
2
935 440 12 19
473 439 17 21
frame - 207
1
474 438 17 21
frame - 208
2
474 438 17 21
934 440 12 18
frame - 209
2
474 438 17 21
934 440 12 19
frame - 210
1
474 437 17 22
frame - 211
2
474 438 17 21
100 395 11 16
frame - 212
1
474 437 17 22
frame - 213
1
474 438 17 21
frame - 214
1
474 437 18 22
frame - 215
1
474 438 18 21
frame - 216
1
474 438 18 21
frame - 217
2
474 438 18 21
900 424 13 18
frame - 218
1
474 439 17 20
frame - 219
1
474 439 18 20
frame - 220
1
474 439 17 20
frame - 221
1
474 438 18 21
frame - 222
2
474 438 18 21
901 423 12 19
frame - 223
2
475 438 16 21
900 423 13 18
frame - 224
2
475 438 16 21
901 424 12 17
frame - 225
1
475 439 17 20
frame - 226
1
475 439 16 20
frame - 227
0
frame - 228
1
475 439 16 20
frame - 229
2
900 425 13 17
475 439 17 20
frame - 230
2
476 439 17 20
901 425 12 17
frame - 231
2
476 439 17 20
901 425 12 17
frame - 232
2
901 423 12 18
476 439 17 20
frame - 233
2
901 423 14 18
477 438 17 21
frame - 234
2
478 439 17 20
903 423 12 19
frame - 235
2
479 439 16 20
903 423 12 19
frame - 236
2
478 438 17 21
903 423 12 18
frame - 237
1
479 438 17 21
frame - 238
1
479 438 18 21
frame - 239
1
480 438 17 21
frame - 240
3
480 438 17 21
961 441 14 17
901 424 14 18
frame - 241
1
480 438 18 21
frame - 242
1
480 436 19 23
frame - 243
1
481 438 17 22
frame - 244
1
481 442 17 21
frame - 245
1
481 443 17 20
frame - 246
1
482 437 18 22
frame - 247
1
482 437 18 22
frame - 248
1
483 438 18 21
frame - 249
1
483 438 18 21
frame - 250
0
frame - 251
0
frame - 252
0
frame - 253
0
frame - 254
0
frame - 255
1
654 458 14 16
frame - 256
1
654 458 14 16
frame - 257
1
655 458 13 16
frame - 258
1
654 458 15 16
frame - 259
1
655 458 15 16
frame - 260
1
655 459 15 16
frame - 261
1
655 459 15 16
frame - 262
2
656 459 15 16
489 445 18 21
frame - 263
2
490 443 19 23
656 459 15 17
frame - 264
2
656 459 15 17
490 442 19 23
frame - 265
2
490 444 19 22
656 459 15 17
frame - 266
2
490 444 18 22
657 460 15 16
frame - 267
2
492 444 19 23
658 460 15 16
frame - 268
2
493 443 19 24
658 460 15 16
frame - 269
2
494 442 19 24
659 459 15 17
frame - 270
2
495 443 20 24
660 459 15 17
frame - 271
2
496 442 19 25
661 459 15 17
frame - 272
2
497 442 18 25
661 458 15 18
frame - 273
1
662 459 15 17
frame - 274
0
frame - 275
1
496 439 21 28
frame - 276
1
497 438 21 28
frame - 277
1
497 437 22 30
frame - 278
1
498 437 22 30
frame - 279
1
498 436 22 31
frame - 280
1
499 436 22 31
frame - 281
2
501 439 22 28
666 458 15 19
frame - 282
2
501 439 21 27
666 460 15 17
frame - 283
1
502 440 21 27
frame - 284
1
505 441 20 27
frame - 285
1
506 442 20 26
frame - 286
1
507 441 20 27
frame - 287
1
509 442 20 26
frame - 288
0
frame - 289
0
frame - 290
0
frame - 291
0
frame - 292
0
frame - 293
2
922 423 16 18
670 465 15 16
frame - 294
2
671 465 15 17
922 423 16 18
frame - 295
2
671 466 15 17
922 423 16 18
frame - 296
1
923 423 16 19
frame - 297
1
923 423 16 18
frame - 298
1
923 423 17 18
frame - 299
1
923 423 17 17
frame - 300
1
924 423 15 17
frame - 301
1
924 422 16 18
frame - 302
1
925 422 16 19
frame - 303
1
925 422 16 19
frame - 304
1
925 423 16 18
frame - 305
2
925 422 15 18
675 460 15 19
frame - 306
2
926 422 17 18
675 461 15 19
frame - 307
1
926 422 17 18
frame - 308
1
927 422 15 19
frame - 309
1
928 423 15 18
frame - 310
1
676 463 15 19
frame - 311
1
676 463 15 19
frame - 312
1
676 463 15 20
frame - 313
1
676 463 15 20
frame - 314
1
676 463 15 20
frame - 315
2
533 441 20 26
676 463 17 20
frame - 316
2
533 442 20 25
676 462 17 21
frame - 317
2
534 441 20 27
676 463 17 20
frame - 318
1
535 441 19 26
frame - 319
0
frame - 320
0
frame - 321
0
frame - 322
0
frame - 323
0
frame - 324
0
frame - 325
0
frame - 326
1
679 464 16 20
frame - 327
1
679 464 16 20
frame - 328
1
678 464 17 20
frame - 329
1
678 463 17 21
frame - 330
1
679 463 17 21
frame - 331
1
679 463 17 21
frame - 332
1
679 464 17 20
frame - 333
1
680 464 16 20
frame - 334
1
680 463 17 21
frame - 335
1
547 444 20 28
frame - 336
1
680 464 16 21
frame - 337
1
549 442 21 28
frame - 338
2
549 442 21 28
682 465 18 20
frame - 339
1
547 443 21 30
frame - 340
1
547 442 21 31
frame - 341
1
547 442 21 31
frame - 342
1
548 442 21 31
frame - 343
2
548 442 22 31
683 466 18 19
frame - 344
2
548 442 21 31
683 466 18 19
frame - 345
2
548 442 22 31
685 465 17 20
frame - 346
2
548 442 22 30
685 465 18 20
frame - 347
3
1018 440 12 15
549 442 21 31
685 466 18 20
frame - 348
3
548 442 22 31
685 466 18 20
1018 440 11 15
frame - 349
3
548 441 22 32
686 466 18 20
1016 440 12 15
frame - 350
2
549 441 22 32
686 466 18 20
frame - 351
2
686 466 18 20
549 441 22 32
frame - 352
2
687 465 19 21
550 442 21 31
frame - 353
2
549 441 22 33
688 465 18 21
frame - 354
2
688 465 19 21
550 442 21 31
frame - 355
1
690 464 18 21
frame - 356
1
690 464 18 21
frame - 357
2
579 435 16 24
690 464 19 21
frame - 358
1
690 465 18 21
frame - 359
0
frame - 360
1
555 444 21 30
frame - 361
2
555 444 21 29
25 383 11 16
frame - 362
2
555 444 21 30
25 383 11 16
frame - 363
3
555 444 21 30
693 464 20 22
579 434 16 24
frame - 364
2
555 444 22 30
693 464 20 22
frame - 365
3
556 444 21 30
580 434 15 23
693 464 20 23
frame - 366
1
556 444 21 30
frame - 367
1
556 445 21 29
frame - 368
2
556 444 22 30
695 464 20 22
frame - 369
2
557 445 21 30
1019 441 11 15
frame - 370
1
557 446 21 30
frame - 371
1
558 446 20 29
frame - 372
2
698 464 20 23
557 446 22 30
frame - 373
0
frame - 374
1
698 464 22 23
frame - 375
1
699 464 21 24
frame - 376
1
698 467 23 24
frame - 377
2
700 469 21 22
1036 442 13 17
frame - 378
1
700 469 21 22
frame - 379
1
701 468 21 23
frame - 380
1
560 446 21 29
frame - 381
1
705 466 20 23
frame - 382
1
705 467 19 21
frame - 383
2
705 468 20 23
1016 444 11 16
frame - 384
1
1016 444 11 16
frame - 385
1
1015 445 11 16
frame - 386
2
1016 445 11 16
708 469 20 23
frame - 387
3
1039 441 11 16
708 470 20 23
958 429 15 19
frame - 388
3
1040 442 11 15
709 470 20 23
959 429 14 19
frame - 389
3
710 470 20 23
1041 442 10 15
959 429 14 19
frame - 390
3
1043 442 11 15
710 471 21 24
561 445 23 30
frame - 391
3
711 471 21 24
1042 443 11 15
561 444 24 32
frame - 392
2
712 470 20 24
561 446 25 34
frame - 393
3
1040 443 11 15
714 471 20 24
561 443 24 33
frame - 394
2
561 442 25 34
715 471 20 24
frame - 395
3
561 442 25 34
716 472 20 24
1038 444 11 14
frame - 396
2
561 443 25 33
717 473 19 23
frame - 397
2
561 442 26 34
716 473 20 24
frame - 398
2
562 442 25 34
718 472 20 25
frame - 399
2
562 443 25 33
719 472 20 24
frame - 400
1
562 444 25 32
frame - 401
1
564 445 23 31
frame - 402
2
564 444 23 32
724 472 21 25
frame - 403
2
567 443 25 33
724 472 22 25
frame - 404
1
567 443 25 33
frame - 405
1
567 443 25 33
frame - 406
1
567 443 25 33
frame - 407
2
568 443 25 33
1033 449 10 16
frame - 408
2
568 442 26 34
1032 448 13 17
frame - 409
2
569 441 26 35
1031 447 11 18
frame - 410
2
569 441 26 35
1031 447 11 17
frame - 411
2
569 441 26 35
1031 447 11 17
frame - 412
3
569 441 26 36
1031 446 12 19
1038 448 11 20
frame - 413
2
1031 446 11 19
570 443 25 34
frame - 414
1
1031 446 11 19
frame - 415
1
1031 446 12 18
frame - 416
1
1032 445 13 19
frame - 417
1
1031 445 13 19
frame - 418
1
1031 445 13 19
frame - 419
2
1031 446 13 18
572 444 25 33
frame - 420
2
1034 446 12 18
572 443 26 33
frame - 421
2
1035 447 11 17
574 444 25 33
frame - 422
2
1035 448 11 17
574 446 25 31
frame - 423
2
1036 447 11 18
573 445 26 32
frame - 424
2
1037 447 11 18
575 445 25 32
frame - 425
2
1038 448 12 17
576 445 25 32
frame - 426
2
1040 448 11 16
576 444 26 33
frame - 427
1
1040 447 12 17
frame - 428
1
1041 447 12 17
frame - 429
2
1040 448 11 16
579 448 24 34
frame - 430
2
1041 448 11 17
578 447 25 35
frame - 431
3
1040 448 11 17
578 448 25 34
526 414 18 24
frame - 432
2
1043 448 12 17
526 415 19 22
frame - 433
1
1045 448 11 17
frame - 434
1
1046 447 11 19
frame - 435
1
1046 447 13 19
frame - 436
2
1047 447 13 18
530 416 18 22
frame - 437
2
1048 446 13 19
530 416 17 22
frame - 438
2
1049 445 12 19
530 416 17 22
frame - 439
1
1049 446 12 18
frame - 440
1
1048 446 13 18
frame - 441
1
1048 447 12 17
frame - 442
1
1048 447 13 17
frame - 443
1
1048 447 13 17
frame - 444
1
1050 446 13 18
frame - 445
1
1051 446 13 18
frame - 446
1
1051 445 13 19
frame - 447
1
1051 445 12 18
frame - 448
4
1051 444 12 19
598 440 27 37
773 475 23 25
993 430 15 19
frame - 449
3
598 440 29 38
1055 445 11 18
535 416 16 22
frame - 450
2
601 440 27 37
1055 448 11 17
frame - 451
5
1055 448 11 17
602 442 27 40
775 470 23 28
536 416 17 23
1052 449 11 17
frame - 452
3
1056 449 10 17
603 446 26 36
536 416 17 23
frame - 453
3
1056 449 12 16
604 446 26 36
776 469 24 29
frame - 454
3
1057 449 11 16
605 446 25 35
777 468 24 30
frame - 455
3
606 447 25 36
1060 448 10 17
778 472 23 28
frame - 456
3
1060 447 11 18
607 446 26 36
541 418 17 21
frame - 457
3
1063 447 10 18
608 449 25 35
541 418 17 21
frame - 458
5
608 450 26 34
1063 447 10 18
781 470 23 30
295 414 14 16
541 418 17 21
frame - 459
3
610 450 25 35
1063 447 10 18
542 418 17 22
frame - 460
4
1063 447 12 18
611 453 24 33
783 471 23 30
543 418 17 22
frame - 461
3
1064 448 11 18
784 470 24 30
612 455 23 31
frame - 462
1
1063 449 13 17
frame - 463
1
1063 449 13 17
frame - 464
2
1067 447 13 19
786 474 24 28
frame - 465
2
1066 449 12 17
787 475 24 27
frame - 466
1
1066 449 12 18
frame - 467
3
1068 449 11 18
788 475 23 27
494 405 16 20
frame - 468
1
1066 450 12 18
frame - 469
1
1068 450 11 18
frame - 470
2
1067 450 11 18
495 405 15 20
frame - 471
1
1068 449 11 19
frame - 472
2
1065 451 11 17
495 405 17 20
frame - 473
2
1066 450 12 18
495 404 16 21
frame - 474
2
1065 451 11 17
790 477 26 29
frame - 475
2
791 479 27 31
1065 451 11 17
frame - 476
3
792 479 26 31
1061 452 12 16
1064 453 11 18
frame - 477
3
793 479 26 31
1064 451 11 17
1066 452 11 19
frame - 478
4
793 480 27 30
1063 451 11 17
1065 453 11 17
636 461 26 33
frame - 479
4
1068 454 11 17
1064 451 11 17
638 460 27 33
793 479 29 30
frame - 480
5
1070 455 10 17
795 480 28 30
638 459 28 35
1066 452 10 17
597 432 16 24
frame - 481
5
795 480 30 31
1071 455 10 17
638 460 29 35
1067 452 10 17
597 432 16 24
frame - 482
5
795 480 29 31
1073 455 12 17
1071 452 10 17
828 440 23 32
640 467 28 33
frame - 483
3
796 481 30 30
1074 454 11 18
827 440 24 33
frame - 484
4
1075 455 11 17
796 481 29 30
644 466 29 33
1073 452 12 17
frame - 485
3
1076 454 12 19
797 481 29 30
644 465 31 34
frame - 486
4
1076 454 13 19
645 465 31 35
798 483 28 29
828 439 22 28
frame - 487
4
1077 454 11 19
646 466 31 34
828 438 22 29
800 483 26 29
frame - 488
4
1078 454 11 19
647 466 31 35
800 485 27 28
1076 452 11 18
frame - 489
4
1078 454 11 19
647 468 31 34
800 485 26 29
828 438 22 29
frame - 490
3
1078 454 12 19
647 469 31 33
801 486 27 29
frame - 491
3
1078 453 12 21
650 466 31 35
801 486 27 29
frame - 492
4
1078 453 12 20
651 466 31 35
802 486 26 29
1076 452 12 18
frame - 493
2
1078 453 12 20
803 487 27 28
frame - 494
2
1078 453 12 20
805 487 26 32
frame - 495
2
805 487 26 31
1080 453 11 20
frame - 496
2
1080 452 11 21
805 487 26 32
frame - 497
3
805 487 26 32
1080 452 11 21
1083 452 13 21
frame - 498
4
806 487 26 32
1080 452 12 21
659 459 32 39
1083 452 13 22
frame - 499
4
805 487 26 32
660 457 33 41
1079 452 12 21
1082 451 14 23
frame - 500
4
660 457 34 41
806 487 26 32
1078 451 14 22
1082 451 14 22
frame - 501
4
663 459 31 40
1083 451 13 22
1080 451 12 22
806 487 27 32
frame - 502
3
807 487 26 32
1080 451 12 21
1083 451 13 21
frame - 503
2
1081 451 11 21
1084 451 12 21
frame - 504
1
1085 452 13 20
frame - 505
1
1086 452 12 21
frame - 506
1
1086 451 12 21
frame - 507
1
1086 452 12 21
frame - 508
1
1087 452 13 20
frame - 509
1
1086 452 14 21
frame - 510
2
1086 452 14 21
1026 436 14 21
frame - 511
3
1087 452 14 21
815 487 26 32
1026 439 15 19
frame - 512
3
816 486 26 34
1087 453 15 20
1027 439 15 20
frame - 513
3
1088 451 15 22
817 486 26 33
1027 439 15 20
frame - 514
2
818 487 26 33
1088 451 16 22
frame - 515
2
1088 452 15 21
818 487 27 32
frame - 516
2
679 457 30 45
1090 452 13 21
frame - 517
1
1091 452 14 21
frame - 518
2
1090 452 14 21
821 485 27 34
frame - 519
2
1091 452 14 22
680 456 32 46
frame - 520
3
1091 453 14 20
1033 439 14 18
680 457 33 46
frame - 521
2
1091 453 14 21
1034 440 15 18
frame - 522
2
1034 440 14 17
1091 452 14 21
frame - 523
2
1093 453 13 20
1035 439 15 19
frame - 524
2
1035 440 15 19
1092 454 13 18
frame - 525
2
1093 453 12 19
1035 439 15 19
frame - 526
3
1035 440 14 18
1093 453 12 19
832 487 24 32
frame - 527
2
1035 441 14 17
1092 454 13 18
frame - 528
1
1036 440 14 17
frame - 529
3
1036 438 14 19
1101 453 15 20
1094 453 14 20
frame - 530
2
1038 439 13 19
1095 454 13 19
frame - 531
4
688 461 35 44
1037 440 15 19
1101 453 15 21
835 487 25 32
frame - 532
5
689 461 35 44
1037 439 15 19
837 487 28 34
1101 453 14 20
1093 454 14 19
frame - 533
4
690 464 35 42
1038 439 13 19
1104 456 14 18
40 390 12 14
frame - 534
6
1038 440 14 19
1103 458 14 18
690 465 35 42
40 390 12 15
69 390 11 14
840 488 26 33
frame - 535
6
1038 440 14 18
1104 458 14 18
840 487 28 34
691 466 35 42
41 390 11 15
69 389 11 14
frame - 536
4
1040 439 14 19
1105 458 13 18
693 466 35 43
41 390 12 15
frame - 537
4
1040 441 14 18
1105 458 14 18
694 467 34 42
42 390 11 15
frame - 538
6
694 466 35 44
1041 440 14 18
1104 457 14 19
844 488 27 33
42 391 12 14
69 390 11 14
frame - 539
5
1041 440 14 19
1105 457 12 19
845 491 28 35
42 391 12 14
69 390 11 14
frame - 540
4
700 470 33 42
848 490 28 35
1106 457 14 19
1042 441 14 18
frame - 541
5
701 470 32 42
848 491 29 35
1041 440 14 19
1106 455 12 19
44 391 12 14
frame - 542
3
849 490 29 37
1041 440 14 19
1105 456 14 19
frame - 543
2
1043 444 14 18
852 493 28 35
frame - 544
3
851 493 29 35
705 472 33 41
1045 441 14 18
frame - 545
3
854 492 29 36
1046 441 15 18
701 480 34 37
frame - 546
3
855 492 28 36
1047 441 15 19
706 481 32 37
frame - 547
3
855 492 29 37
706 481 33 36
1048 441 14 19
frame - 548
3
857 492 29 38
707 479 33 38
1050 441 13 18
frame - 549
3
708 477 33 40
858 493 29 37
1050 441 13 19
frame - 550
3
860 495 29 38
709 478 34 40
1051 443 14 19
frame - 551
2
863 496 28 38
1051 444 14 18
frame - 552
2
864 498 27 38
1051 443 15 20
frame - 553
2
865 498 28 38
1052 445 14 19
frame - 554
3
867 499 29 37
1054 445 15 19
1118 462 13 22
frame - 555
3
868 498 29 38
1056 445 14 19
1118 463 13 21
frame - 556
3
870 499 28 37
1057 446 15 19
1120 464 11 20
frame - 557
3
871 500 29 36
1058 447 15 19
1122 464 11 20
frame - 558
4
873 500 28 36
1121 464 13 19
1058 447 15 19
716 484 33 38
frame - 559
4
875 501 28 36
1121 464 12 19
1058 447 14 19
715 489 34 36
frame - 560
4
877 502 28 35
1121 464 12 17
1059 447 14 18
714 491 35 37
frame - 561
4
880 502 27 36
1123 464 12 18
1060 447 14 19
714 489 37 38
frame - 562
4
879 501 30 39
715 487 39 41
1061 448 15 19
1124 464 12 19
frame - 563
4
1123 464 13 19
881 502 30 38
1061 450 15 17
715 486 38 42
frame - 564
4
882 503 30 35
1123 465 14 18
716 486 39 43
1062 449 15 18
frame - 565
4
883 504 30 34
1125 465 12 18
1061 448 16 19
720 483 38 45
frame - 566
4
884 504 31 35
1061 447 17 20
1125 465 13 18
720 503 36 31
frame - 567
3
886 504 31 36
1063 448 15 19
1126 464 12 19
frame - 568
3
887 506 33 34
1062 447 16 19
1124 464 12 17
frame - 569
3
1064 449 16 19
889 507 32 35
1127 465 13 18
frame - 570
3
891 508 32 36
1065 449 15 19
1125 464 11 19
frame - 571
4
893 509 31 35
1066 448 15 19
1121 463 13 18
723 496 38 36
frame - 572
3
894 508 31 37
1067 448 15 20
1124 464 12 19
frame - 573
3
1126 464 14 20
1066 448 15 20
898 509 30 36
frame - 574
4
899 508 31 36
1126 464 14 20
1066 448 17 20
726 502 36 32
frame - 575
4
901 508 30 36
1130 464 13 21
1068 448 15 20
728 494 35 36
frame - 576
3
902 509 30 37
1130 465 13 20
1070 448 15 20
frame - 577
3
905 511 29 36
1130 465 14 20
1070 448 15 20
frame - 578
4
907 511 30 36
1131 465 14 20
1072 448 16 20
730 492 37 38
frame - 579
4
908 511 30 37
1131 465 12 20
1072 448 15 20
740 480 32 45
frame - 580
5
908 511 33 38
1135 465 12 20
1073 448 15 20
729 495 39 36
736 487 35 40
frame - 581
4
741 480 33 44
910 511 31 38
1136 465 12 20
1074 448 15 20
frame - 582
5
913 511 32 38
740 487 33 39
1136 466 12 19
1075 448 15 19
729 504 40 31
frame - 583
4
914 511 32 38
730 503 40 31
1130 465 11 19
1075 447 15 20
frame - 584
5
915 511 34 38
741 485 35 40
730 504 40 30
1128 466 12 18
1075 448 15 19
frame - 585
3
744 480 34 44
921 514 31 38
1128 465 13 19
frame - 586
5
920 514 33 38
743 483 35 42
1130 465 13 18
1074 447 17 21
740 494 36 37
frame - 587
3
747 477 34 48
924 513 31 37
1133 465 12 18
frame - 588
3
923 511 34 42
743 483 37 43
741 493 36 38
frame - 589
3
925 510 33 42
746 484 34 41
1076 448 15 19
frame - 590
3
927 511 35 42
1134 465 12 19
745 486 36 39
frame - 591
1
930 511 33 43
frame - 592
3
932 511 34 42
753 477 35 47
746 486 38 41
frame - 593
2
934 511 34 42
755 478 35 46
frame - 594
3
936 511 33 42
755 478 35 45
1083 448 16 21
frame - 595
2
940 511 32 43
1148 468 14 19
frame - 596
2
941 511 32 43
1150 469 14 20
frame - 597
2
942 511 34 44
1150 470 14 20
frame - 598
2
945 511 33 43
1150 469 15 22
frame - 599
3
945 511 35 44
1150 470 15 21
1085 449 17 24
frame - 600
2
948 513 33 42
1151 471 15 21
frame - 601
1
951 514 34 39
frame - 602
2
955 515 32 39
853 480 15 24
frame - 603
3
956 514 32 40
853 480 15 24
1153 473 15 18
frame - 604
2
957 513 33 41
1153 474 15 19
frame - 605
2
960 514 33 41
1155 473 15 19
frame - 606
2
962 515 33 40
1155 473 15 18
frame - 607
2
963 516 33 39
1156 472 15 19
frame - 608
2
967 517 31 39
1155 472 16 20
frame - 609
2
969 516 31 40
1155 472 16 21
frame - 610
2
970 515 33 42
1153 472 18 21
frame - 611
1
972 518 34 39
frame - 612
1
973 518 34 40
frame - 613
1
977 516 33 45
frame - 614
2
979 518 34 43
1165 473 15 23
frame - 615
2
980 518 34 43
1165 473 16 23
frame - 616
3
981 518 34 43
1165 473 16 23
784 494 35 46
frame - 617
3
985 519 33 42
776 517 39 35
907 559 31 34
frame - 618
2
985 519 34 43
788 494 33 46
frame - 619
3
986 521 34 41
790 495 32 45
778 517 40 37
frame - 620
3
989 520 34 44
790 494 35 47
1168 477 15 19
frame - 621
1
990 519 36 46
frame - 622
1
993 520 35 47
frame - 623
2
995 522 34 48
789 497 40 48
frame - 624
1
996 523 35 46
frame - 625
1
996 524 37 47
frame - 626
1
1003 530 31 42
frame - 627
2
1004 529 32 43
796 500 39 52
frame - 628
3
1005 527 35 45
797 502 39 53
1198 480 15 22
frame - 629
3
798 500 40 55
1006 528 34 45
1178 480 18 21
frame - 630
3
1010 528 33 44
800 501 40 54
1178 480 18 22
frame - 631
3
1011 531 33 44
798 505 43 51
1197 480 16 22
frame - 632
4
1013 530 33 43
1180 481 17 22
800 506 41 52
1200 480 16 22
frame - 633
4
1015 533 33 43
804 508 40 52
1180 481 17 22
1199 480 16 23
frame - 634
4
808 508 39 53
1015 535 35 44
1180 481 18 22
1198 481 15 21
frame - 635
3
810 510 38 51
1017 535 34 44
1180 481 18 23
frame - 636
3
1019 534 34 46
813 511 37 51
1181 482 18 23
frame - 637
3
818 511 34 52
1021 534 34 47
1183 484 17 20
frame - 638
3
818 510 36 55
1023 535 35 46
1183 483 17 22
frame - 639
3
815 510 40 56
1025 535 35 45
1183 483 18 21
frame - 640
3
1026 534 34 47
820 512 37 53
1185 484 17 21
frame - 641
3
1027 534 35 48
823 513 37 53
1185 484 17 20
frame - 642
3
826 516 35 52
1033 542 30 41
1186 486 17 19
frame - 643
3
1033 541 33 46
828 514 35 55
1186 485 18 20
frame - 644
2
1032 538 35 49
828 516 38 55
frame - 645
2
1035 540 35 49
829 517 39 56
frame - 646
2
1037 541 35 49
831 516 40 56
frame - 647
3
1040 543 35 46
832 517 43 55
1196 487 15 20
frame - 648
4
1040 542 36 47
832 516 46 54
1195 489 15 19
830 534 43 45
frame - 649
3
1041 542 38 49
838 517 45 58
1195 490 15 19
frame - 650
4
1044 543 36 49
841 521 46 56
1194 489 15 20
87 423 10 13
frame - 651
4
1046 544 38 50
844 520 45 59
1195 490 15 19
87 424 10 12
frame - 652
4
1048 545 38 51
843 521 48 58
1196 491 15 18
87 424 10 13
frame - 653
4
1050 547 36 47
848 522 44 59
1198 491 13 18
86 425 11 13
frame - 654
4
846 522 47 60
1055 545 34 51
1197 491 15 20
87 425 10 13
frame - 655
4
1058 547 35 49
850 524 45 61
1199 492 12 19
87 425 11 13
frame - 656
4
1058 551 37 46
854 526 42 59
1198 492 14 18
88 425 10 13
frame - 657
5
1063 556 33 41
856 530 45 59
1200 493 13 17
1129 474 14 20
88 425 11 13
frame - 658
4
1062 554 36 46
858 526 46 60
1201 492 14 19
89 425 11 14
frame - 659
4
861 526 46 62
1065 554 35 46
1203 491 15 21
89 426 11 13
frame - 660
6
1067 555 35 46
867 526 44 61
1203 491 17 21
951 486 29 33
90 426 10 12
1131 474 15 20
frame - 661
4
868 530 45 63
1070 557 33 44
1205 491 15 21
90 425 10 13
frame - 662
4
1071 553 35 51
872 526 45 65
1204 491 16 21
91 426 10 12
frame - 663
4
875 526 46 64
1073 554 36 48
92 427 10 12
1210 492 15 20
frame - 664
5
1075 554 37 50
879 529 45 62
1212 492 15 21
91 427 11 13
956 490 26 30
frame - 665
4
884 529 44 61
1076 556 38 46
1212 493 15 20
90 427 10 13
frame - 666
3
1081 556 35 46
888 528 45 62
1210 494 15 19
frame - 667
2
1083 560 35 45
891 531 44 59
frame - 668
3
1085 557 37 48
892 528 46 61
1214 495 17 22
frame - 669
4
1087 556 39 47
893 531 48 56
891 547 49 47
91 427 10 13
frame - 670
4
1091 560 37 43
896 536 49 54
90 427 10 12
1216 495 16 22
frame - 671
4
1092 558 39 47
900 533 48 58
91 426 10 13
1212 496 18 21
frame - 672
4
1095 558 37 49
904 534 47 60
1216 496 19 23
89 426 10 13
frame - 673
4
1096 563 38 44
907 532 46 60
1216 496 20 23
89 426 10 12
frame - 674
4
912 526 46 63
1100 562 38 47
1216 497 20 22
90 426 10 13
frame - 675
4
1102 560 39 50
918 531 45 57
1220 496 20 23
91 426 10 13
frame - 676
4
1104 558 41 52
922 528 44 58
1220 498 20 21
91 426 9 13
frame - 677
4
1107 559 41 52
923 535 45 57
94 427 9 13
1218 498 19 20
frame - 678
2
1111 561 40 52
923 531 50 62
frame - 679
3
1113 561 40 51
928 532 50 60
1228 499 17 20
frame - 680
3
931 528 52 64
1115 560 41 54
1228 498 19 22
frame - 681
3
933 529 55 66
1118 561 42 54
1228 499 19 21
frame - 682
2
1119 561 45 54
936 531 54 65
frame - 683
3
940 534 55 64
1123 562 44 56
1226 497 17 21
frame - 684
3
945 531 51 65
1126 563 43 51
1226 498 17 21
frame - 685
3
953 535 47 66
1130 564 42 54
1246 499 16 22
frame - 686
2
954 535 51 64
1131 561 45 59
frame - 687
2
954 536 54 64
1136 564 44 54
frame - 688
2
1140 564 42 54
955 537 56 65
frame - 689
2
958 536 55 65
1143 563 42 56
frame - 690
2
1146 562 43 57
962 547 54 58
frame - 691
2
1148 562 44 59
966 543 53 61
frame - 692
2
1153 563 43 59
969 543 52 61
frame - 693
2
1154 563 45 61
970 543 55 65
frame - 694
2
1159 563 44 64
971 554 54 59
frame - 695
2
978 551 55 60
1163 564 43 66
frame - 696
2
1166 568 43 62
985 553 51 57
frame - 697
2
1168 570 43 60
988 556 50 55
frame - 698
2
1171 569 44 62
991 540 55 69
frame - 699
3
995 548 53 64
1178 571 42 59
991 564 52 54
