frame - 0
2
1051 453 21 24
824 427 19 16
frame - 1
2
1053 452 19 26
822 426 19 16
frame - 2
2
808 427 18 15
1054 452 20 24
frame - 3
3
1052 450 21 25
819 427 18 16
829 432 18 16
frame - 4
4
1227 515 23 15
1053 451 21 25
825 427 19 16
290 414 15 15
frame - 5
3
822 427 17 15
291 414 15 15
1053 451 20 27
frame - 6
2
1053 451 21 27
291 414 15 15
frame - 7
3
826 425 17 17
801 413 16 16
292 414 15 15
frame - 8
1
825 426 18 16
frame - 9
1
821 427 16 15
frame - 10
2
815 427 14 15
1146 443 25 44
frame - 11
2
822 427 14 15
1146 444 25 41
frame - 12
2
829 427 15 16
329 413 17 14
frame - 13
1
824 428 16 14
frame - 14
2
331 413 17 15
824 428 15 14
frame - 15
2
331 414 17 14
819 428 15 14
frame - 16
2
332 414 17 15
820 427 17 15
frame - 17
3
332 414 18 17
848 442 14 15
1069 458 15 20
frame - 18
2
829 429 17 14
849 442 13 16
frame - 19
3
848 442 14 16
802 414 19 15
824 426 19 15
frame - 20
2
829 428 17 15
848 442 14 16
frame - 21
2
850 442 13 16
826 427 17 16
frame - 22
1
849 442 14 16
frame - 23
2
849 441 14 17
828 427 18 16
frame - 24
2
830 427 17 17
851 441 13 16
frame - 25
0
frame - 26
0
frame - 27
0
frame - 28
1
331 417 20 15
frame - 29
1
1097 455 29 46
frame - 30
3
1072 453 17 26
825 428 18 15
361 414 30 40
frame - 31
1
851 442 13 15
frame - 32
2
359 417 33 39
850 442 14 15
frame - 33
1
851 441 13 16
frame - 34
1
357 412 29 37
frame - 35
1
851 442 14 16
frame - 36
0
frame - 37
1
882 437 13 15
frame - 38
0
frame - 39
0
frame - 40
0
frame - 41
1
831 428 19 15
frame - 42
2
831 427 19 16
840 428 19 15
frame - 43
3
840 427 19 16
1084 452 18 27
843 431 17 16
frame - 44
3
842 428 17 15
845 432 16 15
319 417 18 29
frame - 45
2
840 427 19 15
319 417 20 30
frame - 46
2
852 440 14 17
318 416 20 31
frame - 47
1
851 440 15 17
frame - 48
1
851 440 15 17
frame - 49
3
850 440 16 16
840 425 19 16
831 426 19 16
frame - 50
2
841 425 18 16
850 439 16 17
frame - 51
2
840 425 19 16
849 439 16 17
frame - 52
3
840 426 19 16
349 411 23 38
850 439 15 17
frame - 53
2
840 426 19 15
850 439 15 16
frame - 54
2
842 425 18 16
852 439 14 17
frame - 55
4
843 426 18 16
852 439 14 17
859 442 14 16
819 426 18 16
frame - 56
2
842 424 18 17
852 440 14 16
frame - 57
2
843 425 18 16
420 425 27 24
frame - 58
1
844 425 18 17
frame - 59
2
843 426 18 16
846 430 16 17
frame - 60
3
843 425 19 17
844 429 18 18
420 424 26 26
frame - 61
2
844 425 18 17
861 440 14 17
frame - 62
2
844 426 18 16
846 431 16 17
frame - 63
2
843 425 20 16
844 430 18 17
frame - 64
3
844 423 19 18
844 428 18 19
1101 454 17 24
frame - 65
2
844 423 18 17
861 441 15 17
frame - 66
2
843 424 19 16
862 440 15 17
frame - 67
2
843 425 18 15
862 440 16 17
frame - 68
1
844 424 18 16
frame - 69
3
844 425 18 16
862 440 16 17
317 417 24 39
frame - 70
3
845 425 17 16
862 440 16 17
319 416 23 40
frame - 71
3
846 424 17 17
862 440 17 17
317 415 25 42
frame - 72
3
314 415 23 44
848 426 15 16
1107 451 15 25
frame - 73
3
845 424 18 17
861 440 17 17
720 434 17 15
frame - 74
3
844 425 19 15
860 440 17 17
891 435 14 16
frame - 75
2
846 423 17 17
861 439 16 18
frame - 76
3
847 424 17 16
861 439 17 18
720 433 16 15
frame - 77
1
849 425 15 16
frame - 78
1
849 424 16 17
frame - 79
3
1091 449 15 21
850 424 15 17
1166 451 23 40
frame - 80
3
312 415 31 42
849 424 16 17
1165 453 24 38
frame - 81
3
848 425 18 17
856 427 19 15
418 426 30 25
frame - 82
2
848 426 17 16
419 427 28 24
frame - 83
2
849 425 18 17
856 426 18 16
frame - 84
1
1103 474 18 22
frame - 85
2
849 425 17 16
886 439 15 18
frame - 86
5
848 424 18 16
422 431 25 25
281 423 30 39
1179 451 17 27
883 440 15 18
frame - 87
4
848 425 18 16
423 432 25 25
280 424 30 39
855 426 19 15
frame - 88
4
850 426 16 15
423 432 26 25
1179 456 18 29
279 423 30 39
frame - 89
6
850 426 16 15
423 433 25 23
878 440 15 18
279 418 30 40
727 427 16 14
1180 455 20 31
frame - 90
5
282 415 31 43
424 433 25 25
858 426 17 16
853 426 14 15
1180 455 22 31
frame - 91
4
278 419 31 44
425 433 25 25
859 426 16 15
1179 456 23 31
frame - 92
4
279 419 34 43
427 436 23 22
861 427 15 15
1177 456 26 31
frame - 93
4
280 415 30 44
427 435 23 23
862 427 15 14
1180 456 24 31
frame - 94
4
280 415 30 41
1180 456 25 32
863 427 14 14
728 421 13 12
frame - 95
6
861 426 16 15
279 414 28 41
1182 456 23 31
729 421 13 12
1136 458 21 28
427 433 23 24
frame - 96
2
862 427 15 15
428 434 23 23
frame - 97
2
861 427 15 15
729 421 13 12
frame - 98
1
863 426 16 16
frame - 99
1
862 427 16 15
frame - 100
3
1141 459 24 28
862 428 15 14
880 440 14 17
frame - 101
2
879 439 14 18
1139 460 19 25
frame - 102
5
879 436 13 15
574 441 22 24
327 421 25 36
1138 459 17 27
429 427 28 31
frame - 103
6
1138 459 19 27
881 439 12 17
574 442 22 24
878 435 13 16
1134 457 14 21
428 425 30 33
frame - 104
3
1140 460 16 25
865 425 15 16
880 438 13 18
frame - 105
1
865 424 16 17
frame - 106
1
866 425 15 16
frame - 107
4
866 425 16 17
1140 459 21 26
876 433 14 16
1139 455 18 23
frame - 108
2
865 425 17 16
878 434 13 16
frame - 109
2
865 425 18 17
1142 460 20 26
frame - 110
3
866 425 18 17
1144 459 21 27
813 414 15 13
frame - 111
3
866 425 20 17
1141 460 20 26
737 449 18 16
frame - 112
3
866 426 19 16
737 449 19 16
873 427 18 16
frame - 113
3
866 426 19 17
883 434 15 16
873 427 17 16
frame - 114
3
1143 450 19 23
866 425 19 17
872 426 17 17
frame - 115
3
1146 462 18 23
864 425 19 17
324 417 29 31
frame - 116
5
1145 462 18 23
731 423 16 16
1143 455 16 21
867 425 17 17
882 435 14 15
frame - 117
5
732 422 17 17
883 439 16 18
322 415 25 32
1144 460 20 25
865 425 19 17
frame - 118
3
1141 460 19 25
1206 459 26 34
732 423 16 17
frame - 119
4
1141 458 20 28
1208 459 27 34
888 438 15 19
874 426 17 16
frame - 120
4
1143 459 17 26
891 439 15 18
1148 457 15 22
876 426 17 16
frame - 121
6
889 439 15 19
438 425 28 31
1146 460 19 26
1210 458 28 34
874 425 17 17
253 408 26 38
frame - 122
6
888 439 16 19
252 404 28 43
1148 460 19 26
875 425 16 17
438 425 29 31
1211 458 29 34
frame - 123
5
888 438 15 19
1213 457 28 35
252 405 27 43
877 425 16 16
440 427 27 30
frame - 124
5
1147 458 20 27
887 438 16 19
253 407 25 40
1213 458 26 33
441 427 26 30
frame - 125
4
888 437 17 20
877 426 16 16
1217 459 25 27
1159 454 20 24
frame - 126
3
889 438 16 19
249 408 27 41
877 425 17 16
frame - 127
5
248 408 29 41
878 425 16 17
1147 456 16 21
891 438 15 19
381 411 15 16
frame - 128
5
893 438 16 20
248 410 28 40
877 425 15 16
1144 453 19 22
1161 454 21 23
frame - 129
4
877 425 16 16
885 432 17 18
893 437 16 20
1221 461 26 26
frame - 130
5
243 411 34 40
878 425 15 17
894 437 15 19
888 432 15 19
1164 455 19 22
frame - 131
7
894 437 16 20
877 425 16 16
242 410 33 40
1226 458 24 29
890 432 16 19
1168 453 16 23
924 438 15 18
frame - 132
7
893 437 16 19
241 408 33 41
891 433 16 18
877 425 16 16
1168 452 16 22
1226 458 26 28
924 438 15 18
frame - 133
7
891 432 16 19
878 424 16 17
241 405 32 43
897 437 16 19
1227 458 27 33
1168 453 18 22
383 406 14 17
frame - 134
10
241 408 33 40
1171 450 16 21
891 432 16 18
899 436 15 20
849 423 16 16
588 440 21 25
879 424 15 17
923 438 16 19
385 405 13 18
1229 459 24 28
frame - 135
7
892 433 15 18
922 438 17 19
1168 452 16 21
896 436 16 20
382 408 15 15
239 406 28 42
588 440 21 25
frame - 136
6
893 433 16 18
894 436 17 20
923 437 17 19
1166 452 18 24
383 408 14 16
589 440 21 25
frame - 137
7
893 433 16 18
895 436 16 20
1157 448 14 19
1164 449 17 22
589 440 20 25
382 408 14 14
925 436 16 20
frame - 138
7
892 431 17 19
239 407 26 42
923 436 17 20
1168 450 16 25
894 434 17 22
589 440 21 25
379 407 16 15
frame - 139
4
892 431 17 19
238 406 29 42
589 440 21 25
1236 452 25 24
frame - 140
8
896 436 16 20
1237 451 26 25
893 432 17 19
925 437 16 20
590 440 21 25
381 407 16 15
237 409 27 39
882 424 16 17
frame - 141
7
898 431 14 19
852 424 14 16
237 408 28 40
591 440 20 24
926 439 15 19
381 407 16 14
1239 452 24 25
frame - 142
4
896 431 16 18
236 405 27 44
927 439 16 19
591 439 21 25
frame - 143
5
928 439 15 19
897 432 15 18
235 408 25 41
1174 455 22 23
1176 458 24 27
frame - 144
3
896 431 16 19
234 408 26 41
928 439 15 18
frame - 145
4
235 409 26 40
903 436 14 20
898 433 14 18
391 406 16 15
frame - 146
3
1177 452 21 25
907 437 15 20
896 433 15 17
frame - 147
4
1176 451 21 26
897 431 16 19
1169 453 18 24
233 411 29 39
frame - 148
5
1177 451 21 25
898 432 16 18
285 418 26 41
390 406 17 16
231 415 28 39
frame - 149
4
1177 451 23 27
887 423 16 17
897 432 15 18
389 406 18 16
frame - 150
2
1178 452 22 26
393 406 17 18
frame - 151
2
1182 451 18 26
893 424 14 16
frame - 152
7
891 422 15 17
1252 452 25 24
1182 454 19 23
284 421 27 37
934 434 12 16
901 432 14 18
391 405 17 17
frame - 153
5
894 421 14 18
1185 452 15 25
392 405 18 18
1192 453 18 24
903 433 13 17
frame - 154
5
281 419 30 42
1193 452 19 26
893 421 16 18
392 405 18 18
903 432 14 18
frame - 155
7
277 420 31 39
1255 450 23 24
1195 452 20 26
393 406 18 18
905 432 15 19
908 437 15 20
1183 451 17 26
frame - 156
7
279 420 29 38
904 432 16 19
392 406 18 17
895 422 16 17
756 420 13 12
907 435 16 22
1196 452 21 26
frame - 157
5
907 432 15 18
395 408 18 17
278 419 30 40
897 422 15 18
758 421 13 12
frame - 158
5
275 420 32 40
909 433 14 18
397 408 17 17
1194 449 25 36
911 436 14 20
frame - 159
5
909 433 14 18
911 436 15 20
396 407 17 17
1200 450 22 28
895 421 15 17
frame - 160
6
276 420 31 39
910 435 16 21
906 433 16 19
398 408 16 18
893 421 17 17
1203 451 19 26
frame - 161
6
276 418 31 43
907 433 15 18
910 436 15 20
1202 451 21 27
397 408 16 18
895 423 16 16
frame - 162
5
273 416 33 45
907 433 16 19
911 436 15 20
396 408 16 18
1201 452 21 26
frame - 163
6
273 418 34 44
911 436 16 21
907 433 16 19
1203 452 19 26
896 423 15 16
398 408 14 17
frame - 164
7
273 418 33 42
912 436 16 21
1204 453 19 25
895 422 16 16
909 434 16 17
399 409 14 17
891 419 17 15
frame - 165
6
1205 452 18 26
909 433 15 18
912 436 16 20
398 408 16 19
1264 454 15 20
895 423 15 16
frame - 166
7
911 435 18 22
1204 452 21 25
892 420 17 17
908 433 17 19
1164 429 16 19
399 410 15 17
1259 439 17 18
frame - 167
6
911 436 18 22
1208 453 18 25
398 409 15 16
894 422 16 16
907 433 17 18
1265 456 15 22
frame - 168
5
910 435 19 23
893 422 16 16
399 409 14 17
1208 454 19 24
1169 432 12 18
frame - 169
5
910 435 18 23
893 423 17 16
399 409 14 17
904 432 17 19
1168 426 13 16
frame - 170
5
911 435 18 22
909 433 17 19
398 410 16 17
280 418 26 30
896 422 15 16
frame - 171
5
914 436 17 21
909 433 17 18
400 410 15 17
895 422 17 17
1211 453 16 24
frame - 172
5
907 431 18 20
400 410 15 16
915 436 17 21
896 423 16 18
1212 454 17 23
frame - 173
5
910 432 16 19
401 410 14 17
917 437 16 20
897 424 15 16
1216 454 16 23
frame - 174
5
909 433 15 18
401 410 14 17
915 437 16 19
897 425 15 16
1217 452 15 24
frame - 175
5
895 424 16 16
906 432 16 18
918 438 15 18
1219 453 16 24
403 410 13 16
frame - 176
5
895 423 16 17
918 438 15 19
909 432 16 18
1218 455 15 22
404 410 13 15
frame - 177
3
918 438 15 19
895 424 16 16
908 432 16 18
frame - 178
6
916 439 16 18
894 425 18 16
908 433 16 17
284 414 17 17
1219 455 15 22
939 433 17 16
frame - 179
7
918 438 16 19
894 424 16 16
1219 456 15 22
907 431 16 18
1269 450 11 21
404 408 14 17
1223 459 17 25
frame - 180
5
1223 462 20 23
1271 448 9 19
894 423 17 17
919 439 14 19
285 413 15 17
frame - 181
5
1222 461 21 24
893 422 17 19
1271 447 9 20
283 415 15 16
921 438 15 20
frame - 182
5
1223 460 20 26
892 422 18 18
918 439 15 18
283 414 16 16
1271 449 9 20
frame - 183
4
1216 455 17 22
283 414 17 16
893 423 18 18
919 439 14 19
frame - 184
5
1216 455 16 22
282 414 16 16
893 424 17 17
920 438 16 21
917 438 15 19
frame - 185
5
920 439 17 20
892 424 18 17
1226 461 19 24
1219 456 17 21
283 414 16 16
frame - 186
3
1224 456 16 20
921 438 17 21
891 423 19 18
frame - 187
3
1222 456 16 20
921 439 16 20
892 423 17 18
frame - 188
4
1225 456 15 19
920 439 18 21
892 423 17 18
917 438 16 20
frame - 189
3
1214 457 17 20
919 439 18 21
891 423 18 18
frame - 190
4
920 439 17 20
892 423 18 18
1233 456 14 20
917 438 16 19
frame - 191
4
920 440 19 20
1232 458 15 19
892 423 18 17
1232 461 17 23
frame - 192
4
920 440 18 20
1230 458 14 19
892 423 18 17
1220 461 16 23
frame - 193
4
921 440 18 20
1215 463 19 21
1225 460 16 18
892 424 18 17
frame - 194
4
921 440 19 20
1217 462 18 23
1227 459 16 19
892 423 18 17
frame - 195
4
922 440 18 20
1219 462 18 23
892 424 18 16
1229 458 16 19
frame - 196
4
925 440 17 20
894 424 18 17
1217 463 19 22
1231 459 16 18
frame - 197
4
924 439 18 21
1233 456 18 20
894 424 18 17
1225 461 19 24
frame - 198
3
925 439 18 21
895 424 17 17
1235 458 16 19
frame - 199
3
926 439 18 21
895 424 17 18
1237 457 13 18
frame - 200
4
926 439 18 21
895 425 17 17
898 428 17 19
1243 459 16 17
frame - 201
5
927 440 18 20
896 426 17 16
800 432 15 16
898 429 17 18
1243 455 18 19
frame - 202
6
928 440 17 20
896 426 16 16
898 429 17 18
1244 456 16 18
802 432 14 16
1235 459 14 18
frame - 203
5
928 439 17 20
1245 455 16 17
801 431 14 17
896 426 15 16
898 429 16 18
frame - 204
6
929 440 16 19
805 431 15 17
956 436 14 16
896 426 16 16
1246 457 16 16
903 430 16 18
frame - 205
8
929 439 17 20
815 429 16 19
957 436 14 16
1231 457 15 17
830 425 16 18
904 431 15 17
615 448 23 25
896 426 16 16
frame - 206
6
930 440 16 20
813 432 15 17
956 436 14 16
828 426 17 16
1228 459 16 17
906 431 16 17
frame - 207
8
929 439 18 21
955 438 15 18
958 436 15 16
1227 459 16 17
899 427 16 15
902 430 17 18
939 440 17 19
811 434 15 15
frame - 208
6
929 439 17 20
954 438 16 18
957 436 16 17
803 434 14 16
616 449 24 25
943 439 16 19
frame - 209
7
930 440 17 19
955 438 16 18
801 434 14 16
958 436 16 17
897 426 17 16
939 439 17 20
902 430 16 17
frame - 210
4
930 440 17 19
959 436 15 16
956 437 16 18
824 432 16 17
frame - 211
4
959 435 16 16
930 440 18 20
1229 459 16 19
957 436 16 19
frame - 212
4
956 437 17 19
931 440 17 20
1226 458 15 17
959 435 16 18
frame - 213
6
955 437 17 19
932 440 16 20
1225 457 16 18
959 435 15 17
1256 457 17 18
937 439 18 20
frame - 214
5
956 437 17 19
932 440 16 20
1255 456 18 19
959 436 16 17
1225 456 15 18
frame - 215
8
1256 455 17 20
956 439 16 17
933 440 15 19
897 424 16 17
959 436 16 16
827 432 17 17
1257 460 18 23
410 408 18 15
frame - 216
6
1254 456 19 19
956 437 16 19
896 423 16 18
940 439 17 21
959 435 16 17
934 440 15 19
frame - 217
6
1254 455 19 20
956 437 16 19
960 435 15 17
941 439 16 20
897 424 16 16
935 440 14 18
frame - 218
6
959 435 14 15
827 434 16 16
935 440 14 19
894 422 17 17
413 408 17 16
940 438 16 21
frame - 219
5
960 434 13 16
826 434 16 16
413 408 18 16
1260 461 17 24
935 440 13 19
frame - 220
7
959 435 13 16
413 408 18 16
826 434 16 16
625 449 24 24
895 421 17 18
895 418 16 16
768 426 17 16
frame - 221
5
828 435 16 15
626 450 23 24
414 410 18 14
768 425 18 17
1265 455 14 20
frame - 222
3
830 435 16 15
627 450 23 24
413 411 18 14
frame - 223
1
1265 462 14 23
frame - 224
2
896 423 17 17
1265 463 14 22
frame - 225
1
898 424 16 17
frame - 226
1
898 423 17 18
frame - 227
3
1259 463 15 23
897 423 16 18
1254 463 15 23
frame - 228
4
898 423 15 18
1254 464 13 22
84 425 33 39
77 426 31 40
frame - 229
5
897 421 17 20
82 421 36 39
629 451 23 21
75 423 34 39
1260 461 15 25
frame - 230
4
896 422 16 19
631 449 23 22
88 420 33 35
414 412 16 14
frame - 231
3
897 422 16 19
82 419 37 34
632 449 22 23
frame - 232
3
897 423 15 19
633 449 22 23
72 421 38 31
frame - 233
2
895 422 19 18
72 419 37 33
frame - 234
3
70 423 34 40
898 424 17 17
778 427 21 15
frame - 235
3
70 424 34 39
897 424 16 17
967 436 11 15
frame - 236
4
896 423 17 17
71 420 34 36
1266 460 13 26
968 436 11 15
frame - 237
3
70 420 36 36
898 424 15 17
968 436 11 15
frame - 238
2
1268 462 12 24
899 423 15 18
frame - 239
0
frame - 240
1
897 424 16 18
frame - 241
2
898 422 16 19
641 448 23 26
frame - 242
2
896 423 18 18
641 448 24 26
frame - 243
2
641 448 24 27
897 423 18 19
frame - 244
4
898 423 18 19
962 438 13 19
642 449 23 26
816 432 16 17
frame - 245
2
898 422 18 19
811 431 17 18
frame - 246
2
897 424 19 18
643 449 23 26
frame - 247
2
900 423 19 19
643 449 23 25
frame - 248
2
900 423 19 19
642 449 24 24
frame - 249
1
901 423 19 18
frame - 250
2
902 423 20 19
645 450 23 24
frame - 251
2
902 423 19 19
647 450 21 24
frame - 252
1
902 422 20 19
frame - 253
2
903 422 19 19
648 451 22 24
frame - 254
2
903 423 19 18
648 450 23 24
frame - 255
3
903 423 18 18
649 449 23 25
849 434 16 16
frame - 256
3
903 423 19 19
648 449 24 24
849 432 15 18
frame - 257
1
902 423 20 19
frame - 258
2
902 424 19 18
650 450 21 25
frame - 259
2
904 423 19 19
650 449 22 26
frame - 260
1
904 424 19 18
frame - 261
1
905 424 20 18
frame - 262
3
26 410 34 37
906 424 20 18
650 448 24 25
frame - 263
2
906 425 19 17
26 408 33 39
frame - 264
3
907 424 19 19
840 441 19 17
91 413 33 37
frame - 265
4
92 417 30 40
841 442 19 16
907 425 19 18
961 447 12 18
frame - 266
3
89 417 33 39
906 425 19 18
814 434 16 14
frame - 267
5
88 418 34 38
25 419 30 37
804 429 18 15
807 432 18 15
907 426 18 17
frame - 268
3
88 417 34 38
805 429 18 15
907 424 18 19
frame - 269
4
86 420 36 36
846 426 16 16
906 425 20 18
800 429 18 15
frame - 270
4
86 419 32 38
799 429 17 14
906 425 18 16
652 449 22 26
frame - 271
4
87 419 30 38
800 429 16 14
905 425 18 17
967 450 9 16
frame - 272
4
84 419 35 37
966 450 10 17
906 425 18 17
800 428 16 14
frame - 273
4
907 425 17 16
801 429 16 14
87 419 30 36
967 449 10 16
frame - 274
3
909 425 17 17
967 449 10 17
802 429 16 14
frame - 275
5
76 419 36 34
969 447 10 17
807 429 15 14
909 425 18 17
811 432 16 15
frame - 276
5
76 419 32 36
808 429 15 14
969 451 9 15
910 425 18 18
811 431 16 16
frame - 277
6
76 421 28 35
807 430 15 13
911 425 17 17
969 449 10 16
809 432 16 15
658 451 22 23
frame - 278
5
910 426 19 17
807 429 16 14
969 453 9 16
75 421 25 35
809 431 17 15
frame - 279
3
911 425 19 18
805 430 16 13
75 419 24 35
frame - 280
5
910 425 19 18
807 430 15 13
972 450 9 14
994 440 11 18
809 432 17 14
frame - 281
4
911 426 18 17
840 449 22 16
659 452 24 24
813 430 16 13
frame - 282
5
910 426 18 16
659 451 25 26
811 430 16 13
969 447 11 16
77 416 23 31
frame - 283
6
911 425 17 17
813 430 15 13
970 448 11 15
660 451 23 25
431 411 16 14
914 429 16 17
frame - 284
3
911 425 17 16
813 430 15 13
661 451 22 25
frame - 285
3
912 425 17 16
816 431 14 12
661 452 23 24
frame - 286
4
813 430 16 13
911 424 17 16
664 453 21 24
3 416 16 45
frame - 287
8
814 430 16 13
663 453 23 23
913 423 17 16
969 451 11 16
2 416 16 44
917 420 15 14
816 432 17 15
859 436 18 13
frame - 288
6
812 430 16 13
912 423 17 17
1 417 15 43
969 450 12 17
663 453 23 22
912 419 15 14
frame - 289
4
910 424 17 16
664 453 23 22
1 417 14 42
817 429 14 14
frame - 290
5
1 419 16 37
912 423 17 18
816 429 15 13
664 453 22 21
861 434 17 15
frame - 291
3
913 423 17 18
0 418 14 32
812 429 16 13
frame - 292
1
0 419 13 30
frame - 293
3
822 429 19 14
0 420 13 37
830 430 19 17
frame - 294
2
0 419 13 38
819 428 16 14
frame - 295
2
822 428 17 14
0 420 12 38
frame - 296
2
822 428 18 15
0 422 11 36
frame - 297
1
1 422 9 37
frame - 298
1
919 425 20 17
frame - 299
0
frame - 300
0
frame - 301
0
frame - 302
3
38 422 21 26
464 415 15 18
921 423 19 17
frame - 303
2
921 423 20 17
40 420 25 28
frame - 304
2
920 424 21 17
38 419 29 30
frame - 305
1
828 428 17 15
frame - 306
1
925 417 18 14
frame - 307
1
994 435 12 15
frame - 308
2
30 422 29 26
923 423 19 17
frame - 309
3
923 424 19 17
830 429 18 18
996 435 11 15
frame - 310
3
994 436 11 16
923 423 19 17
996 438 11 18
frame - 311
3
820 428 18 15
922 423 20 18
829 429 19 17
frame - 312
0
frame - 313
0
frame - 314
2
821 427 19 16
828 429 19 17
frame - 315
0
frame - 316
3
993 437 12 15
822 427 19 15
674 457 24 20
frame - 317
2
992 437 13 15
822 426 20 16
frame - 318
4
824 426 20 16
926 424 20 17
992 439 13 18
676 457 23 21
frame - 319
3
821 426 20 16
983 452 11 16
994 440 12 17
frame - 320
4
823 427 20 16
982 453 11 16
676 458 23 20
829 429 19 17
frame - 321
2
822 427 19 15
982 456 12 18
frame - 322
2
982 456 13 18
824 427 19 15
frame - 323
2
823 427 19 15
983 456 12 18
frame - 324
3
994 436 14 15
824 427 18 15
984 455 12 17
frame - 325
3
995 436 13 15
675 457 24 17
826 426 18 15
frame - 326
3
675 457 24 17
994 436 14 14
828 426 18 15
frame - 327
3
994 436 14 14
675 456 24 18
828 424 18 17
frame - 328
1
993 436 13 15
frame - 329
1
676 453 23 18
frame - 330
3
984 456 11 16
1012 437 12 15
676 456 25 17
frame - 331
3
984 455 12 16
1013 438 12 14
676 457 25 17
frame - 332
3
1014 439 12 16
675 456 25 17
987 456 11 16
frame - 333
3
985 454 12 15
1015 439 12 17
675 455 25 16
frame - 334
2
983 454 11 16
1014 437 13 15
frame - 335
2
983 454 13 16
1013 437 14 15
frame - 336
2
983 454 12 15
1014 437 14 15
frame - 337
2
984 455 11 16
1015 437 14 14
frame - 338
2
984 454 12 16
1014 437 15 15
frame - 339
2
984 456 12 16
1015 437 14 14
frame - 340
1
984 453 11 15
frame - 341
1
985 453 11 16
frame - 342
2
984 454 13 16
1020 436 15 14
frame - 343
2
1021 436 14 14
984 453 13 16
frame - 344
4
986 455 13 17
1021 436 15 14
858 452 20 13
547 451 25 21
frame - 345
3
988 455 12 17
1022 437 13 13
548 451 24 22
frame - 346
2
1023 436 13 14
987 453 12 17
frame - 347
2
1022 437 14 14
453 410 23 19
frame - 348
3
1022 437 13 14
990 452 12 17
453 409 23 19
frame - 349
1
1022 437 14 14
frame - 350
2
1022 437 14 13
510 427 18 14
frame - 351
1
985 454 12 16
frame - 352
0
frame - 353
0
frame - 354
1
989 448 12 16
frame - 355
2
990 452 12 16
1024 436 13 15
frame - 356
0
frame - 357
0
frame - 358
0
frame - 359
0
frame - 360
0
frame - 361
0
frame - 362
0
frame - 363
0
frame - 364
1
907 425 15 15
frame - 365
0
frame - 366
2
910 423 16 17
886 416 15 16
frame - 367
0
frame - 368
0
frame - 369
1
911 424 14 16
frame - 370
1
904 423 15 17
frame - 371
1
1009 436 14 15
frame - 372
2
879 421 16 19
1009 436 14 15
frame - 373
0
frame - 374
1
998 452 11 16
frame - 375
0
frame - 376
1
1011 436 12 15
frame - 377
2
841 426 20 16
1010 436 13 15
frame - 378
2
842 426 20 16
1010 436 12 15
frame - 379
5
1039 435 14 15
843 427 19 15
1010 437 13 14
926 426 16 17
313 423 14 15
frame - 380
1
1012 437 12 14
frame - 381
3
1011 437 15 15
311 421 14 16
1038 436 14 15
frame - 382
2
305 416 16 15
1012 436 13 15
frame - 383
2
1012 436 14 15
305 417 16 14
frame - 384
2
305 417 15 14
310 422 14 14
frame - 385
2
1012 436 13 14
304 417 17 15
frame - 386
4
303 417 17 16
1012 436 13 14
309 422 15 15
1040 436 15 16
frame - 387
2
303 417 17 15
1040 436 15 16
frame - 388
2
303 418 16 14
310 422 14 15
frame - 389
1
303 418 16 14
frame - 390
1
303 418 17 14
frame - 391
1
303 418 17 14
frame - 392
1
302 417 17 16
frame - 393
1
302 416 17 16
frame - 394
1
302 416 17 16
frame - 395
1
960 431 14 18
frame - 396
1
960 431 13 17
frame - 397
1
304 415 16 16
frame - 398
1
305 415 15 15
frame - 399
3
306 415 15 15
963 432 14 16
1024 437 12 15
frame - 400
3
1024 437 12 14
304 415 16 16
965 427 14 15
frame - 401
1
303 415 16 16
frame - 402
2
303 415 16 16
961 426 15 17
frame - 403
4
963 430 13 18
302 415 17 17
1024 437 12 14
964 428 13 16
frame - 404
3
302 415 17 17
1025 437 12 14
962 431 15 17
frame - 405
2
1025 437 13 14
301 416 17 16
frame - 406
3
1022 448 13 17
1025 437 14 14
302 416 16 17
frame - 407
3
1024 448 12 17
724 470 30 31
301 417 17 16
frame - 408
3
301 417 18 16
1024 447 13 18
1025 437 15 14
frame - 409
5
1024 448 15 17
301 416 17 17
728 468 31 35
968 426 18 16
1026 437 16 14
frame - 410
3
302 416 16 17
730 469 29 33
1025 447 14 18
frame - 411
5
731 469 30 33
1025 446 15 19
300 416 17 17
967 430 17 18
966 426 18 17
frame - 412
5
732 469 29 34
301 416 17 17
1027 446 15 19
967 431 17 18
661 495 23 27
frame - 413
2
734 468 30 34
1027 446 15 20
frame - 414
4
734 469 29 33
1026 448 14 19
971 427 17 16
966 430 17 17
frame - 415
4
736 469 28 33
860 434 18 14
965 431 15 17
1031 437 13 14
frame - 416
2
968 431 15 17
860 434 18 13
frame - 417
1
967 432 15 16
frame - 418
1
968 431 16 17
frame - 419
1
969 431 19 18
frame - 420
4
882 454 17 13
972 431 17 17
848 427 15 14
1038 447 13 17
frame - 421
1
740 468 33 30
frame - 422
3
743 469 31 33
848 424 16 16
974 430 17 18
frame - 423
3
848 424 16 16
975 430 16 18
1039 447 11 18
frame - 424
4
1039 447 12 20
849 424 15 15
975 427 18 16
850 421 14 13
frame - 425
2
1037 447 11 17
974 430 17 18
frame - 426
4
1039 448 11 17
252 414 18 18
976 430 17 18
749 467 32 30
frame - 427
5
750 467 31 30
1040 442 11 16
977 430 16 19
1037 447 11 17
252 414 18 18
frame - 428
4
252 415 18 17
1041 442 11 16
750 467 31 31
978 431 16 18
frame - 429
3
1039 441 11 17
253 415 18 17
1038 447 11 16
frame - 430
4
1038 448 12 19
977 431 17 18
752 467 30 30
1040 441 12 17
frame - 431
2
1038 449 11 18
978 431 17 18
frame - 432
3
1037 448 14 19
977 431 17 18
253 415 18 17
frame - 433
5
1037 449 14 18
1040 437 14 15
1039 440 14 18
753 467 31 31
253 415 18 17
frame - 434
3
1038 448 16 20
253 414 18 18
1041 436 14 15
frame - 435
3
1040 449 14 20
253 414 18 18
1041 435 15 15
frame - 436
3
1039 449 16 20
253 414 18 18
1042 436 15 15
frame - 437
3
1039 449 16 20
252 414 19 18
878 432 19 16
frame - 438
4
1037 447 15 18
252 414 19 18
759 465 32 35
288 415 17 18
frame - 439
3
1039 448 13 18
252 414 19 18
289 414 17 18
frame - 440
4
1042 450 13 19
252 414 18 18
892 425 15 16
287 415 18 17
frame - 441
3
252 414 18 18
289 415 16 16
1044 447 13 19
frame - 442
2
1046 437 13 13
252 414 19 17
frame - 443
3
1046 437 13 14
291 416 16 17
252 414 19 18
frame - 444
3
766 465 30 30
985 433 19 16
1048 437 12 14
frame - 445
4
766 464 32 32
1049 437 12 14
252 413 18 18
985 432 21 16
frame - 446
5
986 432 20 17
767 465 32 31
1048 436 13 14
292 414 15 17
253 413 18 18
frame - 447
4
1048 437 15 14
985 432 19 17
1048 440 15 17
293 414 15 17
frame - 448
4
989 432 18 17
1049 436 14 14
769 467 30 28
292 414 16 18
frame - 449
2
1048 450 15 18
1053 437 13 13
frame - 450
5
1048 451 15 20
252 413 19 17
1172 451 13 15
285 413 19 19
769 467 31 30
frame - 451
6
1046 450 14 19
252 412 18 18
1172 451 13 16
988 428 18 15
769 465 32 32
287 414 18 18
frame - 452
4
1049 451 11 18
252 413 18 17
770 466 32 31
288 414 18 18
frame - 453
4
1055 449 11 18
252 412 19 18
770 466 32 31
289 414 18 18
frame - 454
5
1053 447 13 19
772 464 32 38
251 412 20 19
990 430 17 18
288 414 18 18
frame - 455
5
1054 447 13 18
252 412 19 18
289 414 17 18
989 430 18 18
773 465 32 36
frame - 456
5
990 429 18 18
1057 447 12 19
252 412 19 19
288 414 17 18
900 424 19 17
frame - 457
5
1058 447 13 18
251 412 20 19
993 431 16 17
288 414 18 19
891 426 19 15
frame - 458
4
1057 447 14 18
252 412 19 19
288 414 17 18
990 430 17 18
frame - 459
4
1057 447 14 18
252 413 19 18
778 465 32 37
993 432 16 17
frame - 460
4
1057 447 14 18
253 413 19 18
994 432 16 17
1002 434 17 17
frame - 461
5
1056 448 15 19
780 466 34 32
253 413 19 18
1004 436 15 15
994 433 16 16
frame - 462
5
1056 448 14 18
1003 435 16 16
779 466 31 36
252 413 19 18
993 434 16 15
frame - 463
3
1057 448 14 18
1004 435 15 15
779 468 32 38
frame - 464
2
1056 447 15 19
781 468 33 30
frame - 465
2
1057 448 14 17
781 471 34 34
frame - 466
3
1055 448 16 19
781 468 34 31
1006 434 17 16
frame - 467
2
1055 448 15 19
782 472 33 32
frame - 468
3
1057 449 12 18
786 469 33 39
863 457 16 16
frame - 469
2
1057 449 13 17
786 470 34 38
frame - 470
2
1057 448 13 18
787 471 33 37
frame - 471
6
1059 448 14 21
899 426 20 16
788 472 33 38
1005 434 16 16
990 432 16 17
288 416 16 17
frame - 472
5
1060 449 12 18
789 472 32 38
902 424 19 16
1007 435 14 15
994 433 15 16
frame - 473
3
1059 450 14 21
896 426 19 15
982 432 17 17
frame - 474
3
1059 448 12 20
991 434 16 16
884 427 17 15
frame - 475
5
1058 449 12 19
1007 434 16 16
289 415 16 18
895 426 16 14
993 434 16 16
frame - 476
4
889 428 16 14
1061 450 11 18
1006 433 16 16
996 435 15 15
frame - 477
3
1063 452 12 19
1008 433 15 17
881 429 19 14
frame - 478
3
1064 451 12 19
1007 433 16 16
790 479 35 36
frame - 479
1
1068 452 12 20
frame - 480
3
1069 453 13 19
792 480 35 38
1008 434 15 16
frame - 481
2
1070 452 13 20
1009 434 15 16
frame - 482
2
1070 452 14 20
1011 432 15 17
frame - 483
3
795 477 32 41
1071 452 14 20
1013 434 14 16
frame - 484
3
795 479 33 40
1070 454 14 19
1013 435 14 16
frame - 485
3
796 478 33 41
1071 452 15 20
1011 433 16 17
frame - 486
3
1071 452 15 21
796 479 33 40
1012 433 13 16
frame - 487
3
1072 453 14 21
796 478 32 40
1012 432 15 17
frame - 488
4
1071 453 13 20
796 479 33 39
1012 433 15 18
258 417 15 15
frame - 489
3
1072 453 13 21
1009 433 17 18
796 480 35 36
frame - 490
3
1072 454 13 20
796 481 35 35
1011 434 16 17
frame - 491
3
1071 455 15 20
796 482 36 35
975 430 18 20
frame - 492
3
1074 454 13 21
796 483 36 35
1012 433 15 18
frame - 493
3
1075 453 13 20
797 484 35 34
884 433 19 16
frame - 494
3
1075 453 14 21
1011 426 15 17
881 432 18 17
frame - 495
3
880 431 18 18
1075 454 13 21
804 484 30 37
frame - 496
3
1074 452 13 20
879 432 16 18
976 431 16 18
frame - 497
1
1073 453 14 19
frame - 498
1
1074 453 14 20
frame - 499
3
1074 453 15 20
1016 431 19 19
806 483 29 38
frame - 500
3
1075 453 15 20
805 485 32 37
1013 433 15 19
frame - 501
2
1075 453 15 21
1017 432 18 18
frame - 502
3
1076 453 15 20
805 487 32 33
1018 432 17 18
frame - 503
4
1077 452 14 21
1017 431 18 19
806 485 33 36
977 431 19 19
frame - 504
3
1018 432 17 18
806 486 34 35
1076 451 14 21
frame - 505
3
1017 433 18 18
1075 451 14 20
1084 453 15 22
frame - 506
4
1073 451 16 19
1017 434 18 17
1012 433 16 19
1082 452 16 20
frame - 507
4
1073 450 14 19
1013 434 16 18
1017 434 18 17
1140 416 20 16
frame - 508
2
1017 434 18 18
1073 450 14 18
frame - 509
3
1018 434 18 18
1075 450 15 18
810 488 33 38
frame - 510
4
1016 434 19 18
808 485 36 37
1083 450 15 18
1076 449 14 18
frame - 511
3
810 485 34 39
1084 450 16 20
1020 438 18 17
frame - 512
3
1020 438 19 18
1087 449 13 18
810 485 35 38
frame - 513
2
1086 449 15 21
1024 435 15 16
frame - 514
3
1087 450 14 19
1024 435 16 17
812 483 34 38
frame - 515
3
1088 450 13 20
1025 434 15 17
811 484 35 37
frame - 516
3
1026 435 15 16
1087 449 13 18
812 485 37 32
frame - 517
3
1088 449 14 20
1025 434 17 17
816 484 36 38
frame - 518
3
1089 448 14 19
1027 434 16 17
820 482 32 38
frame - 519
4
1088 452 14 19
819 482 35 38
1025 434 17 17
1124 451 12 16
frame - 520
4
1025 435 18 17
967 433 15 16
820 483 35 38
1089 452 14 19
frame - 521
2
1026 435 18 17
1089 452 14 18
frame - 522
2
822 486 36 38
1089 452 15 19
frame - 523
2
821 485 39 37
1091 451 13 18
frame - 524
4
821 485 39 37
1132 449 13 16
1090 449 14 17
1089 442 14 16
frame - 525
2
822 484 39 37
1092 449 14 18
frame - 526
2
1092 450 14 19
826 483 35 38
frame - 527
3
825 484 37 37
1091 450 15 19
888 434 14 16
frame - 528
4
827 484 35 37
1091 451 16 19
1096 453 17 20
1035 433 16 17
frame - 529
2
828 482 37 36
1090 449 16 17
frame - 530
2
1090 449 15 17
830 482 35 35
frame - 531
4
1093 454 14 18
831 483 36 34
1098 456 15 18
1037 438 18 18
frame - 532
4
1092 452 16 18
834 484 34 38
1034 434 18 16
1037 438 18 18
frame - 533
3
836 483 35 39
1093 453 15 19
1097 455 16 20
frame - 534
6
836 485 38 41
1093 453 14 19
991 433 15 16
1040 439 17 17
1097 454 16 20
1037 435 17 16
frame - 535
4
834 485 40 40
1094 452 14 17
1041 438 16 18
990 433 15 16
frame - 536
4
837 485 38 41
1095 450 14 17
1041 439 17 18
1098 453 16 19
frame - 537
5
837 485 39 40
1044 439 16 19
1096 450 13 17
1099 454 15 18
996 433 15 16
frame - 538
5
840 484 37 41
1095 450 13 18
1099 454 15 19
1043 438 17 19
994 433 16 16
frame - 539
6
840 485 39 40
1100 454 15 18
1095 450 13 17
1043 439 17 18
992 432 16 16
1039 436 17 16
frame - 540
4
843 486 36 40
1099 455 18 22
1040 438 18 20
1092 456 14 20
frame - 541
4
842 488 37 38
1101 456 16 20
1040 437 18 21
1093 457 13 19
frame - 542
4
1099 457 18 20
842 489 38 34
1041 438 19 20
1093 458 14 18
frame - 543
4
1101 458 16 19
845 489 37 36
1041 439 20 19
1094 458 13 18
frame - 544
3
1103 457 16 20
1041 438 18 21
846 490 36 34
frame - 545
3
848 487 37 40
1103 457 17 20
1042 437 20 21
frame - 546
3
852 489 35 38
1101 458 18 20
1042 437 19 21
frame - 547
4
850 491 37 38
1102 458 15 19
1044 437 19 21
1095 455 12 17
frame - 548
3
854 490 36 37
1104 456 14 17
1046 438 18 20
frame - 549
7
854 491 38 39
1103 454 15 16
1046 438 19 20
957 450 16 16
1149 456 14 17
1096 454 11 16
770 511 26 35
frame - 550
4
855 493 38 37
1106 455 14 16
1147 457 13 16
962 451 16 15
frame - 551
5
857 493 39 34
1126 458 12 17
1106 459 15 16
1048 440 18 18
965 452 16 15
frame - 552
4
857 495 37 38
1107 458 15 16
1144 458 13 17
1050 441 17 17
frame - 553
3
858 493 39 33
1127 457 14 17
1107 457 15 17
frame - 554
3
859 493 38 34
1116 457 12 16
1107 458 15 16
frame - 555
3
860 493 39 35
1119 457 12 15
1108 458 14 17
frame - 556
2
864 496 35 39
1118 458 12 15
frame - 557
3
1117 459 13 16
867 497 36 35
1116 463 14 19
frame - 558
4
869 498 35 36
1116 459 13 16
1040 445 15 17
1115 464 14 18
frame - 559
3
870 497 35 40
1116 458 13 15
1042 445 15 18
frame - 560
3
1118 458 13 15
955 431 18 17
1045 446 14 17
frame - 561
3
1118 458 14 17
874 499 35 38
1049 446 13 16
frame - 562
3
1118 456 14 15
875 499 36 39
956 433 19 16
frame - 563
3
1117 459 15 16
1117 465 16 19
882 501 32 35
frame - 564
5
1117 457 13 16
879 500 33 34
1118 465 15 18
955 433 19 16
1059 441 14 18
frame - 565
3
880 500 37 38
1119 465 16 19
1119 459 15 16
frame - 566
3
882 502 37 38
1119 465 18 19
1121 461 17 16
frame - 567
3
1119 466 19 19
1122 461 16 16
884 502 36 37
frame - 568
3
1122 464 19 21
883 503 37 35
1126 462 17 16
frame - 569
2
886 501 38 39
1123 464 19 21
frame - 570
4
891 504 34 40
1127 460 15 17
798 520 25 29
1123 463 16 20
frame - 571
4
892 502 36 42
1128 459 16 18
1126 462 18 22
1063 441 20 18
frame - 572
3
892 505 36 39
1128 459 13 17
798 523 26 28
frame - 573
3
892 504 35 41
1128 458 14 17
1131 463 15 21
frame - 574
5
1130 463 16 22
801 521 26 29
1131 460 14 18
898 504 34 40
1067 441 19 19
frame - 575
3
900 506 34 39
1127 462 19 23
1067 441 20 19
frame - 576
2
900 507 34 39
1129 462 19 22
frame - 577
5
902 506 35 43
1131 463 18 22
1132 461 16 18
1065 442 22 19
975 436 18 14
frame - 578
5
906 506 32 42
1133 465 16 20
1133 461 14 16
975 436 16 15
1073 442 16 17
frame - 579
5
1131 458 15 17
908 507 31 41
973 436 17 14
1132 463 16 22
1067 447 18 18
frame - 580
6
1132 458 14 18
908 509 32 39
1132 463 16 23
976 436 16 14
1072 443 18 17
1068 447 17 18
frame - 581
5
909 509 33 40
1132 458 15 16
1133 465 17 21
976 436 17 14
1069 449 16 16
frame - 582
7
1133 458 15 16
1070 447 15 17
977 436 17 14
910 473 20 21
914 509 33 39
1134 465 16 22
1026 442 17 16
frame - 583
3
1132 459 15 16
1132 464 18 23
1071 447 16 18
frame - 584
4
1132 459 15 16
1071 448 17 17
917 509 33 38
1134 464 17 22
frame - 585
5
1133 457 13 16
1136 465 15 22
918 511 35 36
980 438 17 14
1075 448 15 18
frame - 586
3
1135 459 13 16
1136 465 15 20
970 436 18 14
frame - 587
2
1135 465 18 21
1136 460 15 17
frame - 588
2
1137 460 15 17
1137 465 18 20
frame - 589
3
1137 464 18 22
1137 459 15 18
925 509 33 41
frame - 590
5
1138 459 16 17
1141 464 18 22
969 435 20 15
927 516 35 35
1185 456 13 19
frame - 591
3
1142 464 18 22
1139 459 15 18
972 435 19 15
frame - 592
3
1141 459 16 18
930 513 34 40
1142 463 19 22
frame - 593
3
1142 459 15 18
934 518 31 36
1143 463 18 23
frame - 594
2
1145 461 16 17
1143 463 19 23
frame - 595
2
1144 464 19 22
1145 461 16 17
frame - 596
3
1144 464 20 23
942 522 32 29
1145 461 17 17
frame - 597
2
1146 465 20 22
1147 461 17 17
frame - 598
4
1146 464 21 23
1147 461 17 17
1087 447 15 17
946 517 31 36
frame - 599
3
945 515 33 39
1146 465 21 22
1147 461 18 17
frame - 600
3
1147 465 20 22
1086 448 16 17
1050 451 16 17
frame - 601
2
1148 465 21 22
1089 450 14 17
frame - 602
2
1090 451 15 18
1149 465 21 22
frame - 603
3
1092 450 14 17
1150 465 20 22
1200 454 15 17
frame - 604
3
1092 451 14 19
1150 466 20 21
1149 462 16 15
frame - 605
1
1151 466 19 21
frame - 606
2
1151 467 20 20
1146 462 15 15
frame - 607
1
1151 466 20 21
frame - 608
1
1152 464 19 22
frame - 609
3
1152 464 19 23
1092 451 15 19
1098 453 17 20
frame - 610
3
1091 450 16 19
1096 453 19 20
1159 468 20 25
frame - 611
3
1160 471 19 23
1092 450 16 21
1097 452 17 21
frame - 612
3
1161 471 18 22
1097 450 18 20
1094 450 14 20
frame - 613
3
1160 470 19 24
1090 453 16 22
850 438 15 19
frame - 614
4
1160 472 20 22
1096 452 19 22
1091 454 16 21
1162 469 17 18
frame - 615
4
1163 472 18 22
1163 469 17 17
1099 453 17 21
880 456 16 16
frame - 616
2
1163 471 18 22
1100 453 17 20
frame - 617
4
1100 452 17 20
1165 472 18 22
1164 468 18 18
877 453 14 15
frame - 618
5
878 454 13 15
1164 473 19 21
1100 454 17 18
1164 469 18 18
968 449 18 15
frame - 619
5
1100 458 17 17
881 459 15 16
1165 473 19 22
956 452 18 15
1165 469 17 17
frame - 620
4
1166 473 18 21
1101 458 17 16
883 459 14 14
1166 470 17 17
frame - 621
4
1166 472 19 23
1103 455 15 16
960 452 19 14
1166 469 18 18
frame - 622
3
969 450 19 15
1165 475 21 25
1102 457 16 17
frame - 623
5
1103 457 16 17
1168 476 19 24
983 441 16 17
963 451 16 14
884 455 14 15
frame - 624
5
885 458 15 15
1103 457 16 16
958 450 18 16
1167 475 20 25
981 441 17 17
frame - 625
3
1105 458 16 16
957 451 19 16
1167 476 20 24
frame - 626
2
883 459 14 15
1104 456 15 17
frame - 627
5
884 459 15 15
1107 457 16 18
1115 458 15 17
968 449 22 14
977 442 23 17
frame - 628
3
885 459 15 16
969 450 21 14
1115 458 15 17
frame - 629
5
886 459 15 15
1036 448 17 14
962 452 20 14
1213 476 15 19
1176 475 19 20
frame - 630
4
1177 479 19 23
975 451 18 13
886 454 12 13
1038 449 16 14
frame - 631
2
1177 479 19 24
887 456 12 13
frame - 632
3
1178 479 18 23
884 455 12 13
978 451 15 13
frame - 633
3
1177 479 20 23
885 455 12 14
1115 458 20 18
frame - 634
4
1012 533 40 39
1176 480 20 22
982 452 20 14
1107 461 26 23
frame - 635
3
1107 461 25 23
1012 532 42 38
1180 481 18 19
frame - 636
4
1179 482 20 19
1013 533 42 39
1108 461 25 23
971 449 18 13
frame - 637
5
1014 535 41 39
1180 481 19 20
1109 462 26 22
978 449 22 13
1115 460 23 18
frame - 638
4
1015 535 43 40
1181 482 19 21
1109 463 25 21
1115 460 22 18
frame - 639
4
1017 534 44 42
1182 482 18 20
1110 462 25 22
1115 460 22 19
frame - 640
3
1020 536 44 43
1183 482 17 20
1117 464 19 20
frame - 641
2
1021 535 44 43
1184 478 18 18
frame - 642
4
1024 538 43 41
1118 460 20 18
975 452 20 13
1185 482 17 20
frame - 643
3
1024 538 45 45
1186 481 17 21
977 452 19 13
frame - 644
4
1024 539 46 44
977 452 20 13
1185 482 18 21
1117 464 20 20
frame - 645
4
1025 540 47 45
971 459 22 13
1120 466 18 19
1185 482 17 21
frame - 646
4
1120 465 18 20
979 451 22 13
1186 483 17 21
943 478 19 14
frame - 647
2
1195 482 17 21
943 478 20 14
frame - 648
5
979 452 21 14
1194 483 17 20
1036 545 44 37
244 449 15 14
1124 467 20 18
frame - 649
3
244 449 16 14
1195 483 17 19
943 479 18 14
frame - 650
3
1039 549 44 40
982 453 19 14
1195 484 19 19
frame - 651
5
985 451 20 14
1129 466 20 20
1196 484 18 19
1002 455 18 13
945 464 17 12
frame - 652
4
982 455 19 14
1130 466 19 20
1197 484 17 19
1006 457 17 13
frame - 653
2
1196 485 19 19
1131 467 21 19
frame - 654
3
1047 545 43 46
1131 468 21 18
1195 486 20 25
frame - 655
3
1132 468 20 18
1194 488 20 23
1008 457 18 15
frame - 656
3
1131 468 21 18
1193 491 21 22
1006 457 19 14
frame - 657
3
1130 469 22 17
1196 491 19 22
980 460 16 14
frame - 658
7
1127 467 22 18
1196 492 19 23
1120 464 21 15
978 460 17 12
1002 458 19 12
1199 488 20 25
1129 471 22 21
frame - 659
4
1196 492 21 23
1131 469 20 18
1199 488 22 24
250 451 19 15
frame - 660
4
1198 493 20 22
1133 470 21 17
1201 489 21 24
1132 473 21 19
frame - 661
4
1202 492 19 26
250 452 19 16
1133 471 21 17
1132 473 21 20
frame - 662
3
1206 493 20 25
1134 473 21 20
250 453 19 15
frame - 663
3
1208 494 19 26
1137 469 20 18
1000 456 20 14
frame - 664
3
1209 494 19 23
249 453 21 15
1140 470 20 17
frame - 665
3
1209 494 19 24
248 453 22 16
1137 472 22 21
frame - 666
3
1209 495 19 24
1138 473 21 21
248 452 21 17
frame - 667
3
1208 495 21 24
1137 473 26 22
1002 460 20 13
frame - 668
2
1208 495 22 22
1139 473 26 22
frame - 669
3
1209 497 21 24
1142 473 25 23
1001 461 22 13
frame - 670
3
1210 497 21 22
1143 472 26 23
1002 461 19 12
frame - 671
4
1002 456 19 13
1212 497 19 22
1144 472 25 23
1080 469 21 17
frame - 672
3
1212 498 20 21
1144 473 26 23
1001 459 20 14
frame - 673
3
1215 498 19 21
1145 473 25 23
1004 461 20 12
frame - 674
3
1216 498 19 20
1007 461 19 12
1145 474 26 22
frame - 675
3
1218 497 19 20
1147 473 23 23
681 459 16 24
frame - 676
2
1224 498 18 20
934 494 23 17
frame - 677
3
1227 499 18 19
937 492 23 19
663 448 16 18
frame - 678
2
1227 500 19 19
660 448 15 17
frame - 679
5
1227 500 21 20
1016 463 21 12
1157 473 23 22
657 449 14 16
660 449 14 16
frame - 680
2
656 448 15 16
1228 501 18 17
frame - 681
3
1160 475 20 20
1227 498 20 17
1087 461 17 13
frame - 682
2
1161 478 22 24
1230 499 18 18
frame - 683
3
1161 478 22 24
1021 463 18 12
1229 498 19 17
frame - 684
4
1163 478 22 25
666 449 16 17
1022 464 18 11
1230 502 18 18
frame - 685
4
1164 478 22 25
1231 501 17 20
667 449 15 17
1022 465 18 12
frame - 686
4
966 496 26 19
1166 477 22 25
1230 500 16 19
1165 387 20 19
frame - 687
4
1135 457 15 11
1023 464 18 12
1171 478 24 25
1167 478 21 25
frame - 688
5
1172 478 23 25
1243 496 18 17
666 452 16 15
1098 477 19 15
964 495 23 16
frame - 689
4
1172 478 23 25
1099 477 18 15
1251 494 14 16
1140 459 15 11
frame - 690
1
1173 481 24 22
frame - 691
3
1177 483 21 21
1139 458 17 13
1035 453 19 14
frame - 692
2
1178 483 20 20
1036 456 21 13
frame - 693
4
1151 563 48 55
1178 483 20 21
1037 458 19 12
900 462 12 11
frame - 694
4
1151 565 51 58
1179 483 22 21
740 451 14 14
900 463 12 11
frame - 695
3
1156 565 50 63
215 442 16 14
1181 484 23 21
frame - 696
4
1157 566 53 65
1040 462 18 12
215 441 17 16
1184 484 20 20
frame - 697
1
1042 461 19 12
frame - 698
2
1245 519 32 47
1039 464 18 12
frame - 699
4
1040 463 17 12
1190 487 25 25
687 458 16 15
1246 520 31 46
