frame - 0
3
572 10 59 21
516 360 15 34
0 313 35 30
frame - 1
2
573 10 58 22
519 364 14 36
frame - 2
3
572 10 60 22
514 368 17 35
412 344 26 32
frame - 3
2
572 10 59 22
158 319 36 36
frame - 4
1
572 10 60 22
frame - 5
1
572 10 60 21
frame - 6
2
572 10 60 21
478 378 22 34
frame - 7
2
572 10 60 21
470 377 28 35
frame - 8
1
572 10 59 21
frame - 9
1
571 10 61 21
frame - 10
1
571 10 61 21
frame - 11
1
569 10 62 21
frame - 12
1
569 10 61 21
frame - 13
1
570 10 59 21
frame - 14
1
569 10 60 21
frame - 15
1
570 10 59 21
frame - 16
1
568 10 62 21
frame - 17
1
569 10 59 21
frame - 18
1
569 10 60 21
frame - 19
2
569 10 60 21
642 358 18 35
frame - 20
2
569 10 59 21
644 360 17 34
frame - 21
2
569 10 60 21
643 361 18 33
frame - 22
1
569 10 60 21
frame - 23
2
569 10 60 21
100 294 32 44
frame - 24
1
569 10 61 21
frame - 25
2
569 10 62 20
161 310 33 41
frame - 26
1
569 10 62 20
frame - 27
1
570 10 61 20
frame - 28
1
570 10 61 20
frame - 29
1
570 10 61 20
frame - 30
1
570 10 61 20
frame - 31
1
570 10 61 20
frame - 32
2
57 285 37 46
571 10 60 21
frame - 33
2
53 282 40 45
571 10 59 20
frame - 34
2
46 281 41 45
571 10 60 20
frame - 35
2
571 10 59 20
43 280 39 45
frame - 36
2
41 278 41 45
570 10 62 20
frame - 37
2
39 277 42 47
569 10 62 20
frame - 38
2
37 278 43 47
569 10 62 21
frame - 39
2
36 280 43 46
569 10 61 21
frame - 40
2
33 280 43 50
569 10 62 21
frame - 41
2
31 280 46 49
569 10 60 21
frame - 42
2
31 280 45 49
569 10 61 21
frame - 43
2
30 278 45 47
569 10 60 21
frame - 44
2
29 276 44 46
569 10 61 21
frame - 45
2
569 10 60 21
30 274 38 45
frame - 46
3
568 10 62 21
25 272 38 45
102 306 35 40
frame - 47
2
568 10 62 21
94 304 38 48
frame - 48
3
88 303 39 40
568 10 63 21
19 267 40 46
frame - 49
2
568 10 62 21
87 302 37 43
frame - 50
1
568 10 63 21
frame - 51
1
568 10 62 21
frame - 52
3
568 10 63 21
8 266 34 48
83 298 37 36
frame - 53
2
569 10 61 20
82 300 33 40
frame - 54
2
569 10 62 20
74 302 39 37
frame - 55
2
569 10 61 20
74 303 37 39
frame - 56
2
569 10 62 21
72 303 36 39
frame - 57
3
569 10 61 21
71 303 35 40
1028 475 13 13
frame - 58
2
569 10 61 20
69 302 35 40
frame - 59
2
568 10 62 20
67 302 36 41
frame - 60
2
568 10 63 20
66 302 36 41
frame - 61
2
64 300 36 42
569 10 62 21
frame - 62
2
569 10 62 21
64 297 35 44
frame - 63
2
568 10 63 21
553 425 18 21
frame - 64
2
569 10 62 21
556 426 14 20
frame - 65
3
54 289 37 41
568 10 62 20
140 314 32 47
frame - 66
2
53 288 36 39
569 10 61 21
frame - 67
3
49 287 37 39
568 10 63 20
133 308 33 38
frame - 68
4
44 290 39 40
569 10 62 20
126 308 34 41
204 317 32 39
frame - 69
2
43 289 36 39
569 10 62 20
frame - 70
2
39 291 37 42
568 10 63 20
frame - 71
3
35 289 36 38
122 302 34 48
569 10 61 20
frame - 72
1
568 10 63 19
frame - 73
1
569 10 61 20
frame - 74
2
14 283 41 38
568 10 62 20
frame - 75
1
569 10 61 22
frame - 76
2
10 276 34 42
570 10 60 20
frame - 77
2
5 271 38 39
569 10 61 21
frame - 78
2
1 266 39 39
569 10 60 20
frame - 79
1
1 265 36 40
frame - 80
0
frame - 81
0
frame - 82
0
frame - 83
1
763 449 18 19
frame - 84
1
763 450 20 18
frame - 85
2
763 451 20 19
172 299 32 41
frame - 86
2
172 295 30 44
764 450 19 19
frame - 87
0
frame - 88
1
160 294 35 45
frame - 89
2
155 294 34 43
64 284 34 54
frame - 90
2
152 298 35 44
60 290 34 58
frame - 91
3
52 284 37 51
149 303 35 41
568 10 61 20
frame - 92
2
138 302 36 39
569 10 60 20
frame - 93
3
568 10 61 21
44 278 34 50
141 301 32 42
frame - 94
2
37 276 36 48
569 10 61 21
frame - 95
2
123 299 36 43
569 10 60 20
frame - 96
2
122 298 35 43
570 10 59 21
frame - 97
2
570 10 59 21
120 296 33 42
frame - 98
2
569 10 61 21
116 291 35 43
frame - 99
0
frame - 100
1
570 10 58 21
frame - 101
0
frame - 102
2
569 10 59 21
209 243 40 42
frame - 103
1
569 10 59 21
frame - 104
2
206 245 42 46
569 10 60 21
frame - 105
2
204 245 43 47
104 273 35 46
frame - 106
2
203 246 42 46
569 10 60 20
frame - 107
2
201 246 40 45
105 273 33 52
frame - 108
3
199 242 38 47
102 271 35 54
569 10 61 21
frame - 109
4
198 240 38 45
569 10 61 21
766 440 17 19
902 452 13 17
frame - 110
4
98 265 35 56
903 451 14 17
196 236 37 48
766 440 17 19
frame - 111
3
189 233 40 46
96 265 37 59
569 10 60 21
frame - 112
1
92 262 34 48
frame - 113
1
182 225 37 47
frame - 114
2
176 221 40 49
898 452 15 17
frame - 115
2
172 220 39 47
898 450 15 18
frame - 116
2
165 220 44 49
896 449 15 18
frame - 117
2
159 219 48 48
895 450 16 18
frame - 118
2
158 220 43 48
892 450 17 18
frame - 119
3
153 222 45 52
892 450 16 18
568 10 62 20
frame - 120
3
145 225 37 49
891 450 17 18
569 10 62 20
frame - 121
3
140 225 39 49
891 450 17 17
568 10 63 20
frame - 122
2
130 223 42 49
890 449 18 17
frame - 123
2
125 220 41 51
889 449 19 17
frame - 124
1
888 448 20 18
frame - 125
3
888 447 20 18
568 10 63 20
799 437 16 21
frame - 126
2
568 10 63 20
887 446 21 19
frame - 127
2
889 447 19 18
568 10 62 21
frame - 128
3
97 197 41 51
568 10 62 20
890 447 19 19
frame - 129
2
890 446 20 20
568 10 62 20
frame - 130
2
891 446 18 19
568 10 63 20
frame - 131
2
890 447 18 18
568 10 62 20
frame - 132
2
568 10 62 20
883 449 14 17
frame - 133
1
568 10 62 22
frame - 134
0
frame - 135
1
568 10 62 21
frame - 136
1
568 10 62 21
frame - 137
2
568 10 62 21
233 290 33 50
frame - 138
2
230 286 34 49
568 10 62 21
frame - 139
2
568 10 62 21
758 435 12 16
frame - 140
1
568 10 62 21
frame - 141
1
568 10 61 21
frame - 142
2
568 10 61 21
758 437 14 20
frame - 143
2
567 10 63 21
210 274 35 46
frame - 144
1
568 10 61 21
frame - 145
2
568 10 61 21
204 276 33 46
frame - 146
2
568 10 62 21
197 278 35 41
frame - 147
4
567 10 63 20
189 279 35 44
901 447 15 17
763 407 9 20
frame - 148
3
567 10 62 20
188 277 32 51
898 447 17 18
frame - 149
3
178 276 38 45
568 10 61 20
897 447 18 17
frame - 150
4
172 274 36 43
897 447 19 18
751 409 10 21
568 10 62 20
frame - 151
3
171 271 35 48
897 447 18 18
748 408 11 22
frame - 152
4
163 267 38 56
571 10 56 21
899 447 16 17
742 409 11 23
frame - 153
4
570 10 57 21
161 262 39 57
897 447 16 17
739 407 12 24
frame - 154
4
570 10 57 21
161 258 38 52
897 448 16 16
739 409 11 22
frame - 155
2
571 10 56 21
894 447 17 18
frame - 156
3
570 10 57 21
157 251 36 58
891 448 15 18
frame - 157
3
154 249 39 49
570 10 57 20
891 447 16 18
frame - 158
3
153 249 36 40
570 10 57 20
891 448 15 17
frame - 159
2
570 10 57 21
894 448 16 18
frame - 160
3
147 254 36 42
570 10 57 21
892 448 16 18
frame - 161
3
568 10 60 21
144 257 36 45
896 447 14 17
frame - 162
3
569 10 59 21
893 447 15 18
140 257 36 44
frame - 163
3
137 256 38 44
569 10 59 21
894 447 16 17
frame - 164
3
135 254 38 42
569 10 60 20
894 447 15 18
frame - 165
3
569 10 59 21
893 447 16 18
134 249 34 51
frame - 166
4
569 10 59 20
131 247 35 54
893 447 16 17
154 587 5 10
frame - 167
3
569 10 58 21
128 242 35 59
893 448 16 18
frame - 168
3
122 237 37 52
569 10 58 21
892 447 16 19
frame - 169
3
114 235 40 53
569 10 58 20
892 448 16 19
frame - 170
3
109 233 41 49
569 10 58 20
891 447 17 19
frame - 171
3
569 10 58 21
104 233 35 50
892 447 15 18
frame - 172
3
570 10 57 21
97 232 36 48
891 447 17 18
frame - 173
3
87 233 37 54
569 10 59 21
892 447 15 17
frame - 174
3
569 10 59 21
82 233 36 57
890 447 15 17
frame - 175
3
569 10 59 21
72 238 35 53
889 447 16 17
frame - 176
3
569 10 59 21
889 447 15 18
66 242 35 58
frame - 177
3
569 10 58 22
50 238 37 59
890 447 16 18
frame - 178
4
43 234 40 61
569 10 59 21
888 447 16 18
990 456 14 19
frame - 179
4
35 229 39 67
568 10 60 21
887 448 18 18
168 332 32 38
frame - 180
4
568 10 60 21
32 228 38 56
888 447 17 18
163 334 32 38
frame - 181
3
569 10 59 20
888 447 16 18
27 222 38 62
frame - 182
3
569 10 60 20
20 221 42 64
888 448 16 17
frame - 183
3
568 10 60 20
889 447 16 18
18 219 41 61
frame - 184
4
568 10 61 20
887 447 16 18
797 426 16 23
852 429 15 22
frame - 185
4
569 10 60 20
888 448 13 17
5 215 42 64
797 426 17 23
frame - 186
4
569 10 59 20
796 426 19 23
888 448 14 18
4 214 40 57
frame - 187
5
568 10 60 20
138 323 31 48
887 448 13 18
797 425 18 24
3 212 38 60
frame - 188
5
567 10 62 20
889 448 12 17
134 316 33 49
342 417 11 21
1 213 37 56
frame - 189
3
568 10 59 20
133 317 30 44
890 449 10 14
frame - 190
2
567 10 60 19
127 319 36 41
frame - 191
4
568 10 59 20
327 413 20 24
125 320 33 40
854 427 14 21
frame - 192
2
568 10 60 20
854 427 13 22
frame - 193
3
568 10 59 20
853 427 13 22
121 321 34 39
frame - 194
2
568 10 60 20
119 323 34 36
frame - 195
3
568 10 60 20
117 322 34 35
852 428 15 20
frame - 196
3
568 10 60 20
112 324 37 36
852 428 14 21
frame - 197
2
568 10 60 20
850 430 15 20
frame - 198
2
568 10 61 20
851 430 15 19
frame - 199
2
568 10 59 20
849 427 16 21
frame - 200
3
569 10 59 20
110 324 30 42
849 427 16 20
frame - 201
2
569 10 59 20
847 426 16 21
frame - 202
1
569 10 59 19
frame - 203
2
568 10 61 19
101 317 32 38
frame - 204
2
569 10 60 19
99 315 32 37
frame - 205
1
568 10 60 19
frame - 206
2
569 10 61 20
214 335 27 43
frame - 207
2
569 10 60 21
87 310 33 39
frame - 208
3
569 10 61 21
204 338 29 40
85 308 31 43
frame - 209
3
568 10 61 20
77 310 34 45
885 450 10 17
frame - 210
3
568 10 61 20
75 311 33 40
886 451 9 16
frame - 211
2
69 311 35 41
568 10 61 20
frame - 212
1
569 10 60 20
frame - 213
1
568 10 61 20
frame - 214
1
569 10 60 21
frame - 215
2
569 10 60 21
49 306 34 43
frame - 216
2
568 10 61 21
173 333 22 45
frame - 217
2
568 10 62 20
39 303 36 40
frame - 218
3
568 10 62 20
36 299 34 41
154 324 33 39
frame - 219
2
568 10 62 20
33 298 35 41
frame - 220
2
568 10 62 20
33 297 34 39
frame - 221
2
568 10 61 20
26 297 36 37
frame - 222
2
568 10 61 20
140 323 34 40
frame - 223
2
568 10 61 20
135 323 36 43
frame - 224
3
132 323 37 40
568 10 61 20
20 296 36 39
frame - 225
4
130 322 37 41
568 10 61 20
14 299 39 39
807 426 19 22
frame - 226
3
129 320 38 40
568 10 60 20
13 300 34 41
frame - 227
3
568 10 62 21
11 301 35 41
126 319 37 38
frame - 228
3
569 10 58 20
122 316 36 43
9 299 36 44
frame - 229
2
8 296 35 47
567 10 60 19
frame - 230
2
2 294 39 45
568 10 59 20
frame - 231
3
1 291 36 46
567 10 61 20
118 310 33 43
frame - 232
2
568 10 59 20
845 419 18 21
frame - 233
3
568 10 59 20
109 312 34 44
804 420 16 22
frame - 234
2
106 312 36 39
568 10 60 20
frame - 235
2
103 310 35 43
568 10 59 20
frame - 236
2
97 311 38 43
568 10 60 20
frame - 237
2
95 310 36 43
568 10 60 20
frame - 238
2
92 310 34 40
568 10 59 20
frame - 239
1
567 10 61 20
frame - 240
2
568 10 60 20
84 309 34 38
