frame - 0
1
1052 453 20 24
frame - 1
5
1053 453 19 24
801 413 17 16
829 433 17 16
812 425 18 17
527 437 21 23
frame - 2
2
1055 452 20 24
809 427 17 15
frame - 3
3
1053 451 21 24
819 428 17 15
830 433 17 16
frame - 4
5
1227 514 23 16
1054 451 21 25
826 427 19 16
291 414 15 15
830 432 18 16
frame - 5
5
827 427 16 16
292 414 14 15
1054 451 19 26
831 432 16 17
1227 515 23 16
frame - 6
2
1055 451 20 26
292 415 15 14
frame - 7
3
827 425 17 17
293 414 14 15
803 413 15 16
frame - 8
2
824 427 17 15
1058 452 16 25
frame - 9
1
816 427 15 15
frame - 10
2
1147 443 25 44
813 427 14 15
frame - 11
2
814 428 14 14
1147 444 24 42
frame - 12
1
820 427 13 16
frame - 13
0
frame - 14
3
820 428 14 14
332 413 16 16
1066 453 17 26
frame - 15
2
817 428 14 14
331 414 17 14
frame - 16
3
333 414 16 15
819 428 16 14
848 441 14 16
frame - 17
3
1070 459 14 19
849 441 13 16
333 414 18 17
frame - 18
2
849 442 14 16
831 429 16 15
frame - 19
2
848 441 14 17
804 414 19 15
frame - 20
2
830 429 16 14
849 442 14 16
frame - 21
2
851 441 13 17
822 427 17 15
frame - 22
2
850 441 14 17
880 441 11 16
frame - 23
3
851 441 13 16
827 427 17 16
879 440 13 17
frame - 24
2
830 427 17 16
851 440 13 17
frame - 25
0
frame - 26
0
frame - 27
0
frame - 28
0
frame - 29
1
1098 455 28 46
frame - 30
2
1072 453 17 26
821 428 17 14
frame - 31
2
851 441 14 17
821 428 16 14
frame - 32
2
850 442 14 15
360 418 32 39
frame - 33
1
851 441 14 16
frame - 34
1
852 441 13 16
frame - 35
2
851 441 15 17
882 437 14 15
frame - 36
2
883 437 13 15
852 441 14 16
frame - 37
2
883 437 14 15
881 439 14 17
frame - 38
2
882 436 13 15
852 441 15 16
frame - 39
1
882 436 14 15
frame - 40
2
720 426 15 15
882 436 13 14
frame - 41
3
882 436 14 14
832 429 18 14
320 415 18 25
frame - 42
2
832 428 18 15
841 428 18 15
frame - 43
3
841 428 18 15
1084 452 19 27
832 428 18 15
frame - 44
3
843 428 17 15
321 417 16 23
833 429 17 14
frame - 45
1
841 427 18 15
frame - 46
2
853 440 14 17
318 416 20 31
frame - 47
1
853 441 14 16
frame - 48
1
852 440 15 17
frame - 49
3
851 440 15 17
840 425 19 16
833 427 18 15
frame - 50
2
841 425 18 16
851 439 15 17
frame - 51
3
840 425 19 16
833 426 19 15
850 439 16 17
frame - 52
2
841 426 18 16
833 427 18 14
frame - 53
1
841 426 19 16
frame - 54
2
842 425 18 16
852 439 14 17
frame - 55
4
843 426 17 16
852 440 14 16
859 442 15 16
419 422 24 24
frame - 56
2
843 425 17 16
853 440 14 16
frame - 57
2
844 425 17 16
421 425 26 25
frame - 58
1
845 425 17 17
frame - 59
2
844 426 18 16
422 424 25 26
frame - 60
3
843 425 19 17
421 424 26 26
845 429 17 18
frame - 61
3
844 425 18 17
861 440 15 17
745 440 18 18
frame - 62
2
844 426 18 16
859 440 16 17
frame - 63
2
843 425 20 17
845 430 18 18
frame - 64
4
844 424 19 17
845 429 17 18
1102 453 17 25
419 426 27 24
frame - 65
2
844 423 19 17
862 441 15 17
frame - 66
2
844 424 18 16
862 440 15 17
frame - 67
2
844 425 17 15
862 440 16 17
frame - 68
1
844 425 18 15
frame - 69
4
845 425 18 15
862 440 16 17
884 440 16 19
317 417 24 40
frame - 70
4
845 425 17 16
862 440 16 17
885 440 14 18
318 416 23 40
frame - 71
4
846 425 17 16
862 440 17 17
318 416 23 42
886 440 14 18
frame - 72
4
1107 450 16 25
848 426 15 16
314 415 23 44
887 439 14 18
frame - 73
4
846 425 17 16
861 439 17 18
721 434 17 15
891 434 14 16
frame - 74
4
844 426 19 15
860 439 17 18
891 435 14 16
723 427 16 15
frame - 75
5
861 439 17 18
847 423 17 17
723 427 16 15
722 433 17 16
891 434 14 16
frame - 76
4
847 424 17 17
861 440 17 18
721 433 17 15
722 428 17 14
frame - 77
2
849 425 16 16
862 439 16 18
frame - 78
1
849 425 16 16
frame - 79
3
1091 448 15 22
850 425 16 16
1165 451 24 40
frame - 80
3
312 415 31 42
849 424 16 17
1164 452 25 39
frame - 81
3
849 425 17 17
857 427 18 15
419 426 29 24
frame - 82
2
849 426 17 16
419 428 28 23
frame - 83
2
850 425 17 16
857 426 18 16
frame - 84
3
850 428 15 14
1104 474 18 22
889 440 15 18
frame - 85
3
849 425 17 16
886 439 15 18
864 440 17 17
frame - 86
3
849 425 17 16
281 423 30 39
884 439 15 19
frame - 87
4
849 425 17 16
884 439 16 19
424 432 24 25
280 424 30 39
frame - 88
5
851 427 15 15
424 432 25 25
278 423 30 40
1179 456 19 29
723 433 17 16
frame - 89
5
878 440 15 18
851 426 15 16
279 421 30 40
424 433 25 23
728 426 16 15
frame - 90
6
424 434 25 24
282 416 31 42
858 427 17 15
854 426 14 15
1181 454 19 24
728 426 15 14
frame - 91
6
277 420 31 44
426 433 24 25
860 426 15 16
1180 455 23 31
727 426 15 14
855 427 13 15
frame - 92
4
279 420 33 43
428 436 22 22
861 427 15 15
1177 456 27 31
frame - 93
5
280 414 30 45
428 436 22 22
862 427 15 14
1181 456 23 31
729 421 13 12
frame - 94
2
280 416 30 40
729 422 13 11
frame - 95
6
862 427 15 15
731 422 13 12
1137 458 21 28
1183 456 23 30
280 414 27 42
427 434 23 23
frame - 96
3
862 428 16 14
428 434 23 23
729 422 14 11
frame - 97
2
731 425 14 14
730 422 13 12
frame - 98
1
863 426 16 16
frame - 99
0
frame - 100
3
880 439 15 18
862 427 16 15
1142 459 23 28
frame - 101
1
880 439 14 18
frame - 102
4
880 436 13 15
880 439 14 17
574 441 23 24
430 428 27 30
frame - 103
6
1139 458 18 27
882 438 12 18
1134 457 15 21
880 435 12 16
574 442 23 23
428 425 30 32
frame - 104
3
1141 459 16 26
880 437 13 19
866 425 14 16
frame - 105
1
866 425 15 16
frame - 106
1
866 425 15 16
frame - 107
3
866 426 17 16
1141 459 21 26
1140 455 18 23
frame - 108
2
866 425 16 16
883 438 13 18
frame - 109
3
866 425 17 17
733 425 15 15
806 434 16 15
frame - 110
5
866 425 19 17
1146 459 21 27
731 425 15 14
733 421 14 12
814 414 14 13
frame - 111
2
866 426 20 16
736 449 19 17
frame - 112
2
737 449 19 16
866 426 19 16
frame - 113
5
866 426 19 17
890 434 15 16
732 424 15 16
874 427 17 16
812 414 17 14
frame - 114
4
1145 450 18 23
874 426 17 17
867 425 18 17
732 423 16 16
frame - 115
2
1148 462 17 23
885 438 16 19
frame - 116
7
1146 462 18 23
810 418 17 13
732 423 16 16
868 425 16 17
882 434 15 16
322 419 25 29
1144 455 16 21
frame - 117
5
732 422 17 17
884 439 16 19
322 415 25 32
1147 460 18 25
866 425 18 17
frame - 118
5
1142 461 18 24
733 423 16 17
1207 460 25 32
888 439 16 18
810 417 16 13
frame - 119
4
1208 459 27 34
1139 459 19 27
733 423 17 17
889 438 15 19
frame - 120
5
1145 459 16 26
891 439 15 18
877 426 16 16
1149 457 14 22
733 424 17 16
frame - 121
5
889 439 15 19
876 425 17 17
1148 460 18 26
439 426 27 30
1210 458 28 34
frame - 122
6
889 439 15 19
252 404 27 43
1148 459 20 27
876 425 16 17
1213 458 29 29
439 426 29 30
frame - 123
6
889 438 15 19
1214 458 26 34
879 425 15 17
252 406 26 42
441 427 27 29
1154 456 16 22
frame - 124
8
887 438 17 19
1144 458 20 27
254 407 24 40
1147 456 19 23
736 425 18 15
1214 458 25 31
815 412 17 13
441 428 27 29
frame - 125
4
889 437 17 20
877 426 17 16
1159 454 21 25
1218 459 25 28
frame - 126
3
890 438 16 19
250 409 25 40
879 425 16 16
frame - 127
4
249 407 27 42
891 438 15 19
880 426 15 16
381 411 16 16
frame - 128
6
893 438 16 20
249 411 26 38
878 425 15 16
1145 454 18 21
1162 454 21 23
820 411 19 15
frame - 129
4
878 425 17 16
892 437 17 20
889 432 16 19
1222 461 26 26
frame - 130
5
243 410 33 41
894 437 15 19
879 425 16 17
1163 456 21 21
890 432 15 19
frame - 131
7
895 437 16 20
879 425 16 16
1226 458 25 28
924 438 15 18
892 433 15 18
242 410 33 41
1169 453 16 23
frame - 132
9
893 436 18 21
241 409 33 40
891 432 17 19
923 438 16 18
879 425 16 17
1228 458 25 28
1168 453 16 22
1148 473 20 22
1148 457 15 19
frame - 133
8
892 433 16 18
897 437 16 19
880 424 16 17
241 405 32 43
1228 457 26 33
1169 453 17 22
849 424 16 15
923 438 15 18
frame - 134
11
241 407 33 41
892 432 16 19
1172 450 15 21
898 436 15 20
924 438 16 19
850 424 15 15
881 424 15 17
588 440 21 25
851 419 15 13
1230 459 24 28
386 405 13 18
frame - 135
6
922 438 17 19
892 433 16 18
896 436 16 20
382 408 15 16
1168 452 16 21
240 405 26 43
frame - 136
5
924 437 17 20
893 433 16 18
895 436 16 20
383 408 15 16
1166 452 17 24
frame - 137
6
894 433 16 18
1156 448 15 20
895 436 16 20
1164 449 17 22
589 440 21 25
382 408 15 15
frame - 138
6
893 432 16 19
239 407 25 42
924 435 17 21
1168 450 17 25
895 435 17 21
590 440 20 25
frame - 139
5
893 431 17 19
238 405 28 42
589 440 22 24
924 436 17 20
746 426 19 14
frame - 140
8
896 436 17 21
1238 451 25 25
925 437 16 20
894 432 16 19
237 409 26 40
747 425 18 14
590 440 21 24
380 407 17 15
frame - 141
4
898 431 14 19
853 423 13 17
237 407 28 41
592 439 20 25
frame - 142
6
897 431 15 18
236 406 26 43
927 438 16 20
1168 455 16 22
591 439 21 25
1178 453 19 23
frame - 143
4
928 438 16 20
897 432 16 18
236 407 24 42
900 435 16 21
frame - 144
3
897 432 15 18
234 408 26 41
929 439 15 19
frame - 145
3
904 436 14 21
235 409 25 40
899 433 13 18
frame - 146
4
1177 452 21 25
909 437 14 20
827 411 20 17
897 433 15 18
frame - 147
3
1176 452 21 24
898 432 15 18
1170 453 17 24
frame - 148
5
1177 451 21 25
285 418 27 42
898 432 16 18
231 415 29 40
392 406 16 16
frame - 149
5
1178 451 23 26
888 423 16 17
907 436 14 21
897 432 15 18
389 406 19 16
frame - 150
2
1179 452 21 26
393 406 17 18
frame - 151
2
1182 452 18 25
894 424 13 16
frame - 152
6
891 422 15 17
1253 451 24 25
1182 455 19 22
285 421 26 37
935 434 12 17
901 432 14 18
frame - 153
5
894 421 14 18
1185 452 15 25
1192 453 19 25
392 405 18 18
903 432 13 18
frame - 154
5
281 419 29 42
1193 452 20 26
894 421 15 18
392 406 18 18
904 433 13 17
frame - 155
6
1195 452 21 25
278 419 30 40
393 407 18 17
1256 450 22 24
905 432 14 18
909 437 15 20
frame - 156
7
895 422 15 17
904 432 15 19
757 420 13 12
393 407 17 17
279 419 29 39
908 435 16 22
1197 452 21 26
frame - 157
6
908 432 13 18
395 408 18 17
278 419 30 41
897 423 15 17
1182 452 19 27
758 421 13 12
frame - 158
5
275 420 32 40
910 433 14 18
397 408 16 17
1180 448 20 31
912 436 14 20
frame - 159
5
911 436 15 20
909 433 14 18
397 407 16 18
1200 451 22 27
894 421 16 17
frame - 160
6
276 419 32 40
910 436 16 20
907 433 15 19
398 408 16 19
893 421 17 17
1204 451 19 26
frame - 161
6
907 433 15 19
910 436 15 20
276 418 31 42
1202 451 21 27
397 408 16 18
895 422 16 17
frame - 162
5
272 416 34 48
908 434 15 18
911 436 15 20
397 408 15 18
1201 452 22 26
frame - 163
6
272 418 35 45
911 436 16 21
907 433 16 19
1203 452 20 26
895 423 15 16
398 408 15 18
frame - 164
6
271 418 30 42
912 436 16 20
1204 452 20 26
895 421 16 17
909 434 16 18
399 409 15 18
frame - 165
6
1205 452 19 25
909 433 16 19
913 436 15 20
895 423 15 15
398 408 16 19
1265 455 15 19
frame - 166
5
912 435 17 22
1204 452 22 25
892 420 17 17
908 433 17 19
400 410 14 18
frame - 167
5
911 435 18 23
1208 453 19 25
398 408 15 18
895 422 15 16
908 433 16 19
frame - 168
4
910 435 18 23
894 423 15 15
1208 453 19 24
398 409 14 17
frame - 169
5
911 435 18 23
894 423 16 16
399 410 14 16
905 433 17 18
1208 452 19 25
frame - 170
5
911 435 18 22
909 433 17 19
398 410 16 17
280 418 26 30
896 423 15 15
frame - 171
5
915 436 16 21
909 433 17 18
895 423 17 16
400 410 16 17
1211 453 16 23
frame - 172
5
915 436 17 21
908 432 18 19
401 410 15 17
896 424 17 17
1212 454 18 23
frame - 173
5
910 432 16 19
917 437 15 20
897 424 16 16
401 410 15 17
1215 454 17 23
frame - 174
5
909 433 16 18
916 437 15 19
401 410 14 17
898 424 15 16
1217 452 15 24
frame - 175
4
896 424 16 17
908 432 16 18
919 438 14 18
404 410 13 16
frame - 176
3
918 438 15 19
895 423 16 17
911 433 15 17
frame - 177
3
918 438 15 19
896 424 16 16
911 433 15 18
frame - 178
6
916 439 15 18
895 425 17 16
909 434 16 16
940 433 16 16
1219 456 16 21
285 414 16 17
frame - 179
6
894 425 16 16
919 438 15 19
1270 449 10 22
1218 456 16 22
908 432 16 17
922 439 17 20
frame - 180
6
1223 462 20 23
920 439 14 19
895 423 16 17
1272 448 8 20
285 413 15 17
223 432 31 26
frame - 181
5
1222 461 22 24
893 423 17 17
1272 447 8 20
283 415 16 16
919 438 14 19
frame - 182
7
893 423 18 17
1223 460 20 25
918 439 15 18
284 414 15 16
921 438 16 21
1272 449 8 21
1220 455 18 21
frame - 183
4
1216 455 16 22
920 439 13 19
284 414 16 16
894 424 17 17
frame - 184
6
1215 455 16 22
283 414 16 16
894 424 16 18
921 438 15 22
918 438 15 19
1219 459 18 25
frame - 185
5
920 439 18 21
893 424 18 17
1226 460 19 25
1221 456 16 21
284 413 15 17
frame - 186
3
1224 456 16 20
892 423 18 18
922 438 16 21
frame - 187
4
1224 456 16 19
893 423 17 18
921 439 16 21
918 438 14 20
frame - 188
4
1226 456 16 19
921 439 17 21
892 424 18 17
918 439 15 19
frame - 189
3
1214 457 18 21
891 423 19 18
920 439 17 21
frame - 190
4
892 423 18 18
920 439 18 20
1233 456 14 20
917 439 15 18
frame - 191
4
921 440 18 20
1234 457 14 19
893 423 17 17
1228 461 17 23
frame - 192
5
921 440 17 20
893 423 17 18
1231 459 13 18
1216 461 16 23
916 439 15 19
frame - 193
5
921 439 18 21
1214 463 19 22
892 424 18 17
1223 460 17 19
916 439 15 18
frame - 194
4
922 440 18 20
1216 462 19 23
893 423 17 17
1227 459 16 19
frame - 195
5
923 440 18 20
1219 462 19 23
893 425 17 16
1229 458 17 20
917 439 15 18
frame - 196
4
926 440 16 20
895 425 17 16
1216 464 20 21
1231 459 17 18
frame - 197
4
925 439 17 21
895 424 17 17
1235 457 16 20
1225 461 17 24
frame - 198
4
926 439 17 21
895 425 17 16
1237 459 15 18
1227 462 17 23
frame - 199
4
926 439 18 21
895 425 17 17
1238 458 13 17
803 433 15 16
frame - 200
4
927 439 17 21
896 425 17 17
899 429 17 18
1237 460 15 18
frame - 201
5
928 440 17 20
899 429 16 18
897 427 16 16
801 432 15 17
1243 455 18 19
frame - 202
6
928 440 17 20
897 426 16 16
899 429 16 18
1235 459 15 18
802 432 14 16
1243 456 17 18
frame - 203
5
929 439 16 21
1245 454 16 18
899 429 16 19
802 431 14 17
896 427 16 15
frame - 204
6
929 440 16 19
814 431 16 17
957 436 14 15
897 427 15 15
903 430 15 17
823 427 17 16
frame - 205
8
930 440 16 19
817 429 16 19
905 430 16 18
1232 457 15 18
957 436 14 15
831 425 16 18
898 426 16 16
615 448 23 25
frame - 206
7
930 440 17 19
957 436 14 16
815 431 16 18
830 425 17 17
899 427 15 15
1228 458 17 18
908 431 15 17
frame - 207
8
930 440 17 20
955 438 16 18
959 436 15 16
1228 459 16 17
899 427 16 15
904 431 16 17
810 433 15 16
940 440 16 19
frame - 208
5
930 439 16 20
955 438 15 18
958 436 15 16
803 434 14 16
944 440 16 18
frame - 209
7
931 440 16 20
955 437 16 19
801 434 15 16
899 427 15 15
904 430 16 18
959 436 16 16
939 440 18 19
frame - 210
5
931 440 17 20
960 436 15 16
956 437 16 19
823 431 16 18
1229 459 16 19
frame - 211
5
960 435 16 16
1229 459 16 19
931 440 17 20
957 437 16 18
822 431 16 18
frame - 212
6
957 437 17 19
1225 457 15 17
932 440 16 20
960 435 17 18
819 431 15 18
824 426 16 17
frame - 213
6
956 437 16 19
1226 457 17 19
933 440 16 20
938 439 18 20
960 436 16 17
897 426 15 16
frame - 214
6
957 437 16 19
960 435 17 18
933 440 16 20
1255 455 18 20
1224 454 15 19
825 431 17 18
frame - 215
6
956 438 16 18
1258 455 16 20
897 424 16 17
960 436 16 16
934 440 15 19
827 431 17 18
frame - 216
7
956 437 16 19
1254 455 19 20
896 424 16 17
960 435 16 17
941 439 17 21
821 432 17 17
822 427 17 16
frame - 217
6
956 437 16 19
1255 454 19 21
961 435 15 17
898 425 16 16
941 439 17 20
825 435 16 15
frame - 218
5
960 434 14 16
827 434 16 15
895 422 16 18
936 440 13 19
1263 455 14 19
frame - 219
7
961 434 14 16
825 434 16 15
413 409 19 15
895 421 17 19
1261 461 18 24
936 440 13 19
896 418 16 16
frame - 220
7
960 435 13 16
826 434 16 16
413 409 19 15
895 421 17 18
626 449 23 24
895 418 16 15
769 426 18 17
frame - 221
4
830 435 15 15
769 425 18 17
626 450 24 25
414 410 18 15
frame - 222
3
832 435 15 15
628 450 23 24
414 411 18 14
frame - 223
1
1261 461 16 24
frame - 224
2
897 424 16 16
1262 462 15 23
frame - 225
1
899 425 15 17
frame - 226
2
899 423 16 18
816 433 16 16
frame - 227
3
898 424 15 17
1259 463 15 23
1254 463 15 23
frame - 228
4
898 424 15 17
84 424 33 40
77 425 31 41
1255 464 13 22
frame - 229
5
898 421 16 20
82 421 36 38
630 450 23 22
76 422 32 39
1259 461 16 26
frame - 230
3
896 422 16 19
632 449 22 23
87 420 33 35
frame - 231
3
897 422 16 19
81 419 38 34
633 449 22 23
frame - 232
3
898 423 14 18
72 421 38 31
633 448 22 23
frame - 233
2
895 422 19 19
72 419 34 35
frame - 234
4
70 423 34 41
897 424 16 17
778 427 21 15
62 425 34 42
frame - 235
2
69 423 35 40
897 424 16 17
frame - 236
4
896 423 17 17
71 420 34 37
1267 459 13 26
967 436 11 16
frame - 237
3
69 420 36 37
897 424 15 17
968 436 10 15
frame - 238
2
1269 461 11 24
899 423 15 18
frame - 239
1
899 424 16 16
frame - 240
1
897 425 16 17
frame - 241
1
897 423 17 18
frame - 242
2
897 423 17 19
641 448 24 27
frame - 243
2
897 423 18 20
642 448 23 27
frame - 244
3
899 423 17 19
963 438 12 19
642 448 24 26
frame - 245
2
899 423 17 18
812 431 17 18
frame - 246
2
898 424 18 18
643 449 23 26
frame - 247
2
902 423 18 19
644 449 22 25
frame - 248
2
901 423 18 19
642 449 25 24
frame - 249
2
902 424 18 18
275 417 15 15
frame - 250
2
903 423 19 19
645 450 23 24
frame - 251
2
902 423 19 19
647 450 21 24
frame - 252
2
903 422 19 19
56 425 29 32
frame - 253
2
903 422 19 19
648 450 22 25
frame - 254
2
903 423 19 18
648 450 23 25
frame - 255
2
903 423 18 18
649 449 23 25
frame - 256
3
903 423 19 19
649 449 23 24
850 423 15 18
frame - 257
1
903 423 19 19
frame - 258
1
903 423 18 19
frame - 259
2
904 424 18 18
848 424 16 18
frame - 260
1
904 424 18 18
frame - 261
1
905 424 19 18
frame - 262
3
26 410 34 37
907 424 19 18
651 448 23 25
frame - 263
2
906 425 18 17
26 409 33 38
frame - 264
2
841 441 19 17
907 425 19 18
frame - 265
4
93 417 29 40
841 442 19 16
907 425 18 18
963 447 11 18
frame - 266
3
89 416 33 40
847 416 18 16
907 426 18 17
frame - 267
4
89 418 33 38
24 419 31 37
805 430 18 14
907 426 17 17
frame - 268
5
89 416 34 39
806 430 17 14
907 424 18 19
807 432 18 15
24 414 30 35
frame - 269
3
87 419 36 37
847 426 16 17
907 425 19 18
frame - 270
5
87 418 31 39
801 430 16 13
907 425 17 16
987 440 11 18
653 450 21 25
frame - 271
4
87 418 31 39
801 429 16 14
906 425 17 17
966 450 10 16
frame - 272
4
86 418 35 38
906 425 17 17
966 450 10 17
801 428 17 15
frame - 273
4
907 425 18 17
87 419 32 36
967 449 10 16
803 430 15 13
frame - 274
3
909 425 18 17
967 451 9 16
805 429 15 14
frame - 275
4
76 419 31 36
969 447 10 16
909 426 18 16
808 430 15 13
frame - 276
5
810 430 15 13
969 450 9 16
76 419 31 36
910 425 18 18
813 431 16 16
frame - 277
5
77 420 27 36
810 430 15 13
911 425 17 17
969 449 9 17
811 432 16 15
frame - 278
4
911 426 18 17
809 430 16 13
75 420 26 35
969 453 10 17
frame - 279
5
911 426 19 17
75 418 25 36
808 430 16 13
970 452 9 16
268 527 13 18
frame - 280
6
910 425 18 18
809 430 15 13
971 449 8 16
912 428 17 19
811 432 17 15
994 440 10 18
frame - 281
4
911 426 18 17
841 449 21 16
660 451 23 25
815 430 14 13
frame - 282
6
911 426 16 16
970 447 10 16
660 451 24 26
77 416 24 31
813 431 15 12
858 441 19 14
frame - 283
6
910 426 17 16
970 448 11 16
431 412 16 13
814 431 15 12
914 429 16 16
841 450 21 14
frame - 284
3
911 425 16 16
661 451 23 25
814 431 14 12
frame - 285
3
912 425 17 16
816 431 14 12
661 452 23 25
frame - 286
7
814 431 15 12
910 424 17 16
4 415 15 45
969 450 11 16
466 412 15 15
860 440 18 15
812 432 17 15
frame - 287
9
3 415 16 44
663 453 23 23
815 430 16 13
913 423 17 16
970 451 11 16
916 420 15 14
860 436 17 14
818 432 17 15
474 431 18 15
frame - 288
6
913 423 16 17
1 417 16 42
814 430 16 13
912 419 15 14
663 452 23 23
970 450 11 16
frame - 289
3
909 424 17 16
665 453 23 22
1 416 15 42
frame - 290
6
912 423 17 18
1 418 16 38
861 434 18 15
472 431 17 16
665 452 22 23
817 429 14 13
frame - 291
3
913 423 17 18
0 417 15 33
467 413 15 16
frame - 292
2
0 418 13 31
913 422 17 19
frame - 293
3
823 429 18 14
0 418 13 32
911 423 17 18
frame - 294
2
819 428 17 14
1 419 13 38
frame - 295
2
824 428 18 14
1 420 12 37
frame - 296
3
824 428 19 15
1 421 11 36
910 424 17 17
frame - 297
3
826 427 17 15
1 421 9 38
909 423 16 17
frame - 298
2
919 425 20 17
911 425 17 17
frame - 299
1
912 425 16 16
frame - 300
0
frame - 301
2
81 415 25 33
971 451 11 18
frame - 302
2
39 421 20 27
465 415 15 19
frame - 303
3
921 423 20 18
41 420 24 28
81 417 25 30
frame - 304
2
921 424 20 17
38 419 29 30
frame - 305
2
831 429 17 18
828 428 18 16
frame - 306
2
927 416 17 15
845 448 20 16
frame - 307
1
995 435 11 15
frame - 308
1
31 422 28 26
frame - 309
3
831 429 18 18
924 424 18 18
975 452 10 16
frame - 310
3
994 436 11 16
831 429 19 18
997 437 11 19
frame - 311
3
821 428 18 15
830 429 18 17
997 438 11 19
frame - 312
0
frame - 313
1
818 428 18 15
frame - 314
2
830 429 19 18
823 428 18 16
frame - 315
0
frame - 316
2
994 437 11 15
675 457 24 20
frame - 317
2
993 437 12 15
822 426 19 16
frame - 318
3
927 424 19 17
824 426 19 16
993 439 12 18
frame - 319
3
820 426 19 16
995 439 12 18
983 451 12 17
frame - 320
4
823 427 19 16
982 454 11 17
830 429 19 18
676 457 24 21
frame - 321
2
823 427 19 16
983 457 12 17
frame - 322
3
983 457 12 18
825 427 18 16
1009 436 12 14
frame - 323
2
984 457 12 17
823 427 19 15
frame - 324
3
995 436 13 15
824 427 18 15
984 456 12 16
frame - 325
3
996 437 13 15
826 426 18 16
676 456 23 18
frame - 326
3
676 456 24 18
995 436 14 15
828 426 18 15
frame - 327
3
994 436 14 15
675 456 25 19
829 425 17 16
frame - 328
1
994 437 12 14
frame - 329
1
677 454 22 18
frame - 330
3
985 455 12 17
1012 438 13 14
676 455 25 17
frame - 331
2
1014 438 12 14
986 455 11 17
frame - 332
3
1015 439 12 16
675 454 25 17
987 456 11 17
frame - 333
2
1015 439 12 17
986 454 11 16
frame - 334
2
984 454 11 16
1015 437 13 15
frame - 335
2
985 454 12 16
1014 437 13 15
frame - 336
2
983 453 12 16
1015 437 13 15
frame - 337
2
985 455 11 16
1016 437 13 14
frame - 338
2
985 454 12 16
1015 437 14 15
frame - 339
2
985 456 12 16
1016 437 13 14
frame - 340
2
985 454 10 15
1017 437 12 14
frame - 341
2
985 454 11 16
1017 437 13 14
frame - 342
2
985 454 12 16
1020 436 15 14
frame - 343
2
1022 436 14 14
984 454 13 17
frame - 344
4
986 455 12 17
1022 436 14 14
858 452 20 13
547 451 25 21
frame - 345
3
988 454 11 17
1023 437 12 13
549 451 24 22
frame - 346
2
1023 436 13 14
988 453 11 17
frame - 347
2
1022 437 14 14
453 410 24 19
frame - 348
2
1022 437 14 14
990 452 12 17
frame - 349
1
1023 437 13 14
frame - 350
2
1022 437 14 14
511 427 18 15
frame - 351
2
1021 437 15 14
985 454 12 16
frame - 352
1
1021 437 15 15
frame - 353
0
frame - 354
0
frame - 355
2
992 453 11 17
1025 437 12 14
frame - 356
2
1025 437 12 14
993 452 11 17
frame - 357
0
frame - 358
0
frame - 359
1
908 424 17 16
frame - 360
0
frame - 361
0
frame - 362
1
906 425 15 15
frame - 363
1
910 424 14 16
frame - 364
1
908 424 14 16
frame - 365
0
frame - 366
2
911 423 15 17
887 416 15 17
frame - 367
0
frame - 368
1
910 425 14 16
frame - 369
2
910 424 14 16
892 417 15 16
frame - 370
1
904 423 15 17
frame - 371
2
1010 436 13 15
997 448 12 16
frame - 372
2
1010 437 13 15
879 422 16 19
frame - 373
0
frame - 374
2
998 454 12 16
1011 436 13 15
frame - 375
1
1010 436 13 15
frame - 376
1
1012 437 12 14
frame - 377
5
841 427 21 15
1011 436 13 15
841 430 21 17
1040 436 13 14
503 426 18 14
frame - 378
4
842 427 20 15
1010 436 12 15
1040 435 13 15
502 426 19 14
frame - 379
6
843 427 19 16
1011 437 13 14
1040 435 13 15
927 426 16 17
1008 439 13 17
313 423 14 15
frame - 380
3
1012 437 12 15
926 425 16 17
307 416 14 15
frame - 381
3
1039 436 15 15
1013 437 14 14
311 421 14 16
frame - 382
2
1013 436 13 15
306 416 16 15
frame - 383
2
1014 436 12 15
1039 436 14 15
frame - 384
2
305 417 16 15
310 422 14 14
frame - 385
3
1013 436 13 14
304 417 17 15
309 422 16 15
frame - 386
4
1013 436 13 14
309 422 15 15
303 417 17 16
1040 436 16 16
frame - 387
3
1040 436 16 16
303 417 17 15
1014 437 12 15
frame - 388
5
1038 439 15 17
1014 437 12 15
310 422 14 15
303 417 16 16
1042 437 15 15
frame - 389
0
frame - 390
2
304 418 16 14
1014 439 11 19
frame - 391
2
304 418 16 15
932 427 14 15
frame - 392
3
933 427 13 16
302 418 17 15
1040 442 13 18
frame - 393
1
932 426 13 16
frame - 394
0
frame - 395
1
960 432 14 17
frame - 396
1
959 432 13 16
frame - 397
0
frame - 398
1
305 415 15 15
frame - 399
2
306 415 15 15
963 432 14 17
frame - 400
1
1025 437 12 14
frame - 401
2
1018 450 9 15
304 415 15 16
frame - 402
1
962 426 14 17
frame - 403
2
962 430 14 18
1025 437 12 15
frame - 404
3
303 415 16 17
1025 437 12 14
963 431 14 17
frame - 405
1
1025 437 13 14
frame - 406
2
1023 448 12 17
1025 437 14 14
frame - 407
2
1025 448 12 17
724 470 30 32
frame - 408
4
1024 448 14 17
302 417 18 16
968 433 15 17
1026 437 15 14
frame - 409
5
1025 448 14 18
728 468 31 35
969 426 18 16
303 416 16 17
1027 437 16 14
frame - 410
3
730 468 29 34
303 416 16 17
1025 447 14 18
frame - 411
2
1026 447 14 19
967 430 18 18
frame - 412
4
732 469 29 34
1028 446 14 20
968 431 17 18
302 416 16 17
frame - 413
5
734 468 30 34
1028 447 14 19
968 430 16 18
857 434 21 14
1040 442 13 17
frame - 414
6
734 469 29 34
1027 447 14 19
860 434 18 14
968 430 17 17
1046 441 12 17
972 427 16 16
frame - 415
4
860 434 19 14
736 469 28 33
965 431 16 17
1031 437 13 14
frame - 416
2
968 431 15 17
860 434 18 14
frame - 417
2
968 431 15 17
1034 437 12 14
frame - 418
1
968 431 17 17
frame - 419
1
970 431 18 18
frame - 420
4
883 454 17 14
849 426 15 15
973 431 16 17
1038 448 14 17
frame - 421
0
frame - 422
2
849 424 15 16
743 468 31 34
frame - 423
4
849 424 15 15
976 430 16 18
851 422 14 12
1035 440 11 18
frame - 424
5
1039 446 13 20
849 424 15 15
851 421 14 13
977 427 17 16
744 469 32 34
frame - 425
2
974 430 17 18
1037 447 12 18
frame - 426
4
976 430 17 18
252 414 18 18
1038 448 12 17
749 467 32 31
frame - 427
5
253 414 17 18
1040 441 12 17
977 430 17 19
1037 447 11 17
750 467 31 31
frame - 428
5
252 414 18 18
1041 441 11 17
978 431 16 18
750 467 32 31
1037 447 12 16
frame - 429
4
1039 441 12 17
253 415 18 18
1038 447 11 17
980 431 16 18
frame - 430
4
977 431 17 18
1038 448 12 19
1041 440 12 18
253 415 18 17
frame - 431
3
1038 449 12 19
978 431 17 18
253 414 18 18
frame - 432
5
1038 448 14 20
977 431 17 18
254 415 17 17
1041 443 15 24
1047 441 13 18
frame - 433
6
1038 449 14 19
1041 437 15 15
1041 440 14 17
254 415 18 17
977 432 16 17
753 467 32 31
frame - 434
3
1040 448 15 21
254 414 17 18
1041 436 15 15
frame - 435
4
1040 449 15 21
254 414 17 18
1042 435 15 15
974 430 19 19
frame - 436
4
1040 449 16 21
253 414 18 18
1044 436 14 15
882 433 16 16
frame - 437
4
1040 449 16 20
252 413 18 19
1045 437 13 14
880 432 18 16
frame - 438
3
1037 448 14 18
759 465 32 35
253 414 18 18
frame - 439
2
1040 448 13 19
253 413 18 19
frame - 440
5
1042 450 13 19
253 413 17 19
900 425 16 16
980 431 17 18
290 415 16 17
frame - 441
2
253 414 18 18
1044 447 12 19
frame - 442
2
1047 437 13 13
253 413 18 18
frame - 443
2
1047 437 13 14
292 416 15 17
frame - 444
4
983 432 18 17
766 465 31 31
1049 437 11 14
253 414 18 18
frame - 445
4
253 413 18 18
986 431 20 17
1051 437 12 13
766 463 33 33
frame - 446
4
1049 437 13 13
986 432 19 17
253 413 18 18
293 414 15 18
frame - 447
5
1050 437 14 14
1049 440 14 17
983 432 19 17
254 413 17 18
293 414 15 17
frame - 448
3
1050 436 14 14
987 432 18 17
294 415 15 17
frame - 449
3
1047 449 15 19
1053 437 14 13
982 433 19 16
frame - 450
6
1049 450 14 20
252 412 19 18
1173 450 12 16
882 427 18 14
286 414 19 18
986 432 18 17
frame - 451
6
1046 449 14 19
252 412 18 18
1173 451 12 16
989 428 17 15
988 431 18 17
288 414 18 19
frame - 452
4
1049 450 10 17
253 412 17 18
289 414 18 18
992 428 15 15
frame - 453
6
1053 449 11 17
910 440 17 17
252 412 19 18
772 465 33 36
291 414 17 18
991 430 16 18
frame - 454
5
990 430 17 18
1052 448 13 18
772 464 33 39
251 412 20 19
289 414 18 18
frame - 455
5
1054 447 12 18
990 430 17 18
252 412 19 19
290 414 17 18
898 426 17 15
frame - 456
5
988 428 18 16
900 424 19 17
1057 447 12 18
252 412 19 19
289 414 18 18
frame - 457
5
1057 447 14 19
252 412 19 19
993 431 15 17
890 426 19 15
289 414 18 19
frame - 458
6
1056 447 15 18
252 412 19 19
991 430 17 18
289 415 17 17
988 428 17 15
892 426 18 15
frame - 459
4
1058 447 13 18
252 412 19 19
992 432 16 17
779 465 32 37
frame - 460
3
1057 447 14 18
253 412 19 19
994 432 16 17
frame - 461
5
1057 448 15 19
780 465 34 34
253 413 19 18
1004 435 16 15
994 433 16 16
frame - 462
5
1056 448 14 18
778 466 32 36
1003 436 16 15
993 434 16 15
253 413 18 19
frame - 463
3
1057 448 14 18
779 468 32 38
1005 435 15 15
frame - 464
3
1057 447 14 19
781 467 34 31
1005 435 16 16
frame - 465
2
1057 448 14 18
780 469 32 38
frame - 466
2
1056 448 15 19
781 468 35 31
frame - 467
1
1058 448 14 19
frame - 468
3
1056 449 12 18
786 470 33 38
992 432 16 16
frame - 469
2
1058 449 12 18
786 470 34 38
frame - 470
3
1057 448 13 19
787 471 34 37
964 427 17 15
frame - 471
6
1060 448 14 21
900 426 20 16
788 472 34 38
990 432 16 16
1006 434 16 16
288 416 17 17
frame - 472
4
1060 449 12 18
789 472 33 38
903 424 19 16
994 433 15 16
frame - 473
3
1060 450 14 21
983 432 16 17
897 426 20 15
frame - 474
4
1059 448 13 21
990 433 16 17
1008 435 15 16
886 428 17 14
frame - 475
5
1059 449 11 19
994 434 15 16
290 415 16 18
1008 434 15 16
896 426 15 14
frame - 476
4
996 435 15 15
1061 451 12 18
891 429 16 13
1006 434 15 15
frame - 477
2
1062 452 12 20
1008 433 15 17
frame - 478
5
1064 450 11 19
994 435 15 16
1008 433 15 16
791 479 34 36
257 416 15 17
frame - 479
1
1070 452 11 20
frame - 480
3
1070 453 13 19
792 480 35 37
1009 434 14 16
frame - 481
2
1071 452 13 20
1010 434 15 16
frame - 482
2
1071 451 14 21
1011 432 15 17
frame - 483
3
795 477 32 42
1073 452 14 20
1014 434 13 16
frame - 484
3
795 479 34 40
1071 453 14 19
1013 435 14 16
frame - 485
3
797 478 32 41
1072 452 14 20
1012 433 16 17
frame - 486
3
1072 451 15 21
796 479 33 39
1012 433 14 16
frame - 487
4
1074 452 12 22
796 478 33 40
1013 433 15 17
978 433 17 18
frame - 488
4
1072 453 12 20
796 479 33 39
1013 434 15 17
258 416 15 16
frame - 489
3
1072 453 13 21
1010 434 17 18
796 480 34 38
frame - 490
4
1073 455 12 20
796 480 36 36
1011 434 17 18
258 416 15 16
frame - 491
3
1072 455 13 20
796 482 36 35
975 431 18 19
frame - 492
4
1074 454 13 21
797 483 36 35
1013 434 15 17
975 431 16 18
frame - 493
2
1075 453 12 21
797 484 36 34
frame - 494
1
1075 454 14 21
frame - 495
3
804 484 31 37
881 431 19 18
1076 454 12 21
frame - 496
4
1074 453 13 19
1013 434 15 17
976 431 16 19
881 432 17 18
frame - 497
1
1074 453 13 19
frame - 498
2
1075 454 13 20
1012 432 16 19
frame - 499
2
1017 431 18 20
1075 454 14 20
frame - 500
3
1075 453 15 19
805 487 32 37
1014 433 15 19
frame - 501
2
1076 453 14 21
975 430 17 20
frame - 502
1
1077 453 14 20
frame - 503
4
805 486 35 37
1078 452 13 21
1017 430 18 20
977 431 18 19
frame - 504
4
1018 433 17 17
1013 433 15 18
806 487 35 36
1077 451 13 21
frame - 505
3
1018 433 17 18
1013 434 16 18
1076 451 12 20
frame - 506
3
1074 451 15 20
1013 433 16 19
1017 434 18 18
frame - 507
3
1073 451 15 18
1014 434 16 18
1140 416 21 16
frame - 508
3
1073 450 14 18
1017 434 18 18
1014 434 15 18
frame - 509
4
1076 450 14 19
1018 434 17 18
810 488 34 37
1015 434 15 18
frame - 510
5
1017 435 18 17
808 486 36 36
1077 450 14 17
1084 449 15 18
1013 434 16 18
frame - 511
4
810 485 34 39
1085 450 15 19
1020 438 18 17
1077 449 14 18
frame - 512
3
1021 438 18 18
1087 448 13 18
811 485 34 38
frame - 513
2
1088 449 13 20
1024 435 15 16
frame - 514
3
1088 449 13 20
1024 435 16 16
812 483 34 38
frame - 515
3
1088 450 13 20
1026 435 15 16
812 484 36 34
frame - 516
3
1087 449 14 18
1026 435 16 17
813 485 37 32
frame - 517
3
1088 450 14 20
1026 435 17 17
816 483 36 38
frame - 518
3
1090 449 13 18
1028 435 15 16
983 431 16 17
frame - 519
4
1088 451 14 20
1026 435 16 17
1122 451 13 17
819 482 35 38
frame - 520
2
968 433 15 16
1027 435 16 17
frame - 521
1
1027 436 17 16
frame - 522
2
822 486 36 37
1090 453 14 19
frame - 523
2
821 485 38 37
1092 451 12 17
frame - 524
4
1130 449 14 16
821 485 39 37
1090 449 14 16
1089 442 14 16
frame - 525
3
822 485 39 36
1092 448 14 18
1091 443 14 15
frame - 526
1
1093 450 13 18
frame - 527
4
825 485 38 37
1091 451 15 18
894 435 14 15
988 431 17 17
frame - 528
3
827 484 37 33
1091 451 16 19
1036 433 16 17
frame - 529
2
829 482 36 35
1089 449 16 17
frame - 530
2
1090 449 15 17
830 483 36 33
frame - 531
5
1094 454 13 18
831 483 36 33
1038 438 18 19
1098 456 16 19
944 428 16 14
frame - 532
4
1092 453 16 19
834 486 35 38
1039 438 18 18
1097 455 16 18
frame - 533
2
1094 454 14 18
836 484 35 37
frame - 534
4
836 485 38 40
1094 453 14 19
992 433 14 16
1041 439 17 18
frame - 535
4
834 485 41 40
1095 452 13 17
1042 438 16 18
991 433 15 16
frame - 536
5
836 485 39 40
1095 450 13 17
1043 439 16 18
1099 453 15 18
991 432 16 16
frame - 537
5
836 485 41 39
1045 440 16 18
1096 450 13 17
1100 454 15 18
995 432 16 16
frame - 538
5
841 485 36 40
1096 450 12 17
1100 454 15 19
994 433 16 15
1044 439 16 18
frame - 539
5
840 485 39 39
1100 454 16 18
1096 450 12 17
992 433 16 16
1045 439 16 18
frame - 540
4
843 486 36 40
1099 456 18 21
1041 438 19 21
1092 456 15 20
frame - 541
4
842 488 37 38
1100 456 17 20
1093 457 14 19
1041 438 18 21
frame - 542
4
842 490 38 33
1099 457 18 20
1093 457 14 19
1042 438 20 20
frame - 543
4
1100 458 17 19
845 489 37 36
1094 458 14 17
1043 439 19 19
frame - 544
3
1103 456 16 21
1042 439 18 20
846 490 36 34
frame - 545
2
849 488 37 39
1103 457 17 20
frame - 546
3
853 490 35 37
1101 458 18 20
1043 438 20 20
frame - 547
4
851 491 36 37
1102 458 16 19
1046 437 18 21
1096 456 12 17
frame - 548
3
854 491 36 36
1046 438 18 20
1105 457 14 17
frame - 549
7
855 491 37 38
1151 455 14 18
1103 455 16 17
1046 438 20 20
770 511 26 35
1096 454 12 16
960 450 16 16
frame - 550
4
856 492 37 38
1106 455 14 17
1148 456 12 18
962 451 16 15
frame - 551
4
857 493 40 34
1128 458 13 18
1107 459 14 17
1048 441 18 18
frame - 552
4
857 494 37 38
1108 458 15 16
1147 457 15 18
1050 441 17 18
frame - 553
3
859 493 38 33
1123 457 14 17
1108 458 14 16
frame - 554
3
859 493 39 34
1116 458 12 16
1107 458 15 17
frame - 555
3
860 493 39 34
1118 457 12 15
1108 458 15 17
frame - 556
2
864 496 36 39
1119 458 13 15
frame - 557
3
1118 459 12 16
868 497 36 35
782 511 26 36
frame - 558
3
869 498 35 36
1117 459 13 16
1115 464 14 18
frame - 559
3
870 497 35 40
1117 458 13 15
1042 445 15 18
frame - 560
3
1119 458 13 15
956 431 19 18
1046 446 13 17
frame - 561
3
1119 458 14 17
874 499 35 38
1047 445 14 17
frame - 562
2
1119 456 14 16
875 500 36 38
frame - 563
3
1117 465 17 19
1119 460 15 16
882 500 33 35
frame - 564
5
1118 457 15 16
1118 465 16 19
879 500 35 34
955 433 21 16
1059 441 15 18
frame - 565
3
880 500 38 39
1119 465 16 19
1120 459 15 17
frame - 566
3
883 502 36 38
1119 464 19 20
1122 460 17 17
frame - 567
2
1120 466 19 19
1124 461 16 16
frame - 568
2
1123 465 19 20
884 502 36 36
frame - 569
2
887 501 38 40
1123 464 19 21
frame - 570
4
892 503 33 40
1127 460 15 17
798 520 26 29
1124 463 16 20
frame - 571
4
892 502 36 41
1128 459 17 18
1126 462 18 22
1063 441 21 18
frame - 572
2
892 504 36 40
1129 459 13 17
frame - 573
3
892 504 35 40
1129 458 14 18
1131 463 15 21
frame - 574
5
1131 462 16 23
898 504 34 40
1131 460 15 19
801 521 27 29
1069 441 18 19
frame - 575
3
900 506 34 40
1127 462 19 23
1068 442 19 17
frame - 576
2
900 507 34 40
1129 462 20 23
frame - 577
5
902 506 36 44
1131 463 18 23
976 436 17 15
1066 442 21 18
1133 460 16 19
frame - 578
4
1133 466 16 20
907 505 31 43
976 436 16 15
1133 460 14 16
frame - 579
5
1131 457 15 18
975 436 16 14
1133 463 16 22
908 507 31 41
1067 447 18 19
frame - 580
6
1132 458 15 18
1132 463 17 23
909 508 31 40
977 437 15 13
1069 447 17 19
1072 443 18 17
frame - 581
5
1133 458 15 16
909 509 33 40
1133 465 18 22
978 436 17 14
1069 449 16 17
frame - 582
6
1134 457 14 17
1070 447 16 18
910 474 20 20
978 437 16 13
1134 465 16 22
1027 442 16 15
frame - 583
3
1132 458 15 16
1132 464 18 23
1072 447 15 17
frame - 584
5
1132 459 14 17
1072 448 16 17
1133 464 17 22
917 510 33 37
977 437 16 13
frame - 585
4
1133 456 13 16
1135 465 16 21
981 438 17 14
1076 449 14 17
frame - 586
2
1134 458 13 16
1137 466 14 19
frame - 587
2
1136 465 17 21
1136 460 14 17
frame - 588
3
1136 459 15 17
1138 466 17 20
983 440 19 16
frame - 589
2
1137 465 17 21
1136 459 15 17
frame - 590
4
1138 458 15 17
1141 465 18 21
976 436 20 15
1185 455 13 20
frame - 591
3
1142 464 18 22
1139 459 15 17
976 436 19 14
frame - 592
3
1141 459 16 17
931 513 34 40
1142 463 19 22
frame - 593
3
1141 459 16 17
934 518 32 36
1143 463 19 23
frame - 594
3
1145 460 16 18
1143 463 20 23
830 459 18 20
frame - 595
2
1144 463 20 24
1145 461 17 17
frame - 596
2
1144 464 20 23
1146 461 17 17
frame - 597
1
1147 465 20 22
frame - 598
3
1146 464 21 23
1148 461 17 18
947 518 30 35
frame - 599
3
1147 465 21 22
945 515 34 39
1148 461 17 17
frame - 600
3
1148 466 19 21
1088 449 14 16
1050 451 16 17
frame - 601
2
1149 465 20 22
1090 451 14 18
frame - 602
3
1090 452 15 18
1149 465 21 23
847 434 17 22
frame - 603
2
1150 468 20 24
1093 450 14 17
frame - 604
3
1093 451 14 19
1151 467 19 20
1150 462 15 15
frame - 605
2
1151 466 19 21
1147 461 16 16
frame - 606
2
1151 467 20 20
1146 462 15 15
frame - 607
1
1151 466 20 21
frame - 608
1
1153 464 18 22
frame - 609
2
1153 465 19 22
1092 451 15 18
frame - 610
3
1092 450 15 19
1097 453 18 20
1159 468 20 25
frame - 611
3
1160 471 19 23
1094 450 15 21
1098 452 17 21
frame - 612
4
1161 471 18 23
1099 450 16 20
851 438 14 18
1095 450 14 20
frame - 613
4
1161 471 19 23
850 438 16 20
1091 453 16 21
931 449 15 16
frame - 614
6
1097 452 18 21
1161 472 19 22
1044 451 17 17
1092 454 15 20
1162 469 17 18
939 451 19 17
frame - 615
4
1164 473 17 21
1164 469 16 18
1100 453 16 21
882 456 15 16
frame - 616
2
1163 471 18 22
1101 453 17 20
frame - 617
4
1101 453 17 20
1165 472 18 22
1165 469 17 18
877 452 14 16
frame - 618
5
879 454 13 16
1101 454 17 18
1165 473 18 22
1165 469 17 18
974 449 17 15
frame - 619
4
1100 458 18 17
883 459 14 16
1165 473 19 22
1165 470 18 17
frame - 620
4
1101 458 18 17
1166 473 18 21
1166 470 17 17
884 459 14 15
frame - 621
4
1166 472 19 23
1103 455 16 16
961 452 19 14
1166 469 18 18
frame - 622
5
975 450 18 16
1166 475 20 25
1102 457 15 18
986 442 17 17
1167 469 18 18
frame - 623
5
1103 457 16 17
1169 476 18 24
984 441 16 17
885 454 14 15
887 438 13 14
frame - 624
5
886 457 15 16
1103 457 15 15
1168 476 19 24
981 441 16 17
960 450 17 15
frame - 625
3
1105 458 15 16
1167 476 20 24
958 452 20 16
frame - 626
2
1104 456 16 17
883 459 15 15
frame - 627
5
885 460 16 15
1107 457 16 18
978 442 23 17
1044 449 13 13
1116 458 14 17
frame - 628
3
886 459 14 15
1117 459 14 16
971 450 20 14
frame - 629
4
888 459 14 15
1038 448 16 15
964 452 20 14
1213 476 16 19
frame - 630
4
1177 479 20 23
980 451 18 14
1040 449 15 14
887 453 12 14
frame - 631
3
1177 479 19 24
981 450 16 16
888 456 12 14
frame - 632
3
1178 479 19 23
976 451 16 15
887 455 11 13
frame - 633
3
1178 479 19 23
885 455 12 14
1116 458 19 18
frame - 634
4
1176 480 20 22
1013 533 39 39
983 452 19 14
1107 461 26 23
frame - 635
4
1012 532 42 37
1107 461 26 23
1180 481 18 19
1042 464 14 13
frame - 636
3
1180 482 19 19
1107 461 26 23
1013 533 42 39
frame - 637
5
1180 481 20 20
1014 535 41 38
979 449 21 13
1110 462 26 22
1117 459 23 19
frame - 638
4
1015 534 44 42
1181 482 19 21
1110 463 25 21
1117 459 22 19
frame - 639
3
1018 534 43 43
1181 482 19 20
1110 462 25 22
frame - 640
3
1021 535 43 44
1183 482 18 20
1119 464 19 20
frame - 641
2
1021 535 44 42
1184 481 18 21
frame - 642
4
1024 537 43 43
1119 459 22 20
976 453 20 13
1185 482 17 20
frame - 643
3
1024 538 46 44
1186 481 17 21
976 454 19 13
frame - 644
4
1023 539 47 43
979 452 18 14
1185 482 18 21
1118 464 21 20
frame - 645
4
1024 539 49 45
972 458 21 14
1121 466 19 19
1185 482 18 21
frame - 646
4
1121 465 18 20
980 451 20 13
943 478 20 14
1186 483 17 21
frame - 647
5
943 478 20 14
943 464 18 12
1197 482 16 21
978 453 21 13
941 472 20 13
frame - 648
4
978 453 21 14
1196 483 17 20
245 449 15 14
1125 466 20 19
frame - 649
3
943 479 18 14
245 449 15 14
1197 483 16 19
frame - 650
4
1040 549 44 39
982 454 19 13
1196 483 18 20
1129 466 21 19
frame - 651
4
1129 466 20 19
985 451 19 14
945 465 17 12
1197 483 19 20
frame - 652
4
979 457 19 14
1131 466 19 20
1007 458 18 12
1197 484 19 19
frame - 653
2
1132 468 20 18
1197 484 19 20
frame - 654
3
1048 545 42 45
1131 467 21 19
1196 486 21 25
frame - 655
3
1132 468 21 19
1194 487 21 24
1007 457 19 14
frame - 656
3
1132 468 21 18
1196 488 21 24
1007 458 18 13
frame - 657
3
1131 468 22 18
1197 487 21 26
979 461 16 13
frame - 658
6
1127 467 22 18
1122 463 22 15
978 460 17 13
1197 492 19 23
1002 458 19 12
1200 488 21 25
frame - 659
4
1131 469 21 18
1196 492 21 23
1200 488 22 24
250 450 19 16
frame - 660
4
1199 492 20 23
1134 470 20 17
1202 489 21 24
1132 473 21 20
frame - 661
4
1202 492 19 26
1134 471 20 16
250 452 20 16
1133 474 20 18
frame - 662
4
1205 493 20 26
251 453 18 15
1134 473 21 20
1135 471 21 17
frame - 663
4
1207 495 19 25
1137 469 20 18
862 541 49 44
1001 457 20 13
frame - 664
2
1209 494 20 23
249 453 20 15
frame - 665
3
1209 494 20 24
1137 472 23 21
249 453 21 16
frame - 666
3
1209 495 19 24
1138 473 22 21
248 453 21 17
frame - 667
2
1209 495 21 24
1138 473 26 22
frame - 668
3
1208 495 23 23
1139 473 26 21
1003 460 21 14
frame - 669
2
1209 497 21 24
1142 473 25 23
frame - 670
3
1210 497 21 22
1144 472 25 23
1082 467 20 17
frame - 671
4
1212 497 19 22
1145 473 24 22
1002 455 19 13
1081 469 20 17
frame - 672
4
1212 498 20 21
1144 473 26 22
1002 458 19 14
1081 468 21 16
frame - 673
3
1145 473 25 23
1215 498 18 21
1004 461 19 13
frame - 674
3
1216 498 19 20
1007 461 19 12
1145 474 26 21
frame - 675
3
1218 497 19 20
1148 473 23 23
681 458 16 24
frame - 676
4
1224 497 18 21
935 493 22 17
1252 488 15 17
1148 474 23 22
frame - 677
3
1227 499 18 19
937 492 23 19
663 448 16 18
frame - 678
4
1228 500 18 19
660 448 15 18
1018 463 18 12
1158 474 22 22
frame - 679
5
1018 462 20 13
1228 501 19 19
1157 473 24 22
662 449 14 16
657 449 15 17
frame - 680
3
1228 501 19 17
1158 474 22 21
657 448 14 17
frame - 681
2
1160 475 20 20
1228 499 19 17
frame - 682
2
1230 498 17 17
1162 478 21 23
frame - 683
3
1162 479 22 23
1021 464 18 11
1230 499 18 17
frame - 684
6
1164 479 22 24
666 449 16 17
1023 464 17 11
1092 465 14 12
730 455 12 14
1231 501 17 18
frame - 685
5
1164 478 22 24
1232 501 17 19
667 449 15 18
1022 465 18 11
1092 476 16 17
frame - 686
5
972 496 26 19
1166 478 22 24
1230 501 16 18
1166 387 20 18
1025 465 17 11
frame - 687
4
1136 457 15 11
1024 465 18 11
1171 478 24 25
1167 478 22 25
frame - 688
3
1172 478 23 25
965 495 24 16
667 452 16 16
frame - 689
5
1100 477 17 15
1173 478 22 25
1141 459 15 11
1251 494 15 17
1025 465 16 12
frame - 690
2
1174 481 23 22
978 459 15 11
frame - 691
2
1177 482 21 21
1140 458 17 13
frame - 692
3
1178 483 20 20
1140 459 16 13
897 461 13 11
frame - 693
4
1179 483 19 20
900 462 12 12
1151 563 48 55
1038 457 20 13
frame - 694
5
1150 565 53 57
1180 483 21 21
741 451 13 14
900 463 12 12
1038 481 21 14
frame - 695
3
1156 564 50 63
215 441 17 15
1182 484 22 21
frame - 696
3
1042 462 18 13
1158 567 51 65
215 441 17 16
frame - 697
1
1045 461 18 12
frame - 698
3
1246 519 31 47
1041 464 18 12
734 457 15 15
frame - 699
4
1042 463 17 12
1247 520 30 47
688 458 16 15
1190 487 25 25
